294617 271273 0.62273211914
43219 276175 0.657421626662
191810 12515 0.619516271092
117588 121208 0.642665497901
226612 167829 0.65934937462
33425 247112 0.627016295432
272443 134245 0.601908357582
220054 65735 0.610018624447
206961 18719 0.679234428486
119703 60876 0.677469095719
154110 171861 0.695033496656
29675 94802 0.668498090324
210808 263041 0.680383659898
24840 50839 0.697847141074
295925 47078 0.648961231762
200337 94751 0.639625415967
164061 65845 0.601815094802
146223 175907 0.685137054527
282441 161735 0.654162222774
209566 30557 0.691027489843
28556 56446 0.651277598985
28426 210189 0.644326121865
195795 248424 0.676477353128
117441 149891 0.681429742472
275279 99933 0.657885287021
93562 27651 0.6134187513
10908 104986 0.612843124351
66904 256238 0.683108406292
247248 10999 0.675332659017
270510 21319 0.67944150685
268320 286181 0.678780521155
176604 148131 0.627493334016
180862 25789 0.663520518053
134378 78780 0.61274976042
66386 267183 0.662626639684
30770 180300 0.676433477548
27013 48565 0.650097725375
209049 97128 0.657496865702
1149 55232 0.617777368614
42822 267988 0.633723115155
152933 112420 0.685449805616
195694 256278 0.605061888216
61994 102946 0.62426831558
280571 63716 0.660615712056
191936 19741 0.645559803355
228829 17056 0.654836867892
223232 227484 0.608716570391
97762 36430 0.677614555784
182482 148292 0.623723745238
206286 44588 0.674374324945
97103 44297 0.685990815776
200468 25775 0.623918487831
18739 87883 0.699294457245
194572 162353 0.632600935522
48878 2742 0.637141806229
123754 274524 0.607342184217
191009 89385 0.66851252382
253175 11629 0.674314646495
60783 169932 0.655341007908
272930 7047 0.677072668729
193380 29514 0.668346007852
29270 204253 0.669689618984
268360 319399 0.674330312649
22541 165880 0.610032708764
219339 199038 0.610399022526
247049 168726 0.695390960633
22326 243621 0.65236172519
58461 95477 0.646789224585
167742 56142 0.631557107216
140007 320480 0.640479347817
20156 244735 0.659689153073
286403 100984 0.692276620551
227124 66136 0.628238556274
90813 9233 0.64913572502
15537 253328 0.645918181113
283560 298983 0.688936394938
2335 161296 0.608478188506
203167 10392 0.695067248358
17255 936 0.667151267969
31296 239342 0.67449987904
17624 261084 0.607476724082
59501 224525 0.662923786054
151998 140608 0.623104119759
288644 88776 0.608060491909
35681 56858 0.643349689163
48190 198945 0.639926869062
194901 293601 0.655466332461
315520 140468 0.612815776897
17400 255643 0.692844725725
78048 317176 0.696078218964
103043 95000 0.627086930296
68224 178257 0.608803333987
230567 164695 0.624253256772
169298 71171 0.609883899634
89442 195637 0.632916443987
183800 188406 0.63346658381
61867 211058 0.634236609739
157333 108945 0.662557651517
197854 58780 0.645029115168
202362 36964 0.637087554714
237814 165697 0.678996008332
33147 251603 0.667080229571
216362 24640 0.623963116148
93849 251040 0.60922504859
177128 60233 0.64999523679
5386 270758 0.692132942118
47733 203871 0.674262472904
6400 205630 0.644139097251
228227 66613 0.645652870209
276502 3534 0.682539379369
89917 102029 0.643654484364
72939 17499 0.675770554167
32371 179402 0.69828222488
7754 101535 0.65204582528
237638 64554 0.679039936197
92070 19088 0.691964479487
165612 18494 0.651297161334
95597 22160 0.653150261658
277059 299859 0.625326656869
30518 195691 0.651898250395
213306 190726 0.666019964256
190953 1885 0.604765452582
131849 171438 0.661618902835
26558 60193 0.693177481325
39943 41001 0.635355741249
57359 38830 0.615003020235
100962 56497 0.647235308603
271616 26444 0.685362920647
222811 202029 0.626064969004
258745 13011 0.67651240712
4859 68681 0.675853863874
201807 60681 0.6830162187
1730 269170 0.653630128103
89858 19678 0.601423565581
120888 312926 0.674114458194
241669 169404 0.682303607702
162159 41628 0.611056038796
264640 217586 0.615538014337
188879 38823 0.668228498137
50846 293675 0.6845285056
63975 27028 0.638876523098
239986 37265 0.684166723494
201679 233951 0.651207274372
280012 13857 0.648144371195
30864 70019 0.628408199224
221065 67381 0.687929334875
18811 180015 0.668051686328
223540 64909 0.611801435514
39985 76141 0.688735860944
264158 32018 0.684413682179
45591 202816 0.620287683339
49329 242043 0.602802962205
15377 213551 0.685043746988
204779 45550 0.686437838152
9637 250078 0.641936440819
7248 205925 0.656083409339
34508 89515 0.683197797855
29777 64857 0.614060788356
250949 19881 0.637896429562
232399 17338 0.603923198534
238741 205381 0.6229749008
43864 104609 0.643468925805
167890 101862 0.658102121672
168032 210255 0.635543991849
313652 153324 0.654335089325
6615 38415 0.684200386516
204566 91023 0.612110046387
299826 60993 0.696856776553
237474 163515 0.677553803823
136577 184375 0.614169032262
200836 260919 0.671864179633
96887 55604 0.66054391865
203071 13554 0.694123798236
55933 165415 0.670429027186
217613 164148 0.639664468017
92142 270174 0.692956199381
39521 163699 0.623430844976
593 53056 0.68158593325
6533 77214 0.606345262578
312635 148729 0.645005646914
18973 104337 0.682727606677
243946 216151 0.615994917271
237986 196467 0.654503398217
35753 269554 0.603743249379
35638 225499 0.630047855407
9474 202219 0.651536293486
76285 20424 0.613707311415
197077 3418 0.650802534627
32662 69064 0.69051452681
184151 320359 0.649874875674
32688 46681 0.618868186307
22800 279266 0.656904672237
6197 248337 0.629587151614
319371 101506 0.630092306683
252731 16586 0.698877861024
205668 164433 0.651434518106
174611 30972 0.655155652185
302514 82109 0.667685558806
38348 46090 0.623104906233
44604 45242 0.658912496499
152480 156495 0.639680181212
206610 3351 0.679631628745
300814 90601 0.671204395144
20740 5443 0.691636386865
65449 94084 0.626552816265
195450 26046 0.603438594883
37263 231352 0.620148246865
319844 114790 0.626024858731
64464 226802 0.691425108191
24855 163964 0.669690392716
196198 257775 0.655494716841
296372 163541 0.695328202232
166546 222611 0.663846982913
94914 299902 0.679375400248
31922 49659 0.678337610779
276676 296411 0.629612511346
168640 56943 0.612313460505
202317 246469 0.627821411116
277048 51463 0.699697891237
216073 31121 0.678880075747
226893 64570 0.659399005165
159977 24944 0.646717319954
35044 60995 0.635745796728
47584 98253 0.610945022183
171807 60922 0.616570231747
101867 302929 0.621946417686
35175 260053 0.696225642221
92379 270398 0.676535230691
11905 237105 0.692569070164
1744 210746 0.636814218557
32436 208784 0.652590810031
297360 57172 0.630016849116
76183 105079 0.676528727061
11178 246363 0.677684585943
180302 131921 0.684837878674
13165 105628 0.6568765833
205731 14997 0.643895722277
33787 212890 0.653005289302
89302 202045 0.682736015801
4301 254502 0.630844368568
88933 290592 0.68488616456
312 50578 0.65069890314
209055 236467 0.661192118446
148752 148630 0.627788264146
199460 220231 0.66004169828
120715 135917 0.689671133792
105428 80524 0.685601150855
21395 222369 0.637976474159
203909 11039 0.653328156568
4484 218527 0.661362122749
191272 14641 0.622928725121
21331 220650 0.658461286195
16765 202925 0.60602563803
132997 145823 0.626363441419
27877 46868 0.694537738438
26595 185059 0.616822041644
32167 224688 0.675881846058
252510 225860 0.659974376154
198837 13924 0.695511657464
198935 52124 0.636341723843
261168 204822 0.649386493807
317294 117067 0.687382521237
87580 63813 0.648759478044
12386 62671 0.613191581514
34390 196608 0.638637448934
22350 271581 0.694447548725
267153 292933 0.619100996349
66183 220142 0.62713347832
211751 169382 0.694629862433
71929 200783 0.646870600859
276295 292807 0.605168392635
94837 280450 0.651452190947
25149 160547 0.606376831314
2226 4722 0.683783282884
265483 222411 0.644263920116
40562 315662 0.651002719153
183799 134648 0.654942635167
37265 232129 0.684937676595
250683 30687 0.638183638281
86163 41732 0.633573323124
299947 83745 0.604363018716
87921 163769 0.695230654665
243942 27074 0.660946943478
277841 156980 0.601494560219
102801 87430 0.641879593803
158895 179832 0.674233580787
41315 15013 0.69906859157
233303 56322 0.639328055878
70812 179388 0.634114991881
244056 19296 0.685373259428
571 220895 0.644462433289
56626 204408 0.63780338061
44714 75182 0.646605909519
7779 221329 0.619611770339
146127 174305 0.672897975884
39081 2979 0.665628831136
163071 50382 0.670321842634
167973 19654 0.640610320148
160251 271409 0.67653462411
256677 28975 0.651326146034
41427 66189 0.652394882132
144393 183943 0.618266958626
259416 17317 0.673488776231
102268 61377 0.634999442247
241564 66191 0.6508432778
47884 35651 0.696006597291
231879 11418 0.679551770357
66019 247754 0.639801994189
157545 41158 0.656857951319
63492 172415 0.629718568954
210731 161642 0.608953568489
197368 232535 0.658626598252
232625 34894 0.601540444819
3101 19974 0.688282648433
181401 187853 0.673507857442
296441 276359 0.60339561176
151099 126286 0.656183134784
233120 4022 0.654654562908
215161 225469 0.694751679386
43381 176727 0.64432837551
266105 224374 0.667344284465
163779 18596 0.699461911454
166905 254541 0.692839535355
56379 95959 0.632552903765
208432 190488 0.668998939193
200152 97335 0.659393386467
185054 155929 0.601814730583
65127 48 0.645913465436
223609 73744 0.674090703685
25206 224040 0.666319857881
260933 168738 0.602267855937
245522 210077 0.610103795391
31061 421 0.654844548157
210467 49334 0.664656449564
162670 200820 0.638272430994
52173 295085 0.678897907781
299266 95367 0.611648827485
191265 238866 0.697009349187
199873 66782 0.666144674595
270010 28833 0.605391332191
237282 11920 0.604689737156
157798 316794 0.63812425021
20575 189321 0.638095525755
168637 21194 0.613833452414
103003 90607 0.626709174329
90791 210117 0.631479910382
10413 201353 0.606184193937
18190 209448 0.675778175747
53149 32174 0.648281694708
68325 225017 0.638521027551
273524 145129 0.654556617971
185538 21256 0.645722168021
216287 30001 0.67004897377
268978 89105 0.627172358789
72040 202314 0.666402947885
260302 201612 0.659351757973
129944 177747 0.695412661423
11850 91891 0.611432762197
255441 22663 0.637149257456
235931 7201 0.679368120724
45806 296378 0.657301205821
65680 199124 0.66838208496
277868 132026 0.666289818046
103896 50766 0.653057002788
60606 96508 0.659373540967
275980 16402 0.60796199733
24954 231518 0.652707310693
188072 120088 0.679882953639
20063 274760 0.685769300182
156245 145775 0.64653823747
209369 64291 0.634381792794
245795 6341 0.69233920737
300550 87101 0.675985561969
53329 52198 0.601544884171
197339 218445 0.660219410608
186685 99217 0.628173683151
263805 19487 0.622670839281
232597 206687 0.696517934848
220974 53140 0.677919511038
220779 169267 0.672482432726
166810 228370 0.692959598278
201900 11632 0.699316065403
198243 33978 0.604879716375
269114 86394 0.628716073627
278924 62904 0.677681995803
160266 52454 0.60115693217
44339 279660 0.688015413276
220517 170772 0.694548796106
104188 66214 0.614137006272
180755 151636 0.657560691716
26728 48418 0.609459228818
166696 227760 0.600542138011
53117 27457 0.653051511405
270497 299555 0.633668662281
20098 245850 0.622514391047
93283 305222 0.629122033814
17952 247987 0.642131635188
200691 42356 0.641190502826
180786 318385 0.662025940563
201958 55974 0.605404085938
89912 11066 0.666336498
76335 255749 0.604967817014
222184 59572 0.662035774422
15402 230954 0.653208461544
218735 161509 0.625159657871
233742 67010 0.683873860495
16493 182350 0.629791393787
1119 96967 0.687545160039
167561 21166 0.66534263087
104238 277061 0.618716228512
38368 226877 0.65889766104
160273 255293 0.627681799279
36456 161779 0.65126284925
50519 29111 0.671339961322
100385 293075 0.652136919538
34423 206793 0.689257191545
62664 22393 0.672018347082
191619 222431 0.643400624407
110087 147276 0.677432454228
161923 22452 0.679725352908
175305 73999 0.638155301242
318419 108093 0.632759407386
197553 26185 0.607475564684
42423 273935 0.673885198247
67366 280862 0.638574746399
185092 224503 0.695116639654
199229 270880 0.602179352987
65140 243217 0.641664548245
296671 3142 0.675415241721
75534 280173 0.682306973831
196641 46339 0.695428546712
38751 247161 0.655976182435
133009 172555 0.667044171595
80185 300911 0.64702160976
728 230588 0.678932371953
205936 232052 0.639699625043
67962 102665 0.687581493245
30836 45687 0.656695278302
203304 47935 0.654210262554
6269 240876 0.615189109805
198815 230755 0.687839418537
302055 84227 0.646354066327
13314 197956 0.601193207773
64675 297127 0.697843107849
310136 186511 0.61445986384
246812 195895 0.62500143865
56851 28894 0.607093097245
144769 120633 0.622685859835
41442 39445 0.684252177238
37164 235437 0.64553663556
145389 118101 0.663432849531
46952 197439 0.605805818016
212581 65525 0.604312646673
227068 24129 0.651742516867
32922 41846 0.674876571071
154461 187602 0.679447131511
8091 273314 0.661377672639
198594 258198 0.601348910081
281624 86019 0.627133955113
251500 49651 0.685730088452
251747 45482 0.637684833969
215019 207980 0.647258012429
275041 296993 0.61506499171
204405 32372 0.690526525442
149893 181330 0.644821942295
63841 219753 0.695837639475
320390 106618 0.667244730674
226846 71730 0.699712005976
184524 185016 0.675906247503
29865 225915 0.654298255704
190790 21525 0.616642481746
188345 74842 0.617186974159
204685 23719 0.659520364398
233046 261191 0.622674800889
216150 22766 0.663004005471
112258 146149 0.616687760824
61015 93660 0.653286515892
224116 167967 0.667631338963
133560 172237 0.675557542878
16708 269166 0.676525340016
239744 262750 0.639444371592
270317 88316 0.650238140741
245368 160686 0.656845796513
65260 164251 0.690942105829
272566 160719 0.642130539309
49752 72830 0.673222052895
297528 281231 0.639398665468
209854 26273 0.678320553211
300027 3075 0.660439383462
99855 281453 0.678028030782
199382 30123 0.684190535085
254897 6952 0.666954521902
239811 19120 0.64848702822
79000 184591 0.651571958353
215643 2214 0.626719001044
272848 36368 0.679335245189
39249 293337 0.649988499984
271095 35811 0.66515485987
248605 37463 0.671853439227
169301 212376 0.694241908068
188059 69735 0.653020490631
246581 77019 0.627649720576
8341 244945 0.643907501102
225723 263740 0.641074544636
233024 198697 0.67594194378
65146 234056 0.603750063246
87096 191786 0.60982319318
237265 204313 0.670501941204
288244 95665 0.608670514648
105620 163737 0.614112769754
75790 16897 0.665481622104
238736 39232 0.614675631825
13025 70894 0.62416079568
550 13195 0.640372798958
45067 161127 0.698021341187
89951 8579 0.605204789663
105199 277376 0.691994265781
68928 28061 0.612182920085
231140 20025 0.672479337488
13926 193501 0.635206208354
173478 308146 0.689398402402
179196 256091 0.666003851246
96118 205688 0.650465655606
5110 44528 0.695953364163
162529 66612 0.663797722125
201481 257852 0.660306721193
91192 12428 0.619503458463
26502 240669 0.684126177816
40480 80778 0.629811555538
230911 33012 0.673583421958
3976 255883 0.609113574102
7555 209547 0.655092093076
180567 154566 0.690850644595
162982 190616 0.648429094042
161475 245044 0.660279350985
157071 317047 0.613799076657
167083 42494 0.645996648775
82376 304355 0.67064351017
36465 218786 0.623807027359
17083 231419 0.659954201194
25100 222277 0.618389541335
132423 157171 0.601552908037
232188 8337 0.634048339797
216795 57628 0.633522066452
197483 9414 0.664811734331
68498 166833 0.642225144108
204736 46649 0.675401473494
283701 85948 0.611736385265
321156 157191 0.67961761194
317102 140302 0.605953913061
280356 134391 0.600842521291
86835 91388 0.693547070167
46696 304960 0.62083811014
23377 178822 0.685869104103
149803 172543 0.604375668723
245943 18521 0.696254841963
235092 26740 0.681671653139
276836 100030 0.610989081415
74509 199960 0.666807835151
121632 170043 0.603467521391
119312 137055 0.616552060081
166118 26652 0.606637703758
37985 75433 0.697196470678
28314 59993 0.617581874039
96226 13740 0.641652157471
193886 94351 0.693678214452
66518 198502 0.655859920663
295980 44246 0.621702552525
3829 190965 0.619394167532
208000 48894 0.645145454944
98578 200734 0.650726840586
95718 41382 0.63620648819
260065 215829 0.640657630539
250595 28398 0.620477505442
251556 15666 0.657611168757
77354 254013 0.606294477361
292420 160622 0.688418186883
140664 181390 0.611685041391
254679 222337 0.664391333355
275885 294489 0.674525430521
31142 202947 0.642368150439
13189 64090 0.668500243749
147109 184524 0.685998374252
52036 195638 0.609036111136
121888 119860 0.685840917249
252298 263077 0.663287940454
18821 220533 0.663434791478
26240 208239 0.637090569678
3719 75356 0.64686737738
104380 293937 0.647735780709
215980 20952 0.640115762388
129068 115815 0.663816814552
270117 302666 0.600195858429
165742 220784 0.686648186501
73058 243308 0.682443998656
95786 304971 0.693276380599
18786 217709 0.641484674996
17092 61793 0.676564214213
12513 96056 0.61596451956
2985 292759 0.68456691847
17061 240185 0.636159485169
51027 210539 0.623024980109
102071 316664 0.611936980231
234507 190855 0.691458158524
161091 71568 0.69070898151
220284 73780 0.654817326012
59172 167424 0.698510153586
2805 93213 0.645259316005
202193 236495 0.681569559194
286973 100342 0.687038457543
198164 14534 0.60523883911
188850 54981 0.679765956371
146314 171716 0.621452851041
29519 59343 0.690991072802
68852 273032 0.696368866918
102872 71619 0.602524541089
87476 6064 0.656726701205
143747 78828 0.607774287818
68447 27233 0.655918250526
159497 109428 0.6828910348
126810 280792 0.682135236229
37245 260305 0.668789218087
251869 166297 0.648381142725
872 223100 0.617345483648
295214 102610 0.691987267679
217532 244996 0.610526180036
4909 273703 0.680238936155
176107 59231 0.649733303802
8075 39849 0.620225780514
203799 211226 0.654932755468
192047 234510 0.691972127243
19736 69302 0.679531281987
57055 169227 0.682549449063
71165 166637 0.600350346276
14688 254810 0.614609671955
262674 240296 0.610098821869
211426 64987 0.608898320714
105184 278476 0.633345595007
77049 195351 0.60364440396
14375 87666 0.654787705008
69650 146096 0.652982877152
26554 271054 0.611732378971
207334 44999 0.638889372644
23514 214888 0.610884984581
256799 265406 0.623602514033
53419 203840 0.670784288456
246365 67509 0.661899544133
279319 41281 0.665149243758
34109 201980 0.606852150902
12579 241067 0.675518004835
89073 49058 0.66352503116
101162 288066 0.65016697372
199995 61736 0.611479078699
188779 73891 0.628760471449
35203 259696 0.669527407192
64633 203357 0.656299737116
178760 311680 0.633805296297
160488 242785 0.693327943846
232152 216695 0.649370396499
55864 207140 0.611773944456
155950 182638 0.623788930133
204340 266686 0.603571369787
72363 32603 0.60609397396
164790 97806 0.611299227556
90794 5674 0.612957246995
32898 211670 0.612611445315
221959 194204 0.673427121307
126748 116798 0.681194570703
271620 14334 0.66276325967
6666 94449 0.609348581482
199776 30152 0.624211253792
178694 222291 0.685307687335
49895 221906 0.610355440678
15694 259521 0.680012973069
321206 108983 0.675826778323
213035 76348 0.676843458824
6129 207578 0.605443002013
275467 317816 0.61088353247
215356 208782 0.669096690909
193844 722 0.603939864959
25888 74072 0.60483382367
45557 104325 0.640215521895
11887 2069 0.602909149728
172147 151689 0.673045543878
196035 243176 0.696951421466
32755 51582 0.679535575624
144510 41601 0.638585524628
24668 159992 0.640406705505
171903 158334 0.618224865419
96070 54565 0.61975684453
60995 220196 0.600203268829
205269 279448 0.61254166416
279450 71513 0.620118697894
91003 285738 0.684491920725
38612 73724 0.668055106441
111936 125024 0.698102839364
8406 274988 0.66230367867
6843 76563 0.652572652464
32084 164897 0.699371443254
119167 151052 0.615483447347
294909 86398 0.626228944976
273847 54763 0.606769070139
60116 245390 0.678132389687
179377 308938 0.606718211049
268801 69011 0.670824340542
162569 2509 0.696515334337
73291 166088 0.63261906217
272937 305916 0.676632117034
33775 258917 0.671541007011
20766 236204 0.636261123882
54498 25154 0.6016297647
13049 232375 0.649375549852
190558 13523 0.626295270867
287801 98852 0.628765687671
229299 164752 0.612780800783
4712 297512 0.645880930199
94071 36514 0.669696436943
17623 259170 0.607769264246
186606 69593 0.637169034142
98401 304472 0.699082584385
67361 96645 0.639883421468
218742 189834 0.610268429646
53675 91345 0.614706376154
39163 7718 0.624750181837
317595 172431 0.692886123934
279980 19375 0.610880186647
18965 242648 0.645658079792
51180 277023 0.6110768712
193694 166082 0.690128596971
314463 144409 0.689627446053
242504 65696 0.634407271331
223863 251476 0.6009211242
175149 317543 0.650307894069
23933 61980 0.692226532479
51007 268097 0.653663710516
228853 54841 0.652946385962
62303 33221 0.606088271625
193865 5026 0.679232376466
50771 119372 0.675636081188
182021 69886 0.686025834386
52861 275478 0.607272737956
54747 27467 0.665697583101
148367 317236 0.685816946105
271599 296518 0.631908937916
271153 319476 0.692073117189
8894 88610 0.669866874055
22190 241437 0.646692459174
200088 58698 0.644231242276
210651 33786 0.699241689344
278378 149678 0.689522830184
18526 279729 0.684854366584
165604 234256 0.68601000748
190792 1925 0.623110180742
39501 250434 0.620460477202
189587 120227 0.642877790168
292349 280480 0.647352004732
91719 299800 0.635976778868
5032 207691 0.648524862435
7152 226949 0.676299658538
260399 196038 0.623421467107
195261 67165 0.61123364629
43479 18332 0.66947461523
10116 295713 0.633375804077
25718 182016 0.61813867172
169121 44222 0.64501945145
230028 66514 0.634799184232
165561 27506 0.667933881706
235493 20147 0.679859262646
104620 97804 0.60298940918
238868 9770 0.671990354751
207061 218790 0.60736936274
237737 2240 0.666896815647
4825 252925 0.685735809862
159484 159574 0.694713893324
263707 224742 0.649176641535
258635 21897 0.685448371897
211696 21065 0.697308963448
190183 93437 0.642991251373
69287 30265 0.624298543308
167556 221680 0.660568158837
14283 271073 0.676556803879
179040 16719 0.660695947391
51593 164702 0.684141992223
225604 21781 0.620613870386
193569 222008 0.61294819166
33429 97489 0.636339488032
71693 102333 0.666068701373
1811 247275 0.658851160699
86965 2846 0.645590588159
71560 168611 0.620322112072
175817 57407 0.612764686152
134354 111643 0.683780881736
127282 175626 0.687778603725
61323 162486 0.684666292632
22440 166318 0.609505783081
270939 280272 0.69367666112
59499 90877 0.664860100336
26633 263823 0.677753725674
32456 238525 0.673594791167
168056 230610 0.695930418519
260460 5417 0.611989916185
318861 151745 0.643461072477
196270 91073 0.689209992873
242035 67104 0.608626702294
74780 11104 0.694347116808
262563 214762 0.690979767731
75080 163824 0.600032548004
118302 150984 0.643636624477
199694 270448 0.650219252828
12929 95283 0.643597974714
62923 278383 0.615046483291
160557 65199 0.648377437932
279615 40249 0.665126543163
270237 316727 0.638355113332
4350 87524 0.692415426899
50322 199386 0.639825835859
139087 312534 0.63036630215
201776 29767 0.623531542686
155835 314368 0.689684110321
305545 303211 0.608892315143
27497 74993 0.658342821269
195475 33741 0.620928236877
230692 162823 0.643623014557
5061 250481 0.659822020516
64221 279697 0.67430473353
267402 278306 0.618180827519
32679 43580 0.652235698951
273575 9301 0.699642778756
88129 283478 0.668853744736
229882 50213 0.685436184366
263216 252148 0.626300129913
21098 192819 0.686400713377
165409 31485 0.665609076085
200103 46180 0.655136929208
218253 20494 0.672702898438
280363 313426 0.693211896059
220816 6958 0.627601147
155190 75092 0.606965267159
40229 217374 0.644551028782
14318 1529 0.6667938788
230802 9790 0.627684589654
72872 199719 0.625413860171
178812 54440 0.654113336204
250400 1894 0.603490444725
137489 120292 0.621862218071
190763 265043 0.60155553961
203541 238627 0.642835899838
176163 76939 0.63959057629
32846 4976 0.667424063898
24869 44266 0.64516154014
199165 90114 0.68581313553
273608 41743 0.658820032587
78790 147646 0.669397214019
55937 202545 0.667780414103
36322 98658 0.633562486185
173274 32295 0.675649597741
13205 73860 0.690736291943
204162 265589 0.661160085692
205544 232490 0.677832659225
260201 66259 0.605756546786
36112 247459 0.684417780464
384 41942 0.619387675511
277941 143267 0.642270802191
111660 180278 0.67178277928
74696 268820 0.616375414731
227696 21605 0.613597160584
220319 169293 0.604607915171
120382 140751 0.671144713175
49285 20034 0.669092058939
197165 259650 0.631942643565
167533 38320 0.604120304603
49312 36879 0.618794892945
208249 31556 0.686187288241
55508 250042 0.626070671673
102771 161261 0.648473788574
71642 187174 0.694847090958
203458 248446 0.69976622642
301435 43333 0.67275011196
245964 165499 0.627285541146
162855 256186 0.632790169014
162990 59001 0.648441067249
164287 105728 0.607328664555
206515 224914 0.660526886929
308463 32541 0.626786568544
26316 215034 0.633674800853
320548 112237 0.638431129289
18619 229405 0.604617682686
131237 151021 0.619307013073
271229 316773 0.623810730045
64589 89679 0.666994600959
83881 286662 0.653146298452
198180 244948 0.667596373225
199153 51422 0.678111132977
144191 186275 0.668001019211
38056 76759 0.691929325312
22957 63268 0.684460947079
201822 219526 0.606598987182
243631 16831 0.60411556904
51905 35788 0.649855427463
77840 120037 0.681390995056
5027 29255 0.681545534657
31787 54387 0.667525287636
300459 95177 0.623733442163
39084 306934 0.66592264811
280310 50919 0.648011986876
24162 41027 0.650805660746
34933 240828 0.610771668153
27655 217871 0.687158283543
96849 296299 0.676779481519
223702 261376 0.646631231798
101055 275318 0.644228000968
176674 123903 0.694942794519
98196 200178 0.68804115258
296787 42592 0.632998055031
33713 248378 0.639563120062
25853 69712 0.678839126532
230618 201078 0.620579401067
26488 166773 0.622576828686
42869 292658 0.65535203084
39257 100971 0.651743415708
248183 36126 0.64281062477
144002 149159 0.695914807
180084 183702 0.638181739559
161641 43860 0.613250014441
213490 3699 0.688446503561
221513 209637 0.661569194815
24455 192288 0.698527624701
318258 274170 0.696444560138
278266 103594 0.670758679603
20626 247812 0.688313793993
286491 96231 0.611469929193
285746 89163 0.670661498651
48021 103551 0.638258618855
200053 19419 0.637001154553
38994 225288 0.627006694852
271589 5972 0.678648573818
316491 149427 0.680628649559
182265 21029 0.699570832013
63926 27519 0.677273833722
192223 189949 0.612882335489
35376 210518 0.68930597024
23666 260426 0.674844991707
231493 11089 0.671343903762
241713 216104 0.644520683015
5501 240905 0.689193745681
119074 145183 0.6083592597
192810 15105 0.607261714083
150838 320790 0.604616523065
56920 198733 0.654014959729
19844 214636 0.644141988055
39889 103531 0.685954063695
20886 44698 0.691002667617
76611 38244 0.606921578283
65410 188077 0.657472035162
73797 177763 0.605211921273
24356 169206 0.653339428482
216291 250419 0.65330032587
151127 174823 0.639381299886
70005 183764 0.676949504098
93497 292332 0.689122779569
52647 190850 0.67737278318
42814 13839 0.618401376733
12874 218662 0.611324874865
114060 143687 0.628443666951
46777 33900 0.697079368818
95148 57189 0.674522788302
274538 123472 0.612215379451
93084 15817 0.638452956126
34914 179372 0.641125257745
60196 230545 0.695072320417
242627 209368 0.666439820873
206145 11554 0.689135948945
296198 3779 0.621241854176
175008 18080 0.696002923474
103414 162225 0.666682819313
175461 38086 0.678199411606
41847 35085 0.666681713511
6855 220589 0.61173429502
8249 101628 0.661396371036
16601 253859 0.681509334133
155134 189504 0.630953607218
157918 273621 0.681078825782
17359 208321 0.626470484874
312345 307159 0.602367934948
42060 51270 0.601590322466
1179 61640 0.653494059126
204883 32281 0.662948662119
19517 220576 0.642042706127
44030 35911 0.665775455351
240728 202981 0.6727161721
87552 16924 0.638181865513
161327 49712 0.624183713855
301529 268722 0.605721583844
128863 77444 0.626354003991
95595 102216 0.607020802495
55829 603 0.648820535467
157493 277366 0.626411255269
205690 250356 0.608521833353
242188 98539 0.615825591487
107457 122636 0.633347755746
