294617 271273 0.567515192445
43219 276175 0.532014864574
191810 12515 0.503858790577
117588 121208 0.539890345178
226612 167829 0.515289941691
33425 247112 0.594467659132
272443 134245 0.57556831039
220054 65735 0.522373585314
206961 18719 0.507049744108
119703 60876 0.548645892356
154110 171861 0.523590396787
29675 94802 0.522256297072
210808 263041 0.517273538262
24840 50839 0.558762374419
295925 47078 0.56078245559
200337 94751 0.568116329475
164061 65845 0.501205903599
146223 175907 0.581535350659
282441 161735 0.525354029679
209566 30557 0.503129617207
28556 56446 0.509736203676
28426 210189 0.559608142588
195795 248424 0.522736944765
117441 149891 0.506232991264
275279 99933 0.529770690638
93562 27651 0.56707525021
10908 104986 0.575843177305
66904 256238 0.587291973445
247248 10999 0.599995512966
270510 21319 0.526633449909
268320 286181 0.521696759982
176604 148131 0.569253969457
180862 25789 0.546613957052
134378 78780 0.530145627027
66386 267183 0.582147485947
30770 180300 0.533546504673
27013 48565 0.57944147582
209049 97128 0.540855505459
1149 55232 0.574780197494
42822 267988 0.589088696703
152933 112420 0.505133558867
195694 256278 0.52582037159
61994 102946 0.511706534011
280571 63716 0.546168520501
191936 19741 0.54670950451
228829 17056 0.564981052184
223232 227484 0.562785108542
97762 36430 0.557047476181
182482 148292 0.543430384601
206286 44588 0.52324929552
97103 44297 0.581712882116
200468 25775 0.590487751541
18739 87883 0.598659829219
194572 162353 0.598953626876
48878 2742 0.512555925975
123754 274524 0.502439080545
191009 89385 0.54405416129
253175 11629 0.565177455105
60783 169932 0.524412495353
272930 7047 0.560929667763
193380 29514 0.53365317465
29270 204253 0.547437578561
268360 319399 0.559915273748
22541 165880 0.503914311276
219339 199038 0.590074863544
247049 168726 0.513442477066
22326 243621 0.539051889701
58461 95477 0.546334476233
167742 56142 0.54804068266
140007 320480 0.571089835371
20156 244735 0.549371518602
286403 100984 0.557508975563
227124 66136 0.533686413345
90813 9233 0.564998551337
15537 253328 0.573667526425
283560 298983 0.53407691059
2335 161296 0.54365631579
203167 10392 0.542805655789
17255 936 0.579091075699
31296 239342 0.576496815424
17624 261084 0.504126066215
59501 224525 0.548111262976
151998 140608 0.588039027399
288644 88776 0.510770973177
35681 56858 0.581981916511
48190 198945 0.569853146969
194901 293601 0.591313130193
315520 140468 0.515968521782
17400 255643 0.549879534189
78048 317176 0.548437452042
103043 95000 0.583312560005
68224 178257 0.590866320571
230567 164695 0.584050809417
169298 71171 0.544554535696
89442 195637 0.509536285634
183800 188406 0.576974703853
61867 211058 0.528518069705
157333 108945 0.548394979518
197854 58780 0.567079452406
202362 36964 0.572526358447
237814 165697 0.560891515553
33147 251603 0.552948152662
216362 24640 0.578087656775
93849 251040 0.507519800755
177128 60233 0.561376867886
5386 270758 0.541003359156
47733 203871 0.516920355997
6400 205630 0.572466214116
228227 66613 0.505864729395
276502 3534 0.525474431849
89917 102029 0.547151260538
72939 17499 0.528332283849
32371 179402 0.547152185009
7754 101535 0.502562729683
237638 64554 0.54846354834
92070 19088 0.591513991522
165612 18494 0.5683903398
95597 22160 0.571822990315
277059 299859 0.584388387778
30518 195691 0.577747017122
213306 190726 0.502994436683
190953 1885 0.523296225003
131849 171438 0.570001915807
26558 60193 0.514005016696
39943 41001 0.562006328271
57359 38830 0.54862246635
100962 56497 0.562744458603
271616 26444 0.551113165192
222811 202029 0.566560526698
258745 13011 0.509290896202
4859 68681 0.570121485919
201807 60681 0.521044834869
1730 269170 0.502107217198
89858 19678 0.518339859432
120888 312926 0.559984654954
241669 169404 0.597122884227
162159 41628 0.500185846575
264640 217586 0.562057411661
188879 38823 0.578486080602
50846 293675 0.566327255624
63975 27028 0.547191913096
239986 37265 0.560592264856
201679 233951 0.581748989936
280012 13857 0.515584737109
30864 70019 0.565293806362
221065 67381 0.572356313293
18811 180015 0.526379562877
223540 64909 0.517090070845
39985 76141 0.542903692685
264158 32018 0.582171385606
45591 202816 0.571692084186
49329 242043 0.52236553454
15377 213551 0.519197587863
204779 45550 0.567697291321
9637 250078 0.542149131593
7248 205925 0.597396639173
34508 89515 0.590872143406
29777 64857 0.571347039136
250949 19881 0.598593787723
232399 17338 0.539727858522
238741 205381 0.558662849284
43864 104609 0.517498300741
167890 101862 0.509847139422
168032 210255 0.596913762381
313652 153324 0.529888141781
6615 38415 0.533298806842
204566 91023 0.581641331961
299826 60993 0.589037968449
237474 163515 0.578339057467
136577 184375 0.50030370109
200836 260919 0.512780896229
96887 55604 0.521893224151
203071 13554 0.589981814219
55933 165415 0.588211366194
217613 164148 0.575228856
92142 270174 0.587747412152
39521 163699 0.537982949529
593 53056 0.578547588684
6533 77214 0.538310910247
312635 148729 0.571939520313
18973 104337 0.531293210377
243946 216151 0.516499147516
237986 196467 0.531408533357
35753 269554 0.555756868556
35638 225499 0.560177050409
9474 202219 0.504164370949
76285 20424 0.545073254279
197077 3418 0.577424092035
32662 69064 0.532565757039
184151 320359 0.580627353551
32688 46681 0.572512598675
22800 279266 0.595010073396
6197 248337 0.541779843725
319371 101506 0.548876163507
252731 16586 0.528521111267
205668 164433 0.556547044417
174611 30972 0.536332567265
302514 82109 0.559954029585
38348 46090 0.534769955534
44604 45242 0.558441279019
152480 156495 0.550180018011
206610 3351 0.527450796717
300814 90601 0.521667064965
20740 5443 0.58071722888
65449 94084 0.594449657949
195450 26046 0.527162178645
37263 231352 0.515223635496
319844 114790 0.596255709583
64464 226802 0.515740274439
24855 163964 0.544414409582
196198 257775 0.585182215281
296372 163541 0.510831360124
166546 222611 0.587731110706
94914 299902 0.59909257893
31922 49659 0.539829153218
276676 296411 0.549562093155
168640 56943 0.504564573406
202317 246469 0.568409970941
277048 51463 0.508124411549
216073 31121 0.552306060049
226893 64570 0.548790926578
159977 24944 0.570419571472
35044 60995 0.539575583148
47584 98253 0.5513827823
171807 60922 0.555002811618
101867 302929 0.59441725941
35175 260053 0.559620963063
92379 270398 0.530655115062
11905 237105 0.560417672092
1744 210746 0.567300079764
32436 208784 0.533026746207
297360 57172 0.584954722948
76183 105079 0.545821290633
11178 246363 0.500037347467
180302 131921 0.507683600204
13165 105628 0.538297842288
205731 14997 0.520594446929
33787 212890 0.510293915046
89302 202045 0.540479911296
4301 254502 0.566740574893
88933 290592 0.50223529101
312 50578 0.59196184706
209055 236467 0.56384583793
148752 148630 0.508728077861
199460 220231 0.584579026579
120715 135917 0.546808244628
105428 80524 0.524725064705
21395 222369 0.58397899519
203909 11039 0.529185355017
4484 218527 0.528348048395
191272 14641 0.530589664964
21331 220650 0.51252994265
16765 202925 0.538971838028
132997 145823 0.579687997991
27877 46868 0.551140118428
26595 185059 0.568495743092
32167 224688 0.550832713461
252510 225860 0.559363152751
198837 13924 0.580493587472
198935 52124 0.595739535197
261168 204822 0.58544577395
317294 117067 0.526190953262
87580 63813 0.521575199633
12386 62671 0.508448198158
34390 196608 0.590630858113
22350 271581 0.591188868689
267153 292933 0.544146250517
66183 220142 0.527031663665
211751 169382 0.595821212693
71929 200783 0.596626064438
276295 292807 0.545413297982
94837 280450 0.521334495518
25149 160547 0.532049722172
2226 4722 0.572987789038
265483 222411 0.517271367508
40562 315662 0.520604322908
183799 134648 0.563827749493
37265 232129 0.511490870329
250683 30687 0.535037940444
86163 41732 0.5239873418
299947 83745 0.515161824053
87921 163769 0.519388821707
243942 27074 0.505144530524
277841 156980 0.584690977082
102801 87430 0.501813904299
158895 179832 0.598142630502
41315 15013 0.575024557853
233303 56322 0.531220331052
70812 179388 0.507243184693
244056 19296 0.594409178358
571 220895 0.564424130357
56626 204408 0.542618096696
44714 75182 0.551376489789
7779 221329 0.56492595535
146127 174305 0.512982276767
39081 2979 0.574949548605
163071 50382 0.590128526041
167973 19654 0.5181909017
160251 271409 0.569421500942
256677 28975 0.573521111813
41427 66189 0.516571960995
144393 183943 0.519247583372
259416 17317 0.556977770345
102268 61377 0.581127185247
241564 66191 0.587361835037
47884 35651 0.584192415648
231879 11418 0.539619633773
66019 247754 0.542527953555
157545 41158 0.547831295488
63492 172415 0.54959059393
210731 161642 0.542199054516
197368 232535 0.534418913283
232625 34894 0.571960284257
3101 19974 0.59547659962
181401 187853 0.519310728212
296441 276359 0.532786704462
151099 126286 0.556072345502
233120 4022 0.536576055404
215161 225469 0.595595163277
43381 176727 0.538874979243
266105 224374 0.509284229682
163779 18596 0.506387243202
166905 254541 0.54717781171
56379 95959 0.50249937655
208432 190488 0.514932388846
200152 97335 0.516206380797
185054 155929 0.5825812241
65127 48 0.591866700491
223609 73744 0.501042332758
25206 224040 0.552738152586
260933 168738 0.564956248161
245522 210077 0.586026126726
31061 421 0.583573416291
210467 49334 0.549743188063
162670 200820 0.551192275608
52173 295085 0.568192075558
299266 95367 0.542652951125
191265 238866 0.521557286732
199873 66782 0.565625236804
270010 28833 0.521903323454
237282 11920 0.52965520471
157798 316794 0.529599231122
20575 189321 0.589801226528
168637 21194 0.508954174565
103003 90607 0.534358432902
90791 210117 0.533552666745
10413 201353 0.560061379791
18190 209448 0.572647788084
53149 32174 0.584023475914
68325 225017 0.531908718662
273524 145129 0.595130509568
185538 21256 0.500603569913
216287 30001 0.595417794506
268978 89105 0.566341709801
72040 202314 0.573627174035
260302 201612 0.585747097561
129944 177747 0.582932973387
11850 91891 0.588157043229
255441 22663 0.535864448069
235931 7201 0.567438743343
45806 296378 0.519840371759
65680 199124 0.552501309929
277868 132026 0.520535331237
103896 50766 0.505090505817
60606 96508 0.546186253736
275980 16402 0.536567869508
24954 231518 0.515397790186
188072 120088 0.531642195189
20063 274760 0.529821488583
156245 145775 0.516480530779
209369 64291 0.515435463608
245795 6341 0.550304566167
300550 87101 0.535253992859
53329 52198 0.526693128147
197339 218445 0.52000507205
186685 99217 0.541776311829
263805 19487 0.52901674297
232597 206687 0.507829808497
220974 53140 0.55539511996
220779 169267 0.557626336213
166810 228370 0.588694330374
201900 11632 0.54537031697
198243 33978 0.59005539525
269114 86394 0.56188526421
278924 62904 0.542884963193
160266 52454 0.59841731225
44339 279660 0.52895354219
220517 170772 0.545188697593
104188 66214 0.585185561509
180755 151636 0.517798186596
26728 48418 0.592231958655
166696 227760 0.538826394773
53117 27457 0.575537980544
270497 299555 0.563876463218
20098 245850 0.588018030006
93283 305222 0.598939125881
17952 247987 0.52325518748
200691 42356 0.567381636333
180786 318385 0.53281860717
201958 55974 0.525605761922
89912 11066 0.516914217273
76335 255749 0.52651352137
222184 59572 0.538655281735
15402 230954 0.586496177317
218735 161509 0.578390401417
233742 67010 0.58459197268
16493 182350 0.53209359021
1119 96967 0.547419577986
167561 21166 0.548442209151
104238 277061 0.537873634491
38368 226877 0.543478979467
160273 255293 0.588708623348
36456 161779 0.565317544188
50519 29111 0.559090699467
100385 293075 0.591769144581
34423 206793 0.519839490448
62664 22393 0.540383328833
191619 222431 0.574408290323
110087 147276 0.52186110096
161923 22452 0.523906557203
175305 73999 0.500776098789
318419 108093 0.551465863452
197553 26185 0.525556564722
42423 273935 0.521663890503
67366 280862 0.576977674846
185092 224503 0.526490471602
199229 270880 0.529658434127
65140 243217 0.57093010851
296671 3142 0.508923468524
75534 280173 0.533583532085
196641 46339 0.578511103247
38751 247161 0.553128775995
133009 172555 0.523304088598
80185 300911 0.588502452836
728 230588 0.565271159724
205936 232052 0.596160698785
67962 102665 0.592613852002
30836 45687 0.540551544058
203304 47935 0.598418182226
6269 240876 0.511012727686
198815 230755 0.508991336902
302055 84227 0.521350444491
13314 197956 0.542586230626
64675 297127 0.516237887954
310136 186511 0.512550323176
246812 195895 0.541070282641
56851 28894 0.553934522775
144769 120633 0.595471251369
41442 39445 0.531849278646
37164 235437 0.513664530445
145389 118101 0.531152666803
46952 197439 0.511854018332
212581 65525 0.52956658374
227068 24129 0.518218205054
32922 41846 0.542933965536
154461 187602 0.596509681283
8091 273314 0.518529472844
198594 258198 0.51700114893
281624 86019 0.52320579476
251500 49651 0.561956060041
251747 45482 0.59392047147
215019 207980 0.586660378815
275041 296993 0.540379702456
204405 32372 0.512732201198
149893 181330 0.521124161401
63841 219753 0.505651274128
320390 106618 0.511541706311
226846 71730 0.529311754067
184524 185016 0.531270899608
29865 225915 0.545776457984
190790 21525 0.586708009745
188345 74842 0.582960244897
204685 23719 0.554542593128
233046 261191 0.515852219937
216150 22766 0.587353867082
112258 146149 0.586809057984
61015 93660 0.577764170739
224116 167967 0.5815483675
133560 172237 0.561092274639
16708 269166 0.582600919333
239744 262750 0.517602671069
270317 88316 0.516409139371
245368 160686 0.547977478719
65260 164251 0.548962080703
272566 160719 0.524758088578
49752 72830 0.54497915422
297528 281231 0.524181904596
209854 26273 0.533259813396
300027 3075 0.594789151664
99855 281453 0.528356837319
199382 30123 0.585053405558
254897 6952 0.58871209203
239811 19120 0.536726406983
79000 184591 0.569006775186
215643 2214 0.559293382559
272848 36368 0.511854522715
39249 293337 0.503012356125
271095 35811 0.537522383622
248605 37463 0.580348563976
169301 212376 0.590292232975
188059 69735 0.528785820086
246581 77019 0.526689340718
8341 244945 0.584204981441
225723 263740 0.537060590946
233024 198697 0.544061350345
65146 234056 0.512294387725
87096 191786 0.515745948829
237265 204313 0.52200207258
288244 95665 0.548897127142
105620 163737 0.570506202713
75790 16897 0.540288800902
238736 39232 0.580956344996
13025 70894 0.506347050804
550 13195 0.506415939215
45067 161127 0.546425039539
89951 8579 0.564038534395
105199 277376 0.574572087634
68928 28061 0.573564275464
231140 20025 0.588044689012
13926 193501 0.511269629321
173478 308146 0.517167637481
179196 256091 0.592381677386
96118 205688 0.511049211783
5110 44528 0.576335507974
162529 66612 0.540676845669
201481 257852 0.582645407569
91192 12428 0.542737543861
26502 240669 0.593619013685
40480 80778 0.501735443584
230911 33012 0.500789203119
3976 255883 0.592962453304
7555 209547 0.566992808986
180567 154566 0.59351430004
162982 190616 0.558522120123
161475 245044 0.592982641284
157071 317047 0.579892662814
167083 42494 0.504743290454
82376 304355 0.576293478381
36465 218786 0.572508741238
17083 231419 0.551309886314
25100 222277 0.509850215581
132423 157171 0.551739254657
232188 8337 0.550662412038
216795 57628 0.530244076471
197483 9414 0.558180265438
68498 166833 0.580460996796
204736 46649 0.516615660783
283701 85948 0.586465759826
321156 157191 0.506808659611
317102 140302 0.590531664324
280356 134391 0.56509052736
86835 91388 0.578350630966
46696 304960 0.581277733576
23377 178822 0.547763031161
149803 172543 0.567318316598
245943 18521 0.540202690836
235092 26740 0.540474188983
276836 100030 0.51272336565
74509 199960 0.577345634722
121632 170043 0.546458685886
119312 137055 0.571516838256
166118 26652 0.516282206676
37985 75433 0.542677769995
28314 59993 0.577396837888
96226 13740 0.514308941691
193886 94351 0.579529469121
66518 198502 0.553255184601
295980 44246 0.514652883985
3829 190965 0.569217479885
208000 48894 0.583140056962
98578 200734 0.53756614462
95718 41382 0.503184308463
260065 215829 0.589884582329
250595 28398 0.523620398661
251556 15666 0.571456633551
77354 254013 0.555339309512
292420 160622 0.586117481305
140664 181390 0.512601339972
254679 222337 0.527360820185
275885 294489 0.553858047955
31142 202947 0.597794432411
13189 64090 0.582560863715
147109 184524 0.516075995955
52036 195638 0.550734619587
121888 119860 0.528638146595
252298 263077 0.520123299432
18821 220533 0.501934705575
26240 208239 0.585528171858
3719 75356 0.502094324192
104380 293937 0.58469498055
215980 20952 0.590431530504
129068 115815 0.517050234202
270117 302666 0.53597177545
165742 220784 0.531620561602
73058 243308 0.548708344899
95786 304971 0.55809901945
18786 217709 0.512190019078
17092 61793 0.50899693568
12513 96056 0.504693736905
2985 292759 0.59870570568
17061 240185 0.510508340819
51027 210539 0.500482897671
102071 316664 0.575273684298
234507 190855 0.566630186976
161091 71568 0.530135685497
220284 73780 0.543760930626
59172 167424 0.537579180761
2805 93213 0.562370338127
202193 236495 0.553305498435
286973 100342 0.506129759561
198164 14534 0.547246286604
188850 54981 0.508787236226
146314 171716 0.590697726388
29519 59343 0.552548766684
68852 273032 0.546870256624
102872 71619 0.533156013621
87476 6064 0.545591167917
143747 78828 0.542147264405
68447 27233 0.552872151918
159497 109428 0.528472906256
126810 280792 0.502461998511
37245 260305 0.531677429368
251869 166297 0.573175667882
872 223100 0.528753928015
295214 102610 0.591535421366
217532 244996 0.509457635614
4909 273703 0.526220103125
176107 59231 0.594599207428
8075 39849 0.529370807659
203799 211226 0.578957461399
192047 234510 0.522594288893
19736 69302 0.57995095446
57055 169227 0.51953455949
71165 166637 0.535021722646
14688 254810 0.558954114598
262674 240296 0.503706080566
211426 64987 0.51187956761
105184 278476 0.519458299557
77049 195351 0.568385255353
14375 87666 0.503119609851
69650 146096 0.529928679035
26554 271054 0.522085514524
207334 44999 0.598804001222
23514 214888 0.543956262293
256799 265406 0.557427632294
53419 203840 0.577356676366
246365 67509 0.559286438617
279319 41281 0.587724469796
34109 201980 0.595741580105
12579 241067 0.508447871491
89073 49058 0.53106655505
101162 288066 0.530264485972
199995 61736 0.566127383706
188779 73891 0.531700836387
35203 259696 0.593404551574
64633 203357 0.532636572311
178760 311680 0.53812540214
160488 242785 0.50383947153
232152 216695 0.529750944803
55864 207140 0.597183290892
155950 182638 0.50801752087
204340 266686 0.536515914959
72363 32603 0.509360601325
164790 97806 0.560530285944
90794 5674 0.556457604259
32898 211670 0.513637965086
221959 194204 0.51187101542
126748 116798 0.579363760425
271620 14334 0.528174275054
6666 94449 0.570037485478
199776 30152 0.593813930165
178694 222291 0.553007838984
49895 221906 0.598519612876
15694 259521 0.554927933153
321206 108983 0.553008785372
213035 76348 0.58071813087
6129 207578 0.524849232891
275467 317816 0.514174748911
215356 208782 0.590385881823
193844 722 0.571666647315
25888 74072 0.518212627185
45557 104325 0.59331000937
11887 2069 0.570983828967
172147 151689 0.521042689766
196035 243176 0.576729345594
32755 51582 0.521884443881
144510 41601 0.519043206463
24668 159992 0.527817336832
171903 158334 0.545553969568
96070 54565 0.580509363654
60995 220196 0.530252538072
205269 279448 0.564113451539
279450 71513 0.563361284179
91003 285738 0.540766384654
38612 73724 0.581812967397
111936 125024 0.593300519885
8406 274988 0.538841740567
6843 76563 0.512364072411
32084 164897 0.511309066654
119167 151052 0.598334333634
294909 86398 0.537967503688
273847 54763 0.526152824019
60116 245390 0.570330605143
179377 308938 0.581374496457
268801 69011 0.505476315997
162569 2509 0.570666477262
73291 166088 0.568517675218
272937 305916 0.599002943289
33775 258917 0.558264014403
20766 236204 0.588952803963
54498 25154 0.5122169585
13049 232375 0.552121404802
190558 13523 0.515881222219
287801 98852 0.510172250415
229299 164752 0.518132310154
4712 297512 0.51953559896
94071 36514 0.544328999722
17623 259170 0.557530966979
186606 69593 0.563329455498
98401 304472 0.540176225474
67361 96645 0.599332207809
218742 189834 0.533342936837
53675 91345 0.528780803255
39163 7718 0.59593952985
317595 172431 0.50608665365
279980 19375 0.561912206781
18965 242648 0.515945464669
51180 277023 0.554624178558
193694 166082 0.593864764916
314463 144409 0.547067727611
242504 65696 0.543345738147
223863 251476 0.538146420868
175149 317543 0.526486369709
23933 61980 0.546309314601
51007 268097 0.568017292653
228853 54841 0.502458753325
62303 33221 0.560175406726
193865 5026 0.541800979397
50771 119372 0.58919251859
182021 69886 0.51894541726
52861 275478 0.583523053848
54747 27467 0.595446780999
148367 317236 0.589971185606
271599 296518 0.565611392958
271153 319476 0.517194963851
8894 88610 0.56827455556
22190 241437 0.514526731542
200088 58698 0.572879092866
210651 33786 0.592874246072
278378 149678 0.568966456638
18526 279729 0.5131858221
165604 234256 0.517554779838
190792 1925 0.586732274596
39501 250434 0.573769633641
189587 120227 0.596781341263
292349 280480 0.56622353909
91719 299800 0.544948414266
5032 207691 0.523072435053
7152 226949 0.55162421519
260399 196038 0.528761783217
195261 67165 0.584770071708
43479 18332 0.510802537362
10116 295713 0.594935450144
25718 182016 0.529389487629
169121 44222 0.583064828241
230028 66514 0.558850512409
165561 27506 0.506263582905
235493 20147 0.531881005331
104620 97804 0.500266643894
238868 9770 0.508675331582
207061 218790 0.532093167502
237737 2240 0.579176072351
4825 252925 0.523911870861
159484 159574 0.582294540468
263707 224742 0.537640468477
258635 21897 0.516904183921
211696 21065 0.565507688533
190183 93437 0.506911453268
69287 30265 0.502283565523
167556 221680 0.521495423136
14283 271073 0.511207209535
179040 16719 0.590018839048
51593 164702 0.529454274384
225604 21781 0.582416945365
193569 222008 0.542077641121
33429 97489 0.535238418584
71693 102333 0.575715435443
1811 247275 0.575520106377
86965 2846 0.534371333774
71560 168611 0.54377913757
175817 57407 0.563228475638
134354 111643 0.519202180849
127282 175626 0.53524333477
61323 162486 0.598305946993
22440 166318 0.576267953983
270939 280272 0.518554175934
59499 90877 0.509454486455
26633 263823 0.566546018775
32456 238525 0.557620864255
168056 230610 0.57583461812
260460 5417 0.517169189078
318861 151745 0.549384238507
196270 91073 0.555739117734
242035 67104 0.502106257324
74780 11104 0.505392839151
262563 214762 0.522942092337
75080 163824 0.518075473588
118302 150984 0.584796746039
199694 270448 0.55611591281
12929 95283 0.550697190634
62923 278383 0.55788271435
160557 65199 0.570820903653
279615 40249 0.566636437796
270237 316727 0.589167389681
4350 87524 0.582696672798
50322 199386 0.516439813862
139087 312534 0.596276415492
201776 29767 0.512860705622
155835 314368 0.523206975639
305545 303211 0.524691443258
27497 74993 0.592646230779
195475 33741 0.595023400196
230692 162823 0.581786038493
5061 250481 0.522843417812
64221 279697 0.522100694907
267402 278306 0.598662292528
32679 43580 0.529542216637
273575 9301 0.574793217437
88129 283478 0.539436559208
229882 50213 0.525161869634
263216 252148 0.561529573708
21098 192819 0.513938163457
165409 31485 0.516670049511
200103 46180 0.522421862718
218253 20494 0.568517006268
280363 313426 0.564683948519
220816 6958 0.531618350208
155190 75092 0.536926685017
40229 217374 0.515435477408
14318 1529 0.557411070789
230802 9790 0.534527878184
72872 199719 0.575430088174
178812 54440 0.593158504317
250400 1894 0.524061770915
137489 120292 0.55089379907
190763 265043 0.541697566486
203541 238627 0.506577407336
176163 76939 0.58198424593
32846 4976 0.561117401456
24869 44266 0.508122367648
199165 90114 0.562292880395
273608 41743 0.573131901228
78790 147646 0.563664106138
55937 202545 0.523355633297
36322 98658 0.593493098558
173274 32295 0.552729957766
13205 73860 0.59190149144
204162 265589 0.557878807217
205544 232490 0.570816456576
260201 66259 0.576705398237
36112 247459 0.563671779892
384 41942 0.59117486664
277941 143267 0.506210380529
111660 180278 0.531108897871
74696 268820 0.578564135303
227696 21605 0.55164249291
220319 169293 0.556392389665
120382 140751 0.576042249773
49285 20034 0.590060554416
197165 259650 0.54383837946
167533 38320 0.505399214054
49312 36879 0.595856803812
208249 31556 0.582045664084
55508 250042 0.518198809611
102771 161261 0.5015256703
71642 187174 0.501483112581
203458 248446 0.593256017025
301435 43333 0.587327422057
245964 165499 0.563654047036
162855 256186 0.56715516829
162990 59001 0.528754009251
164287 105728 0.507150984391
206515 224914 0.510793792677
308463 32541 0.55252958136
26316 215034 0.503347940663
320548 112237 0.595025018876
18619 229405 0.540793718278
131237 151021 0.546336595215
271229 316773 0.516118966755
64589 89679 0.597543450445
83881 286662 0.520523517584
198180 244948 0.542599093973
199153 51422 0.599621614952
144191 186275 0.504089035791
38056 76759 0.590234727951
22957 63268 0.523301091297
201822 219526 0.524269855776
243631 16831 0.553962777595
51905 35788 0.58292536192
77840 120037 0.511768577124
5027 29255 0.503034598582
31787 54387 0.529447779632
300459 95177 0.521921947289
39084 306934 0.578823523039
280310 50919 0.569858646464
24162 41027 0.517770171164
34933 240828 0.548687442727
27655 217871 0.596641622192
96849 296299 0.548207839227
223702 261376 0.525911493761
101055 275318 0.51724875662
176674 123903 0.560740239964
98196 200178 0.573631868856
296787 42592 0.559688017496
33713 248378 0.569163888941
25853 69712 0.51424010904
230618 201078 0.516762633469
26488 166773 0.53202110478
42869 292658 0.511972744356
39257 100971 0.557968919748
248183 36126 0.595591986953
144002 149159 0.513193970934
180084 183702 0.52481518093
161641 43860 0.589153368998
213490 3699 0.528214530533
221513 209637 0.531144533387
24455 192288 0.589358618881
318258 274170 0.588952360427
278266 103594 0.529305798865
20626 247812 0.582350606214
286491 96231 0.503198829061
285746 89163 0.535772428746
48021 103551 0.521419131789
200053 19419 0.577806952277
38994 225288 0.544836910642
271589 5972 0.590936715931
316491 149427 0.551324387462
182265 21029 0.559002160781
63926 27519 0.575351862644
192223 189949 0.512264362111
35376 210518 0.517976986253
23666 260426 0.589228825768
231493 11089 0.527531084078
241713 216104 0.554560306856
5501 240905 0.545618016155
119074 145183 0.518302885736
192810 15105 0.59968183811
150838 320790 0.522067593807
56920 198733 0.557620275808
19844 214636 0.590224287232
39889 103531 0.535279656474
20886 44698 0.529812163666
76611 38244 0.564265630667
65410 188077 0.560706332516
73797 177763 0.525448541764
24356 169206 0.569795384746
216291 250419 0.526881325003
151127 174823 0.506364466287
70005 183764 0.511676756531
93497 292332 0.584364276609
52647 190850 0.525772032972
42814 13839 0.559718512225
12874 218662 0.526414046637
114060 143687 0.591421063863
46777 33900 0.512890513969
95148 57189 0.553345409183
274538 123472 0.511855087072
93084 15817 0.52924958178
34914 179372 0.552622336434
60196 230545 0.536382803989
242627 209368 0.505072634377
206145 11554 0.519708038626
296198 3779 0.544626521004
175008 18080 0.53703735803
103414 162225 0.54955039265
175461 38086 0.588925612673
41847 35085 0.553878315844
6855 220589 0.545882389099
8249 101628 0.587610748162
16601 253859 0.548946810692
155134 189504 0.502713975533
157918 273621 0.541676148412
17359 208321 0.567026104199
312345 307159 0.560788165966
42060 51270 0.543494121636
1179 61640 0.514975738881
204883 32281 0.55628880993
19517 220576 0.582529134285
44030 35911 0.570646959436
240728 202981 0.51561669724
87552 16924 0.50786850824
161327 49712 0.57046036893
301529 268722 0.559640087358
128863 77444 0.557894021744
95595 102216 0.501943112333
55829 603 0.589602031435
157493 277366 0.591657853949
205690 250356 0.59933634498
242188 98539 0.554711093616
107457 122636 0.570125766476
