294617 271273 0.720150814476
43219 276175 0.713127507889
191810 12515 0.783476240682
117588 121208 0.776314544261
226612 167829 0.712998291583
33425 247112 0.709241882801
272443 134245 0.764289598858
220054 65735 0.78481370236
206961 18719 0.74312890945
119703 60876 0.786239326473
154110 171861 0.703844717594
29675 94802 0.705654792555
210808 263041 0.735322637108
24840 50839 0.725245252278
295925 47078 0.755129193982
200337 94751 0.792468096282
164061 65845 0.795418168596
146223 175907 0.784381353053
282441 161735 0.767869778658
209566 30557 0.7668643349
28556 56446 0.784303966804
28426 210189 0.720836078339
195795 248424 0.781569238282
117441 149891 0.718115292227
275279 99933 0.798517773861
93562 27651 0.70179567341
10908 104986 0.797572183385
66904 256238 0.710361781196
247248 10999 0.760407491132
270510 21319 0.733977957682
268320 286181 0.708881474573
176604 148131 0.79487610209
180862 25789 0.768634969328
134378 78780 0.794483312206
66386 267183 0.789122081242
30770 180300 0.723981858614
27013 48565 0.790731222851
209049 97128 0.772271654953
1149 55232 0.761057647222
42822 267988 0.789342680046
152933 112420 0.781631999728
195694 256278 0.739431057338
61994 102946 0.717029020343
280571 63716 0.703095497947
191936 19741 0.78906488043
228829 17056 0.748115831661
223232 227484 0.742314149249
97762 36430 0.753037742561
182482 148292 0.757022738045
206286 44588 0.748930753004
97103 44297 0.761617565506
200468 25775 0.705380599103
18739 87883 0.71898912932
194572 162353 0.77233183946
48878 2742 0.730285785743
123754 274524 0.722847044271
191009 89385 0.794173391211
253175 11629 0.741932225539
60783 169932 0.728216000372
272930 7047 0.707877715959
193380 29514 0.78541434951
29270 204253 0.720047384869
268360 319399 0.778100206036
22541 165880 0.751488816933
219339 199038 0.749900997305
247049 168726 0.761968469937
22326 243621 0.797507340152
58461 95477 0.757103804195
167742 56142 0.710271834666
140007 320480 0.720455714817
20156 244735 0.741950071207
286403 100984 0.719268896855
227124 66136 0.738329625833
90813 9233 0.745223321303
15537 253328 0.723315218983
283560 298983 0.733404317137
2335 161296 0.737676136831
203167 10392 0.790973866718
17255 936 0.774305684192
31296 239342 0.70376205414
17624 261084 0.774206694316
59501 224525 0.775347144731
151998 140608 0.75310337383
288644 88776 0.743308524812
35681 56858 0.765545169077
48190 198945 0.762084971139
194901 293601 0.704653596203
315520 140468 0.751798123262
17400 255643 0.753141723553
78048 317176 0.737369064907
103043 95000 0.790287250545
68224 178257 0.770186237419
230567 164695 0.798995202338
169298 71171 0.712361407161
89442 195637 0.798053359433
183800 188406 0.798960399058
61867 211058 0.777828932061
157333 108945 0.725972236094
197854 58780 0.754631882114
202362 36964 0.799245754975
237814 165697 0.746573317724
33147 251603 0.757125835679
216362 24640 0.721503597185
93849 251040 0.722637019187
177128 60233 0.760078481429
5386 270758 0.705485539787
47733 203871 0.752089728682
6400 205630 0.765777980182
228227 66613 0.796872933707
276502 3534 0.79187297551
89917 102029 0.77708997804
72939 17499 0.744295133486
32371 179402 0.710837785868
7754 101535 0.732764211014
237638 64554 0.71499336885
92070 19088 0.784293688606
165612 18494 0.701624105513
95597 22160 0.706987203303
277059 299859 0.725151351232
30518 195691 0.702813653538
213306 190726 0.752428718694
190953 1885 0.706026548943
131849 171438 0.721124828943
26558 60193 0.770484841211
39943 41001 0.724148334445
57359 38830 0.750819631442
100962 56497 0.761830888215
271616 26444 0.757688626071
222811 202029 0.773840438501
258745 13011 0.739928229618
4859 68681 0.709913511329
201807 60681 0.773789189175
1730 269170 0.764741200664
89858 19678 0.771451903458
120888 312926 0.706641140358
241669 169404 0.763629447949
162159 41628 0.711933679318
264640 217586 0.727695038521
188879 38823 0.779791931526
50846 293675 0.761301996032
63975 27028 0.736300813107
239986 37265 0.745103892901
201679 233951 0.773655859444
280012 13857 0.72496133541
30864 70019 0.799875794203
221065 67381 0.74728500082
18811 180015 0.751711957409
223540 64909 0.751166599954
39985 76141 0.722911838383
264158 32018 0.797189659019
45591 202816 0.709677607014
49329 242043 0.711284294958
15377 213551 0.754472897298
204779 45550 0.766030538788
9637 250078 0.776218723745
7248 205925 0.795126021116
34508 89515 0.705362450953
29777 64857 0.736356198489
250949 19881 0.729918532439
232399 17338 0.72866006299
238741 205381 0.715480179836
43864 104609 0.712638483414
167890 101862 0.794563259737
168032 210255 0.70510541542
313652 153324 0.785008398513
6615 38415 0.750214762844
204566 91023 0.798192617487
299826 60993 0.760111497061
237474 163515 0.758040429133
136577 184375 0.796123833466
200836 260919 0.763010048436
96887 55604 0.751837371922
203071 13554 0.720057658762
55933 165415 0.787636899246
217613 164148 0.777276502972
92142 270174 0.765648396332
39521 163699 0.789153540423
593 53056 0.73285748143
6533 77214 0.700253402385
312635 148729 0.757029280707
18973 104337 0.716521016937
243946 216151 0.740595557649
237986 196467 0.724289613936
35753 269554 0.700926359487
35638 225499 0.770675554748
9474 202219 0.752763478995
76285 20424 0.778731856385
197077 3418 0.777164461054
32662 69064 0.715650387123
184151 320359 0.710751698652
32688 46681 0.730551006823
22800 279266 0.719175940557
6197 248337 0.736392853114
319371 101506 0.76746833743
252731 16586 0.756570008499
205668 164433 0.738756312881
174611 30972 0.727516064652
302514 82109 0.766182371139
38348 46090 0.745775338244
44604 45242 0.721034239693
152480 156495 0.793245271772
206610 3351 0.768879059534
300814 90601 0.75188206313
20740 5443 0.708471841549
65449 94084 0.724901190935
195450 26046 0.792133894249
37263 231352 0.745419193735
319844 114790 0.762020815254
64464 226802 0.793346181833
24855 163964 0.702312047335
196198 257775 0.728027833576
296372 163541 0.764223347853
166546 222611 0.792102521492
94914 299902 0.746856359858
31922 49659 0.782610963644
276676 296411 0.732104681494
168640 56943 0.724803444438
202317 246469 0.749180526448
277048 51463 0.714326107083
216073 31121 0.721670042659
226893 64570 0.713096160457
159977 24944 0.717011181107
35044 60995 0.753117685897
47584 98253 0.719294923569
171807 60922 0.745679465744
101867 302929 0.767186163527
35175 260053 0.767961788855
92379 270398 0.707447994381
11905 237105 0.784123721665
1744 210746 0.735538661041
32436 208784 0.738328899907
297360 57172 0.753607143589
76183 105079 0.735117591681
11178 246363 0.743624590156
180302 131921 0.750632173189
13165 105628 0.779667642495
205731 14997 0.78076091204
33787 212890 0.71152420637
89302 202045 0.77466374032
4301 254502 0.759937000477
88933 290592 0.751396498519
312 50578 0.767919930746
209055 236467 0.754883156837
148752 148630 0.753124882071
199460 220231 0.732508164406
120715 135917 0.708115169584
105428 80524 0.73812406157
21395 222369 0.719048229714
203909 11039 0.725208016737
4484 218527 0.732423930584
191272 14641 0.785518140631
21331 220650 0.798628928341
16765 202925 0.778197630698
132997 145823 0.768021461772
27877 46868 0.713680997318
26595 185059 0.780801006624
32167 224688 0.734891526679
252510 225860 0.792416175024
198837 13924 0.741375980385
198935 52124 0.749035968941
261168 204822 0.756534533861
317294 117067 0.752591249869
87580 63813 0.736926956702
12386 62671 0.73109143017
34390 196608 0.744994936249
22350 271581 0.797882050785
267153 292933 0.737440579606
66183 220142 0.797542229731
211751 169382 0.776690262546
71929 200783 0.758051958706
276295 292807 0.735703887642
94837 280450 0.76659376416
25149 160547 0.758712042781
2226 4722 0.773436991289
265483 222411 0.758368607853
40562 315662 0.707795152525
183799 134648 0.735358472783
37265 232129 0.748122007767
250683 30687 0.766930292771
86163 41732 0.73313411678
299947 83745 0.703576851092
87921 163769 0.719921560138
243942 27074 0.763185851035
277841 156980 0.708840159017
102801 87430 0.781990812891
158895 179832 0.794914081535
41315 15013 0.761329629793
233303 56322 0.782224809367
70812 179388 0.736739611912
244056 19296 0.789459627213
571 220895 0.755162758887
56626 204408 0.780992332445
44714 75182 0.748017509293
7779 221329 0.732400112298
146127 174305 0.731715311216
39081 2979 0.77066160164
163071 50382 0.735654120933
167973 19654 0.768561983413
160251 271409 0.789855614626
256677 28975 0.723829524264
41427 66189 0.797103208013
144393 183943 0.79065307028
259416 17317 0.760303705833
102268 61377 0.719938489753
241564 66191 0.758785535315
47884 35651 0.71666592838
231879 11418 0.723672496702
66019 247754 0.716020155173
157545 41158 0.757825299975
63492 172415 0.795941338648
210731 161642 0.706615615412
197368 232535 0.709562186918
232625 34894 0.713542971071
3101 19974 0.796126476933
181401 187853 0.705258138998
296441 276359 0.729512718769
151099 126286 0.782413659173
233120 4022 0.751518986793
215161 225469 0.750906072382
43381 176727 0.729074789071
266105 224374 0.783211524884
163779 18596 0.753880162212
166905 254541 0.73325892772
56379 95959 0.778706567204
208432 190488 0.789233427022
200152 97335 0.729563646274
185054 155929 0.71550914754
65127 48 0.728313605119
223609 73744 0.752090205978
25206 224040 0.757104443896
260933 168738 0.714978999304
245522 210077 0.766665553019
31061 421 0.781683061555
210467 49334 0.784115054866
162670 200820 0.79423820662
52173 295085 0.797418741033
299266 95367 0.79301432128
191265 238866 0.763861379588
199873 66782 0.721605328809
270010 28833 0.755896095114
237282 11920 0.79872523818
157798 316794 0.789900840567
20575 189321 0.729314779885
168637 21194 0.76804638273
103003 90607 0.750305216427
90791 210117 0.788165933086
10413 201353 0.743479955844
18190 209448 0.74375701793
53149 32174 0.793141808749
68325 225017 0.756548787925
273524 145129 0.702116199607
185538 21256 0.750824935189
216287 30001 0.789676216302
268978 89105 0.782306758343
72040 202314 0.729225387409
260302 201612 0.734996035343
129944 177747 0.746059278934
11850 91891 0.744039505023
255441 22663 0.745881622813
235931 7201 0.761244900441
45806 296378 0.701466431585
65680 199124 0.71127857017
277868 132026 0.734089256411
103896 50766 0.718646685173
60606 96508 0.733850077455
275980 16402 0.729380094227
24954 231518 0.713953623324
188072 120088 0.774613719874
20063 274760 0.749004146626
156245 145775 0.720190186162
209369 64291 0.76886076004
245795 6341 0.760010142761
300550 87101 0.72646057784
53329 52198 0.702222380383
197339 218445 0.781627906884
186685 99217 0.780996156589
263805 19487 0.756783210707
232597 206687 0.715825805291
220974 53140 0.731667873097
220779 169267 0.711162902334
166810 228370 0.723465875673
201900 11632 0.702157750441
198243 33978 0.768311813775
269114 86394 0.761118883487
278924 62904 0.767649256375
160266 52454 0.719087186512
44339 279660 0.789260745528
220517 170772 0.727114775558
104188 66214 0.709352595137
180755 151636 0.793032714738
26728 48418 0.776039292414
166696 227760 0.738339411592
53117 27457 0.706207044567
270497 299555 0.734304366109
20098 245850 0.743778674637
93283 305222 0.758288614312
17952 247987 0.768773855469
200691 42356 0.701791777502
180786 318385 0.757625094167
201958 55974 0.795781288855
89912 11066 0.743568836998
76335 255749 0.785299254795
222184 59572 0.716074084237
15402 230954 0.763753568917
218735 161509 0.722062822965
233742 67010 0.714097446111
16493 182350 0.799014172455
1119 96967 0.745416395997
167561 21166 0.704705895222
104238 277061 0.795450008843
38368 226877 0.767629706884
160273 255293 0.706734835879
36456 161779 0.757450138475
50519 29111 0.732226472742
100385 293075 0.725643918101
34423 206793 0.730448966904
62664 22393 0.771353003469
191619 222431 0.77796198813
110087 147276 0.738522645614
161923 22452 0.720687047223
175305 73999 0.741020974076
318419 108093 0.736096237938
197553 26185 0.719806143828
42423 273935 0.786271852898
67366 280862 0.737622653778
185092 224503 0.765503762914
199229 270880 0.781847999471
65140 243217 0.785217590109
296671 3142 0.72852414189
75534 280173 0.790055380385
196641 46339 0.768457983458
38751 247161 0.731780521289
133009 172555 0.771947057937
80185 300911 0.707924310236
728 230588 0.719304300806
205936 232052 0.769120619901
67962 102665 0.725864600046
30836 45687 0.721591583324
203304 47935 0.763435494016
6269 240876 0.751592927509
198815 230755 0.747613461544
302055 84227 0.744901282098
13314 197956 0.70361349481
64675 297127 0.791375003126
310136 186511 0.710689537841
246812 195895 0.782798048071
56851 28894 0.705963271845
144769 120633 0.772404073529
41442 39445 0.789470292628
37164 235437 0.725647169353
145389 118101 0.779125103349
46952 197439 0.71941430228
212581 65525 0.794808934931
227068 24129 0.78143737586
32922 41846 0.776869038131
154461 187602 0.773993702457
8091 273314 0.763020563521
198594 258198 0.731337725012
281624 86019 0.774476349868
251500 49651 0.772116091694
251747 45482 0.720112719197
215019 207980 0.76432828326
275041 296993 0.730643728817
204405 32372 0.720310586787
149893 181330 0.719807944808
63841 219753 0.717007654421
320390 106618 0.709973219713
226846 71730 0.787083572189
184524 185016 0.724897698875
29865 225915 0.700447652331
190790 21525 0.702617892198
188345 74842 0.726123259772
204685 23719 0.785885195638
233046 261191 0.771587703593
216150 22766 0.765290929944
112258 146149 0.758912160563
61015 93660 0.793585566761
224116 167967 0.741203076298
133560 172237 0.789977643687
16708 269166 0.712692833614
239744 262750 0.774277268299
270317 88316 0.766578718769
245368 160686 0.741421124035
65260 164251 0.762682830217
272566 160719 0.798955420961
49752 72830 0.782110498821
297528 281231 0.7990512277
209854 26273 0.709604098854
300027 3075 0.763325445582
99855 281453 0.778575932359
199382 30123 0.732131337722
254897 6952 0.74560642327
239811 19120 0.745124064185
79000 184591 0.748916934479
215643 2214 0.717831546696
272848 36368 0.712619285002
39249 293337 0.708309967117
271095 35811 0.769523202847
248605 37463 0.721253530677
169301 212376 0.771409491318
188059 69735 0.724845988814
246581 77019 0.744807507335
8341 244945 0.703202895204
225723 263740 0.749561320558
233024 198697 0.789975453127
65146 234056 0.702317593986
87096 191786 0.735378415042
237265 204313 0.723580326406
288244 95665 0.766580682925
105620 163737 0.706764379819
75790 16897 0.746957001634
238736 39232 0.79646723681
13025 70894 0.736047373795
550 13195 0.756076755534
45067 161127 0.767776229133
89951 8579 0.783395010727
105199 277376 0.723871319228
68928 28061 0.776080890994
231140 20025 0.740470383988
13926 193501 0.731741655147
173478 308146 0.762716981658
179196 256091 0.758350594092
96118 205688 0.720556891347
5110 44528 0.723620226856
162529 66612 0.794440382338
201481 257852 0.750952814446
91192 12428 0.784067963186
26502 240669 0.750741607372
40480 80778 0.769830968454
230911 33012 0.786287679763
3976 255883 0.789627042782
7555 209547 0.798973844522
180567 154566 0.701382809356
162982 190616 0.748534783809
161475 245044 0.778364405401
157071 317047 0.774834053556
167083 42494 0.773527310813
82376 304355 0.738368658048
36465 218786 0.727056500086
17083 231419 0.725946471484
25100 222277 0.755525267267
132423 157171 0.70616658492
232188 8337 0.7830311216
216795 57628 0.751194766036
197483 9414 0.704985088865
68498 166833 0.7077904059
204736 46649 0.797778009168
283701 85948 0.73471011117
321156 157191 0.773516063992
317102 140302 0.799468876227
280356 134391 0.728442598308
86835 91388 0.703798061018
46696 304960 0.755127391546
23377 178822 0.71384792861
149803 172543 0.732093506521
245943 18521 0.795550161126
235092 26740 0.74749913685
276836 100030 0.713351423272
74509 199960 0.78683815257
121632 170043 0.787405262012
119312 137055 0.782148352808
166118 26652 0.717636021172
37985 75433 0.746554660541
28314 59993 0.792283951518
96226 13740 0.746770836905
193886 94351 0.768816903548
66518 198502 0.778513712452
295980 44246 0.745589609123
3829 190965 0.712931060339
208000 48894 0.731331565648
98578 200734 0.720529259363
95718 41382 0.728136840284
260065 215829 0.777283362869
250595 28398 0.730492271367
251556 15666 0.794927800605
77354 254013 0.734883116932
292420 160622 0.703197853579
140664 181390 0.791407700682
254679 222337 0.713235679319
275885 294489 0.763540009732
31142 202947 0.732046960693
13189 64090 0.727042308777
147109 184524 0.702592214546
52036 195638 0.783809410145
121888 119860 0.750553184539
252298 263077 0.766100714114
18821 220533 0.785500311134
26240 208239 0.781019036317
3719 75356 0.788155876544
104380 293937 0.784418366385
215980 20952 0.719800903039
129068 115815 0.761107244792
270117 302666 0.752729513353
165742 220784 0.782405321268
73058 243308 0.719400332206
95786 304971 0.704388763726
18786 217709 0.759113535867
17092 61793 0.735315926768
12513 96056 0.753625122008
2985 292759 0.795108607533
17061 240185 0.745383116218
51027 210539 0.730943330745
102071 316664 0.772549657774
234507 190855 0.741145537933
161091 71568 0.721941845532
220284 73780 0.74605509659
59172 167424 0.762377910702
2805 93213 0.746929120461
202193 236495 0.784321688918
286973 100342 0.77856995512
198164 14534 0.747387545732
188850 54981 0.744772126074
146314 171716 0.732152543756
29519 59343 0.792169537522
68852 273032 0.709888444104
102872 71619 0.728725826088
87476 6064 0.764702951284
143747 78828 0.709836960095
68447 27233 0.768869327192
159497 109428 0.724519234681
126810 280792 0.705832692926
37245 260305 0.792400751964
251869 166297 0.798958498904
872 223100 0.72491571255
295214 102610 0.747737935551
217532 244996 0.750057371385
4909 273703 0.712871988281
176107 59231 0.794160552139
8075 39849 0.74154686258
203799 211226 0.748139037126
192047 234510 0.734787835003
19736 69302 0.738669403091
57055 169227 0.745450992142
71165 166637 0.722604655946
14688 254810 0.761453380102
262674 240296 0.769373609196
211426 64987 0.796753520661
105184 278476 0.734926090181
77049 195351 0.752444431454
14375 87666 0.717507744941
69650 146096 0.751162813185
26554 271054 0.724181942393
207334 44999 0.795240220832
23514 214888 0.767262905891
256799 265406 0.732089329094
53419 203840 0.726314481944
246365 67509 0.778464554016
279319 41281 0.716398826516
34109 201980 0.781874635754
12579 241067 0.789865734957
89073 49058 0.754764476416
101162 288066 0.774284261172
199995 61736 0.781825470601
188779 73891 0.766441131182
35203 259696 0.726712174273
64633 203357 0.771542082657
178760 311680 0.736641522717
160488 242785 0.784989312055
232152 216695 0.779777803456
55864 207140 0.791479517178
155950 182638 0.721665780557
204340 266686 0.718813268268
72363 32603 0.739066553532
164790 97806 0.775045610984
90794 5674 0.746558339838
32898 211670 0.718370664926
221959 194204 0.729153287935
126748 116798 0.744401937826
271620 14334 0.708213477131
6666 94449 0.707346669785
199776 30152 0.743020703953
178694 222291 0.761410649201
49895 221906 0.782005802461
15694 259521 0.789544486351
321206 108983 0.737521502585
213035 76348 0.78585033689
6129 207578 0.72766638087
275467 317816 0.73717401233
215356 208782 0.739764161456
193844 722 0.777464552093
25888 74072 0.75288794897
45557 104325 0.707979799675
11887 2069 0.741321579187
172147 151689 0.75731183405
196035 243176 0.756420243506
32755 51582 0.723204939228
144510 41601 0.760964470735
24668 159992 0.722250923184
171903 158334 0.723315739079
96070 54565 0.796423433667
60995 220196 0.761190703371
205269 279448 0.736205109543
279450 71513 0.72624031438
91003 285738 0.761709201946
38612 73724 0.752750450167
111936 125024 0.776159181415
8406 274988 0.777975506024
6843 76563 0.769684055655
32084 164897 0.711465948546
119167 151052 0.764142188948
294909 86398 0.799854414282
273847 54763 0.720007728479
60116 245390 0.798835296201
179377 308938 0.739826236781
268801 69011 0.762668782015
162569 2509 0.740647337545
73291 166088 0.75230925443
272937 305916 0.755986339137
33775 258917 0.703838648978
20766 236204 0.730863248318
54498 25154 0.771333347464
13049 232375 0.721105863967
190558 13523 0.749625406698
287801 98852 0.784819812701
229299 164752 0.760842184936
4712 297512 0.758760286767
94071 36514 0.702097245035
17623 259170 0.736191678322
186606 69593 0.759476066488
98401 304472 0.732332127187
67361 96645 0.717170245777
218742 189834 0.727092346137
53675 91345 0.789917283488
39163 7718 0.730144987713
317595 172431 0.761302626607
279980 19375 0.71017548976
18965 242648 0.722963026305
51180 277023 0.757637250118
193694 166082 0.749370347941
314463 144409 0.734942467955
242504 65696 0.73720339481
223863 251476 0.752807587851
175149 317543 0.751460779924
23933 61980 0.700052577426
51007 268097 0.703369915028
228853 54841 0.767033735469
62303 33221 0.720935213307
193865 5026 0.747484809351
50771 119372 0.74475345377
182021 69886 0.70587972975
52861 275478 0.792453626184
54747 27467 0.797621211314
148367 317236 0.783728625194
271599 296518 0.761219509443
271153 319476 0.706615900546
8894 88610 0.794398271935
22190 241437 0.778772644274
200088 58698 0.758532825434
210651 33786 0.770433248023
278378 149678 0.76440786129
18526 279729 0.789764503159
165604 234256 0.769703230131
190792 1925 0.781243707455
39501 250434 0.776014606402
189587 120227 0.789138828643
292349 280480 0.784629895691
91719 299800 0.701719946717
5032 207691 0.774220605298
7152 226949 0.738699788803
260399 196038 0.742768588265
195261 67165 0.707778194429
43479 18332 0.75635822892
10116 295713 0.714608307344
25718 182016 0.748418339747
169121 44222 0.751956169924
230028 66514 0.784627533328
165561 27506 0.740880199028
235493 20147 0.731598376638
104620 97804 0.716138785168
238868 9770 0.781146199865
207061 218790 0.792565459212
237737 2240 0.761608972283
4825 252925 0.710236849264
159484 159574 0.730960304899
263707 224742 0.776672598878
258635 21897 0.787760482687
211696 21065 0.797850195768
190183 93437 0.711957226612
69287 30265 0.7277250407
167556 221680 0.756478276741
14283 271073 0.788035603719
179040 16719 0.768358182512
51593 164702 0.779253271191
225604 21781 0.719967720237
193569 222008 0.744706480307
33429 97489 0.788428797781
71693 102333 0.783783027361
1811 247275 0.789179494233
86965 2846 0.709689337376
71560 168611 0.765519455147
175817 57407 0.737350276852
134354 111643 0.731541043783
127282 175626 0.730236494495
61323 162486 0.741767507053
22440 166318 0.731832303512
270939 280272 0.717274558606
59499 90877 0.796004011444
26633 263823 0.702460041805
32456 238525 0.732775888997
168056 230610 0.701779439549
260460 5417 0.762726267684
318861 151745 0.722791040999
196270 91073 0.745796376502
242035 67104 0.755750713645
74780 11104 0.796965897831
262563 214762 0.750126274604
75080 163824 0.71915882697
118302 150984 0.713953246617
199694 270448 0.759117603686
12929 95283 0.745072026651
62923 278383 0.76974774938
160557 65199 0.794676828662
279615 40249 0.729376920872
270237 316727 0.738941444892
4350 87524 0.767716121742
50322 199386 0.788051399925
139087 312534 0.701055302107
201776 29767 0.78128776086
155835 314368 0.716796646414
305545 303211 0.703474139355
27497 74993 0.72553802743
195475 33741 0.792826538501
230692 162823 0.752230820531
5061 250481 0.73095445825
64221 279697 0.700408973232
267402 278306 0.737743751094
32679 43580 0.735846104139
273575 9301 0.736480865742
88129 283478 0.79218904841
229882 50213 0.796722058806
263216 252148 0.789762848717
21098 192819 0.754960061895
165409 31485 0.716150146518
200103 46180 0.758130088349
218253 20494 0.731316316474
280363 313426 0.744403423409
220816 6958 0.730659242848
155190 75092 0.798897151333
40229 217374 0.708334520694
14318 1529 0.737790962678
230802 9790 0.727925329229
72872 199719 0.788312129907
178812 54440 0.762058667849
250400 1894 0.748558018591
137489 120292 0.771969180939
190763 265043 0.723324706398
203541 238627 0.769143847763
176163 76939 0.707967937803
32846 4976 0.703746696154
24869 44266 0.789918454521
199165 90114 0.706220799859
273608 41743 0.788643080152
78790 147646 0.740849068664
55937 202545 0.796691078073
36322 98658 0.751724471255
173274 32295 0.756603564703
13205 73860 0.775128776772
204162 265589 0.748246937963
205544 232490 0.782642350166
260201 66259 0.737223956728
36112 247459 0.751084333496
384 41942 0.732559997804
277941 143267 0.747070489601
111660 180278 0.793846108693
74696 268820 0.791984297653
227696 21605 0.761696975495
220319 169293 0.761813341549
120382 140751 0.777280631988
49285 20034 0.716366063898
197165 259650 0.720172863156
167533 38320 0.729306810247
49312 36879 0.790397164296
208249 31556 0.76564570673
55508 250042 0.712652865733
102771 161261 0.779891305396
71642 187174 0.747175660833
203458 248446 0.784382706267
301435 43333 0.722560700892
245964 165499 0.767091472542
162855 256186 0.743875058671
162990 59001 0.705144130199
164287 105728 0.724220446259
206515 224914 0.76768268648
308463 32541 0.735948912754
26316 215034 0.780015572477
320548 112237 0.726470688108
18619 229405 0.719582658364
131237 151021 0.731900121782
271229 316773 0.779516120627
64589 89679 0.763494207845
83881 286662 0.725493766162
198180 244948 0.777179607992
199153 51422 0.74540307415
144191 186275 0.757259945246
38056 76759 0.793266318807
22957 63268 0.756362917293
201822 219526 0.729858098545
243631 16831 0.79845763908
51905 35788 0.709860279951
77840 120037 0.735575566661
5027 29255 0.787951798686
31787 54387 0.730923865494
300459 95177 0.768896194787
39084 306934 0.774874169516
280310 50919 0.773190318917
24162 41027 0.772463923417
34933 240828 0.79901379865
27655 217871 0.791144897989
96849 296299 0.731873828275
223702 261376 0.716462550225
101055 275318 0.771282755065
176674 123903 0.795677873819
98196 200178 0.724303535402
296787 42592 0.76499081361
33713 248378 0.733072286935
25853 69712 0.793977619601
230618 201078 0.746630213321
26488 166773 0.712983237753
42869 292658 0.745759647826
39257 100971 0.727885591978
248183 36126 0.720896879871
144002 149159 0.724954622265
180084 183702 0.774295083621
161641 43860 0.730155593931
213490 3699 0.714678965714
221513 209637 0.798761927856
24455 192288 0.775306864186
318258 274170 0.752969951802
278266 103594 0.782034145897
20626 247812 0.791049089054
286491 96231 0.752154617622
285746 89163 0.735294320913
48021 103551 0.706262171294
200053 19419 0.753886804135
38994 225288 0.739111964466
271589 5972 0.745884026218
316491 149427 0.723183539375
182265 21029 0.720973300185
63926 27519 0.756089507396
192223 189949 0.732024345004
35376 210518 0.744520032493
23666 260426 0.74303971228
231493 11089 0.776674567679
241713 216104 0.762680000137
5501 240905 0.784778657935
119074 145183 0.753470771655
192810 15105 0.746911506947
150838 320790 0.772718563975
56920 198733 0.734019951341
19844 214636 0.76838599086
39889 103531 0.782409064668
20886 44698 0.779758766604
76611 38244 0.774616655301
65410 188077 0.760786980588
73797 177763 0.742398367525
24356 169206 0.761838260936
216291 250419 0.78093514229
151127 174823 0.761866808638
70005 183764 0.761233512177
93497 292332 0.781240692357
52647 190850 0.790869169843
42814 13839 0.759617885538
12874 218662 0.738006278492
114060 143687 0.761548009723
46777 33900 0.797106269563
95148 57189 0.764332727423
274538 123472 0.772250924457
93084 15817 0.748589502543
34914 179372 0.747550823885
60196 230545 0.734939337366
242627 209368 0.788271263861
206145 11554 0.715073946223
296198 3779 0.777656022123
175008 18080 0.718509923401
103414 162225 0.789725086707
175461 38086 0.727684968344
41847 35085 0.795028968713
6855 220589 0.727206310627
8249 101628 0.771517434263
16601 253859 0.709352212806
155134 189504 0.744196611959
157918 273621 0.774891579232
17359 208321 0.727614196171
312345 307159 0.741682257096
42060 51270 0.722534010486
1179 61640 0.709123460818
204883 32281 0.764827264021
19517 220576 0.707334514033
44030 35911 0.764362143208
240728 202981 0.787679661134
87552 16924 0.706958897338
161327 49712 0.710945609148
301529 268722 0.717668630742
128863 77444 0.763589756341
95595 102216 0.745226827784
55829 603 0.701275946759
157493 277366 0.768146424679
205690 250356 0.791195694751
242188 98539 0.76609633338
107457 122636 0.796744794046
