294617 271273 0.912395082495
43219 276175 0.993496138202
191810 12515 0.935540078517
117588 121208 0.95856457916
226612 167829 0.982891551949
33425 247112 0.99899509441
272443 134245 0.958909922411
220054 65735 0.963946064039
206961 18719 0.927598539034
119703 60876 0.983479440816
154110 171861 0.955483286679
29675 94802 0.951420718217
210808 263041 0.938018040887
24840 50839 0.93709122521
295925 47078 0.958051586027
200337 94751 0.972109661917
164061 65845 0.976918631044
146223 175907 0.923189335217
282441 161735 0.948575917015
209566 30557 0.916810598897
28556 56446 0.928873645813
28426 210189 0.954902593547
195795 248424 0.974284414114
117441 149891 0.938992985274
275279 99933 0.960379159121
93562 27651 0.940285178548
10908 104986 0.979861891286
66904 256238 0.958292035153
247248 10999 0.938120122437
270510 21319 0.998556930769
268320 286181 0.95174370018
176604 148131 0.978039655334
180862 25789 0.957543061981
134378 78780 0.993099861715
66386 267183 0.907663228949
30770 180300 0.983722261634
27013 48565 0.990384512951
209049 97128 0.983453389994
1149 55232 0.987627242204
42822 267988 0.932503629485
152933 112420 0.985293198972
195694 256278 0.975914891709
61994 102946 0.977563323576
280571 63716 0.954940954117
191936 19741 0.96355317687
228829 17056 0.947944134813
223232 227484 0.951187942411
97762 36430 0.919653765166
182482 148292 0.965323753054
206286 44588 0.943294500524
97103 44297 0.921144446408
200468 25775 0.954734814847
18739 87883 0.987305700286
194572 162353 0.928883649635
48878 2742 0.961410777576
123754 274524 0.964617294915
191009 89385 0.917512375955
253175 11629 0.955825799276
60783 169932 0.946139625603
272930 7047 0.948232583953
193380 29514 0.934491253035
29270 204253 0.920984229047
268360 319399 0.927389126887
22541 165880 0.979293559922
219339 199038 0.986218983281
247049 168726 0.925454394482
22326 243621 0.921821550586
58461 95477 0.972135694425
167742 56142 0.974983388816
140007 320480 0.976201376674
20156 244735 0.931498837104
286403 100984 0.985118347853
227124 66136 0.994343661915
90813 9233 0.949292280727
15537 253328 0.957280926982
283560 298983 0.992071356788
2335 161296 0.985171151478
203167 10392 0.964348666752
17255 936 0.924709948085
31296 239342 0.951011072686
17624 261084 0.91393568525
59501 224525 0.976625549883
151998 140608 0.999322315441
288644 88776 0.989496114973
35681 56858 0.963274320764
48190 198945 0.930385633135
194901 293601 0.996567082942
315520 140468 0.911716780309
17400 255643 0.901806740265
78048 317176 0.903121205078
103043 95000 0.932519544485
68224 178257 0.955396211503
230567 164695 0.903997484431
169298 71171 0.960824609231
89442 195637 0.968995014212
183800 188406 0.923842753851
61867 211058 0.991155729543
157333 108945 0.905221803384
197854 58780 0.979077973963
202362 36964 0.972279286659
237814 165697 0.984964885814
33147 251603 0.912803706342
216362 24640 0.962320676332
93849 251040 0.928941610114
177128 60233 0.908026454257
5386 270758 0.993113744663
47733 203871 0.921679659612
6400 205630 0.983826259779
228227 66613 0.997682592004
276502 3534 0.959022560393
89917 102029 0.92496972178
72939 17499 0.901153005553
32371 179402 0.938503603333
7754 101535 0.933333367993
237638 64554 0.943929247567
92070 19088 0.987999761324
165612 18494 0.967781635991
95597 22160 0.992923652194
277059 299859 0.977033800673
30518 195691 0.949374248242
213306 190726 0.996275370049
190953 1885 0.97838899428
131849 171438 0.918238157897
26558 60193 0.921377527613
39943 41001 0.972008977257
57359 38830 0.955635859384
100962 56497 0.974906213582
271616 26444 0.92226589055
222811 202029 0.984876205227
258745 13011 0.9949305977
4859 68681 0.982547967161
201807 60681 0.921367579628
1730 269170 0.930514956662
89858 19678 0.940899316527
120888 312926 0.930049210418
241669 169404 0.903812481303
162159 41628 0.99016625997
264640 217586 0.96680853363
188879 38823 0.943491675598
50846 293675 0.97861811499
63975 27028 0.954887410548
239986 37265 0.910072757295
201679 233951 0.909962305577
280012 13857 0.981525314664
30864 70019 0.946189169197
221065 67381 0.980577560412
18811 180015 0.975583943437
223540 64909 0.949389595327
39985 76141 0.967539779815
264158 32018 0.963445602801
45591 202816 0.98820942444
49329 242043 0.97314653137
15377 213551 0.907316272267
204779 45550 0.93786938619
9637 250078 0.92972581352
7248 205925 0.927452873874
34508 89515 0.908035421675
29777 64857 0.911650524871
250949 19881 0.9249146243
232399 17338 0.940684313609
238741 205381 0.926176217748
43864 104609 0.987445573962
167890 101862 0.967838418888
168032 210255 0.998454988701
313652 153324 0.944844449587
6615 38415 0.934117742555
204566 91023 0.911119339917
299826 60993 0.962646135519
237474 163515 0.945719064877
136577 184375 0.949261877048
200836 260919 0.941026831742
96887 55604 0.917113273593
203071 13554 0.913356106365
55933 165415 0.992792426247
217613 164148 0.920303014108
92142 270174 0.952071146725
39521 163699 0.987457783581
593 53056 0.963573543972
6533 77214 0.951376860002
312635 148729 0.94167546973
18973 104337 0.902298491745
243946 216151 0.946541699381
237986 196467 0.997487852442
35753 269554 0.988024696346
35638 225499 0.988953864983
9474 202219 0.918419753903
76285 20424 0.971501444907
197077 3418 0.999125694876
32662 69064 0.912039751761
184151 320359 0.962827666678
32688 46681 0.96938658137
22800 279266 0.910628828282
6197 248337 0.976031818139
319371 101506 0.993266918079
252731 16586 0.925197530069
205668 164433 0.984117323636
174611 30972 0.922498082415
302514 82109 0.986388111377
38348 46090 0.968389728473
44604 45242 0.969854929193
152480 156495 0.90982636617
206610 3351 0.932892928177
300814 90601 0.942081090742
20740 5443 0.903350472435
65449 94084 0.976976758773
195450 26046 0.954780464441
37263 231352 0.931560763145
319844 114790 0.955677955064
64464 226802 0.996167079675
24855 163964 0.904502518391
196198 257775 0.916872725574
296372 163541 0.916584488028
166546 222611 0.958848275955
94914 299902 0.968850856852
31922 49659 0.973028936115
276676 296411 0.929728049275
168640 56943 0.925746410603
202317 246469 0.942518868818
277048 51463 0.976187899538
216073 31121 0.977073843907
226893 64570 0.972974816032
159977 24944 0.911531381101
35044 60995 0.951146346511
47584 98253 0.942845914771
171807 60922 0.980981136493
101867 302929 0.917970381558
35175 260053 0.916985404971
92379 270398 0.936442016016
11905 237105 0.908698687197
1744 210746 0.903031912064
32436 208784 0.970533187779
297360 57172 0.945161312485
76183 105079 0.968113873111
11178 246363 0.978279906778
180302 131921 0.986325589113
13165 105628 0.909533145571
205731 14997 0.938565894033
33787 212890 0.980626331836
89302 202045 0.926243033576
4301 254502 0.902013570213
88933 290592 0.955959459112
312 50578 0.948960923554
209055 236467 0.9434787371
148752 148630 0.979501304229
199460 220231 0.984275019348
120715 135917 0.962711361123
105428 80524 0.986222925376
21395 222369 0.966674899804
203909 11039 0.920322178895
4484 218527 0.919976234748
191272 14641 0.90667509894
21331 220650 0.972965688979
16765 202925 0.921440899931
132997 145823 0.919201213775
27877 46868 0.973031531204
26595 185059 0.926033860455
32167 224688 0.988202224264
252510 225860 0.964957392373
198837 13924 0.962541884637
198935 52124 0.946660334148
261168 204822 0.914721577333
317294 117067 0.976642161919
87580 63813 0.902471678414
12386 62671 0.92569660739
34390 196608 0.961290883575
22350 271581 0.968665264472
267153 292933 0.951749840646
66183 220142 0.995023493765
211751 169382 0.915412869452
71929 200783 0.952447295599
276295 292807 0.970039291193
94837 280450 0.930389606255
25149 160547 0.973143658685
2226 4722 0.97960369669
265483 222411 0.941128990205
40562 315662 0.912902290927
183799 134648 0.950318152095
37265 232129 0.960266083745
250683 30687 0.996991439833
86163 41732 0.962676375153
299947 83745 0.985428564294
87921 163769 0.942512740626
243942 27074 0.973283426226
277841 156980 0.969140745547
102801 87430 0.90287237639
158895 179832 0.997402302599
41315 15013 0.910351081667
233303 56322 0.970379021105
70812 179388 0.969054071434
244056 19296 0.907551616088
571 220895 0.960115533086
56626 204408 0.960411603793
44714 75182 0.939983385989
7779 221329 0.977568213272
146127 174305 0.984654874537
39081 2979 0.932490423819
163071 50382 0.967515473795
167973 19654 0.938593925928
160251 271409 0.983857323279
256677 28975 0.982508964204
41427 66189 0.984287932125
144393 183943 0.912027318692
259416 17317 0.963556383005
102268 61377 0.924669949447
241564 66191 0.991846420295
47884 35651 0.904741297296
231879 11418 0.965067947561
66019 247754 0.927220047158
157545 41158 0.932421237891
63492 172415 0.974077974547
210731 161642 0.968957081515
197368 232535 0.944641279179
232625 34894 0.951049278652
3101 19974 0.90157325191
181401 187853 0.933381010545
296441 276359 0.912741665963
151099 126286 0.907254759043
233120 4022 0.902527356861
215161 225469 0.933553222332
43381 176727 0.935344367989
266105 224374 0.978278477496
163779 18596 0.914834187683
166905 254541 0.979057897086
56379 95959 0.991336308902
208432 190488 0.925723450806
200152 97335 0.925398867964
185054 155929 0.931381061844
65127 48 0.919623073451
223609 73744 0.988160676074
25206 224040 0.908848405017
260933 168738 0.980165962465
245522 210077 0.966756550075
31061 421 0.995638985839
210467 49334 0.930710213793
162670 200820 0.927497930957
52173 295085 0.902814775654
299266 95367 0.92832923167
191265 238866 0.938202703911
199873 66782 0.974459790982
270010 28833 0.901388957454
237282 11920 0.953401735928
157798 316794 0.955667446409
20575 189321 0.918303792408
168637 21194 0.965255969466
103003 90607 0.975851341585
90791 210117 0.936497795208
10413 201353 0.943703920447
18190 209448 0.966556694026
53149 32174 0.949856533838
68325 225017 0.948974643351
273524 145129 0.940374446464
185538 21256 0.950576747239
216287 30001 0.913659661472
268978 89105 0.984217806742
72040 202314 0.942812277959
260302 201612 0.952909381438
129944 177747 0.928149513748
11850 91891 0.940032812364
255441 22663 0.980333355805
235931 7201 0.919774361778
45806 296378 0.94420083118
65680 199124 0.924258672072
277868 132026 0.935642315178
103896 50766 0.989950145232
60606 96508 0.954613540688
275980 16402 0.995161619994
24954 231518 0.959467236925
188072 120088 0.961861578852
20063 274760 0.960383433905
156245 145775 0.98618846609
209369 64291 0.942526928902
245795 6341 0.919584244801
300550 87101 0.910438627109
53329 52198 0.972860158317
197339 218445 0.977365219764
186685 99217 0.936839949888
263805 19487 0.91228471858
232597 206687 0.93086748861
220974 53140 0.971955106957
220779 169267 0.992601321176
166810 228370 0.945969321281
201900 11632 0.979115479283
198243 33978 0.9352687159
269114 86394 0.917873607792
278924 62904 0.924413316711
160266 52454 0.95141364539
44339 279660 0.924133135188
220517 170772 0.936103880057
104188 66214 0.900149289143
180755 151636 0.995937315378
26728 48418 0.921856718117
166696 227760 0.913404226178
53117 27457 0.933839029635
270497 299555 0.991168317729
20098 245850 0.98718542077
93283 305222 0.902022802795
17952 247987 0.923846561298
200691 42356 0.985311613769
180786 318385 0.995286848179
201958 55974 0.925275370358
89912 11066 0.924572847381
76335 255749 0.988990572973
222184 59572 0.954299586657
15402 230954 0.942204971567
218735 161509 0.921426420636
233742 67010 0.955367425928
16493 182350 0.931148484342
1119 96967 0.973190515395
167561 21166 0.914887743064
104238 277061 0.996181743718
38368 226877 0.937189858298
160273 255293 0.954280697025
36456 161779 0.990323548776
50519 29111 0.950354534584
100385 293075 0.992400853654
34423 206793 0.942846962226
62664 22393 0.998632486049
191619 222431 0.917045033792
110087 147276 0.930834016071
161923 22452 0.959978375227
175305 73999 0.997864288065
318419 108093 0.952066018936
197553 26185 0.996994352943
42423 273935 0.962016217746
67366 280862 0.995562818142
185092 224503 0.975382737497
199229 270880 0.97236224087
65140 243217 0.987337708938
296671 3142 0.964390583163
75534 280173 0.921266394378
196641 46339 0.93112736006
38751 247161 0.934218384238
133009 172555 0.969384867081
80185 300911 0.942664748779
728 230588 0.924534239925
205936 232052 0.904597055294
67962 102665 0.907192307008
30836 45687 0.965601349869
203304 47935 0.99703944441
6269 240876 0.970719103537
198815 230755 0.922656051819
302055 84227 0.927059082242
13314 197956 0.922008632696
64675 297127 0.948120195021
310136 186511 0.93064009372
246812 195895 0.947981946149
56851 28894 0.954686324433
144769 120633 0.971136166109
41442 39445 0.949536730947
37164 235437 0.982824846107
145389 118101 0.983194477125
46952 197439 0.94717940652
212581 65525 0.979383835197
227068 24129 0.943763887424
32922 41846 0.965222626963
154461 187602 0.923485964325
8091 273314 0.95256408224
198594 258198 0.938000853487
281624 86019 0.914578701929
251500 49651 0.949284612763
251747 45482 0.986297305669
215019 207980 0.968975338858
275041 296993 0.905638174888
204405 32372 0.921040716061
149893 181330 0.981765955536
63841 219753 0.924830166534
320390 106618 0.914808257549
226846 71730 0.96609942412
184524 185016 0.953214259392
29865 225915 0.971745397003
190790 21525 0.986648942603
188345 74842 0.956393652001
204685 23719 0.945408956495
233046 261191 0.987776567604
216150 22766 0.913347347672
112258 146149 0.928934531704
61015 93660 0.909090346893
224116 167967 0.985116206882
133560 172237 0.915533375553
16708 269166 0.973908059773
239744 262750 0.996477911467
270317 88316 0.974893918606
245368 160686 0.91228238441
65260 164251 0.907023219732
272566 160719 0.904981387776
49752 72830 0.945516935964
297528 281231 0.904306465005
209854 26273 0.950499707298
300027 3075 0.966027299657
99855 281453 0.992880969131
199382 30123 0.957591521199
254897 6952 0.984526870817
239811 19120 0.968825480719
79000 184591 0.910355325817
215643 2214 0.921497294051
272848 36368 0.950004046458
39249 293337 0.951237315132
271095 35811 0.971342459049
248605 37463 0.931329114962
169301 212376 0.996550745051
188059 69735 0.980773104569
246581 77019 0.941596153187
8341 244945 0.981750461458
225723 263740 0.909550424149
233024 198697 0.985253266682
65146 234056 0.903061549425
87096 191786 0.933673820973
237265 204313 0.901645560486
288244 95665 0.94617900151
105620 163737 0.95171206124
75790 16897 0.95633704927
238736 39232 0.937858471251
13025 70894 0.976558412389
550 13195 0.924835316214
45067 161127 0.965692992467
89951 8579 0.983627441485
105199 277376 0.920736417183
68928 28061 0.948823033949
231140 20025 0.936974045123
13926 193501 0.977767474277
173478 308146 0.984831743191
179196 256091 0.934239137225
96118 205688 0.970709921718
5110 44528 0.935162004974
162529 66612 0.919427866793
201481 257852 0.996605381696
91192 12428 0.971288467285
26502 240669 0.93937719428
40480 80778 0.972170887941
230911 33012 0.905031001934
3976 255883 0.958207214945
7555 209547 0.952210292888
180567 154566 0.935290706996
162982 190616 0.937466276233
161475 245044 0.904593154267
157071 317047 0.93944237946
167083 42494 0.937376449974
82376 304355 0.914675947527
36465 218786 0.991787125052
17083 231419 0.94289244075
25100 222277 0.939786234034
132423 157171 0.93058966327
232188 8337 0.98630440148
216795 57628 0.918417234893
197483 9414 0.931964174692
68498 166833 0.930418843683
204736 46649 0.97252955246
283701 85948 0.977751777659
321156 157191 0.997193941225
317102 140302 0.909478061402
280356 134391 0.94481980863
86835 91388 0.999225125125
46696 304960 0.990128526049
23377 178822 0.913984020706
149803 172543 0.939702945281
245943 18521 0.969106051129
235092 26740 0.908409199903
276836 100030 0.972986583423
74509 199960 0.947960054169
121632 170043 0.958555617641
119312 137055 0.964505707471
166118 26652 0.969102042157
37985 75433 0.997810346471
28314 59993 0.943882286413
96226 13740 0.934793573231
193886 94351 0.903705405478
66518 198502 0.958005431949
295980 44246 0.936520733863
3829 190965 0.985315218297
208000 48894 0.915598189918
98578 200734 0.959065537906
95718 41382 0.943279869008
260065 215829 0.990441988135
250595 28398 0.948681698593
251556 15666 0.914039157964
77354 254013 0.908953363642
292420 160622 0.941299409351
140664 181390 0.911106278257
254679 222337 0.931922303232
275885 294489 0.983055955319
31142 202947 0.942172156403
13189 64090 0.979287941062
147109 184524 0.982164399244
52036 195638 0.957279698916
121888 119860 0.984193171144
252298 263077 0.959010440299
18821 220533 0.923878551401
26240 208239 0.903201490173
3719 75356 0.901374836787
104380 293937 0.945234608053
215980 20952 0.931952953294
129068 115815 0.905868417084
270117 302666 0.987740664008
165742 220784 0.957164634075
73058 243308 0.945514547002
95786 304971 0.980136830329
18786 217709 0.900541369365
17092 61793 0.960111943521
12513 96056 0.987350560199
2985 292759 0.907129987295
17061 240185 0.909920697361
51027 210539 0.958495242892
102071 316664 0.986881692336
234507 190855 0.995192979197
161091 71568 0.919576034268
220284 73780 0.943746627361
59172 167424 0.938613339417
2805 93213 0.900826174673
202193 236495 0.956906950918
286973 100342 0.947699352044
198164 14534 0.937212840977
188850 54981 0.92690077893
146314 171716 0.932243552582
29519 59343 0.953374477763
68852 273032 0.908286698778
102872 71619 0.978121338858
87476 6064 0.969403879789
143747 78828 0.983214699173
68447 27233 0.994439672168
159497 109428 0.942613145253
126810 280792 0.961174390436
37245 260305 0.983786917475
251869 166297 0.947157866675
872 223100 0.953147458311
295214 102610 0.979861046207
217532 244996 0.914717758392
4909 273703 0.949757034839
176107 59231 0.912934771173
8075 39849 0.971392496597
203799 211226 0.97261481515
192047 234510 0.902213057619
19736 69302 0.942931583292
57055 169227 0.986748156187
71165 166637 0.982627443466
14688 254810 0.968391679251
262674 240296 0.992229232612
211426 64987 0.958476859854
105184 278476 0.906089967497
77049 195351 0.900381392686
14375 87666 0.957517071639
69650 146096 0.949763856835
26554 271054 0.930888539234
207334 44999 0.902322179988
23514 214888 0.925656306502
256799 265406 0.968515974835
53419 203840 0.929326464563
246365 67509 0.951037095519
279319 41281 0.973354395629
34109 201980 0.930828560934
12579 241067 0.94160774022
89073 49058 0.950123929323
101162 288066 0.904157900925
199995 61736 0.957484625397
188779 73891 0.984131868787
35203 259696 0.916055095579
64633 203357 0.972270712689
178760 311680 0.952834162639
160488 242785 0.906384275685
232152 216695 0.936676972998
55864 207140 0.930977914549
155950 182638 0.933899421272
204340 266686 0.931133695719
72363 32603 0.90056626399
164790 97806 0.992967231119
90794 5674 0.954267056905
32898 211670 0.968480589745
221959 194204 0.925312987393
126748 116798 0.932449500329
271620 14334 0.99932806747
6666 94449 0.998999454199
199776 30152 0.948488417241
178694 222291 0.923690001326
49895 221906 0.937019542374
15694 259521 0.983137066904
321206 108983 0.961693585034
213035 76348 0.90860532686
6129 207578 0.921958524886
275467 317816 0.934108185308
215356 208782 0.941333847843
193844 722 0.966808504995
25888 74072 0.955703800064
45557 104325 0.919833351546
11887 2069 0.94032274464
172147 151689 0.984642615611
196035 243176 0.900770945746
32755 51582 0.930424037951
144510 41601 0.932502746833
24668 159992 0.926508220567
171903 158334 0.972036123299
96070 54565 0.902979871765
60995 220196 0.954583298446
205269 279448 0.955354897056
279450 71513 0.977687234476
91003 285738 0.93670765955
38612 73724 0.994882016392
111936 125024 0.952827833442
8406 274988 0.921321836364
6843 76563 0.902854178223
32084 164897 0.987992559224
119167 151052 0.922862396341
294909 86398 0.942852057621
273847 54763 0.925815437425
60116 245390 0.923952062878
179377 308938 0.96622301425
268801 69011 0.963612809479
162569 2509 0.979938030507
73291 166088 0.997768344391
272937 305916 0.968741685624
33775 258917 0.989713739199
20766 236204 0.927630208428
54498 25154 0.945349934102
13049 232375 0.950468670513
190558 13523 0.96983018264
287801 98852 0.939734431537
229299 164752 0.97018267904
4712 297512 0.988412146628
94071 36514 0.921040145308
17623 259170 0.978528217062
186606 69593 0.966285949872
98401 304472 0.932336005349
67361 96645 0.959165991904
218742 189834 0.973326322749
53675 91345 0.939350353989
39163 7718 0.991877535065
317595 172431 0.916368998827
279980 19375 0.987724194495
18965 242648 0.970329231815
51180 277023 0.909260254841
193694 166082 0.952773813361
314463 144409 0.969462307937
242504 65696 0.930937521561
223863 251476 0.96231156225
175149 317543 0.947093944478
23933 61980 0.923524342875
51007 268097 0.952859101232
228853 54841 0.978541206306
62303 33221 0.912251195284
193865 5026 0.941584694884
50771 119372 0.913114265771
182021 69886 0.998921224619
52861 275478 0.930714464962
54747 27467 0.95412201243
148367 317236 0.903398548993
271599 296518 0.928210524467
271153 319476 0.909147621129
8894 88610 0.924998372773
22190 241437 0.983990665848
200088 58698 0.943348828124
210651 33786 0.919497713372
278378 149678 0.925179612247
18526 279729 0.900795836792
165604 234256 0.995930577668
190792 1925 0.913856140697
39501 250434 0.934681868392
189587 120227 0.906380749646
292349 280480 0.980765415722
91719 299800 0.909405069763
5032 207691 0.951319017464
7152 226949 0.945762411672
260399 196038 0.948070165856
195261 67165 0.96703561502
43479 18332 0.907145113008
10116 295713 0.919753877281
25718 182016 0.967781692479
169121 44222 0.974825969186
230028 66514 0.966584596527
165561 27506 0.95667853643
235493 20147 0.922932421778
104620 97804 0.961235508479
238868 9770 0.911315048632
207061 218790 0.961989502357
237737 2240 0.99600758891
4825 252925 0.94666890755
159484 159574 0.957198782134
263707 224742 0.931723800978
258635 21897 0.910869341286
211696 21065 0.971300474979
190183 93437 0.929359487243
69287 30265 0.982366715765
167556 221680 0.913279866017
14283 271073 0.96987533143
179040 16719 0.906171752904
51593 164702 0.928966523894
225604 21781 0.943860465114
193569 222008 0.927542258712
33429 97489 0.976973488849
71693 102333 0.947658843732
1811 247275 0.916214136055
86965 2846 0.977555781247
71560 168611 0.987828302111
175817 57407 0.90884864243
134354 111643 0.981060982953
127282 175626 0.921042038256
61323 162486 0.981655735187
22440 166318 0.993620317786
270939 280272 0.932833560798
59499 90877 0.938159888653
26633 263823 0.945856430139
32456 238525 0.90075977508
168056 230610 0.912156908104
260460 5417 0.994944906796
318861 151745 0.942893460948
196270 91073 0.930639113495
242035 67104 0.946734614253
74780 11104 0.977939020748
262563 214762 0.991892412988
75080 163824 0.990088088075
118302 150984 0.901458900311
199694 270448 0.933593729298
12929 95283 0.93718281025
62923 278383 0.909864282198
160557 65199 0.940533775047
279615 40249 0.988154918601
270237 316727 0.966153286471
4350 87524 0.925403623164
50322 199386 0.91880278858
139087 312534 0.932747087077
201776 29767 0.968628722177
155835 314368 0.961154681879
305545 303211 0.939574507792
27497 74993 0.983286260937
195475 33741 0.931343893837
230692 162823 0.928557672284
5061 250481 0.951765529424
64221 279697 0.958867057186
267402 278306 0.905665118202
32679 43580 0.967126379337
273575 9301 0.958718135285
88129 283478 0.901497179727
229882 50213 0.934315151597
263216 252148 0.943233192492
21098 192819 0.961709587062
165409 31485 0.905837946832
200103 46180 0.968756749316
218253 20494 0.908505308923
280363 313426 0.921631712193
220816 6958 0.995213382624
155190 75092 0.92594880342
40229 217374 0.925670297598
14318 1529 0.907727424475
230802 9790 0.947557583717
72872 199719 0.921984820713
178812 54440 0.923015143245
250400 1894 0.945788312781
137489 120292 0.935592850118
190763 265043 0.918848473521
203541 238627 0.981432013034
176163 76939 0.956992814413
32846 4976 0.926043629912
24869 44266 0.939741310964
199165 90114 0.944021096203
273608 41743 0.970676518563
78790 147646 0.958456032494
55937 202545 0.929485157857
36322 98658 0.914124333244
173274 32295 0.990641196319
13205 73860 0.900854637574
204162 265589 0.931468662702
205544 232490 0.979793095398
260201 66259 0.961054520766
36112 247459 0.908745957785
384 41942 0.909890744162
277941 143267 0.934811080808
111660 180278 0.936289542293
74696 268820 0.916326326493
227696 21605 0.978801135591
220319 169293 0.994379479325
120382 140751 0.950584141537
49285 20034 0.956584254731
197165 259650 0.958537228481
167533 38320 0.983880461038
49312 36879 0.916971711142
208249 31556 0.914832309122
55508 250042 0.965912033688
102771 161261 0.926711393374
71642 187174 0.93256980861
203458 248446 0.902695279489
301435 43333 0.904337193999
245964 165499 0.911248181018
162855 256186 0.931204478219
162990 59001 0.919125424779
164287 105728 0.982414512671
206515 224914 0.965013505659
308463 32541 0.920213618433
26316 215034 0.990606090538
320548 112237 0.957372284408
18619 229405 0.965029024281
131237 151021 0.906760310628
271229 316773 0.965281653905
64589 89679 0.976541571817
83881 286662 0.903763294276
198180 244948 0.977108022919
199153 51422 0.907908900902
144191 186275 0.971417381301
38056 76759 0.993675183369
22957 63268 0.965440182772
201822 219526 0.960329599253
243631 16831 0.915801349686
51905 35788 0.919053715526
77840 120037 0.914587528039
5027 29255 0.953537769235
31787 54387 0.914795291058
300459 95177 0.982550853563
39084 306934 0.900897162621
280310 50919 0.950983816819
24162 41027 0.970406976199
34933 240828 0.972018835065
27655 217871 0.956999685831
96849 296299 0.900290393476
223702 261376 0.936149995227
101055 275318 0.906406772436
176674 123903 0.938281558631
98196 200178 0.900914596438
296787 42592 0.912786497571
33713 248378 0.909362714196
25853 69712 0.928745786754
230618 201078 0.983269918315
26488 166773 0.964714267981
42869 292658 0.959287777738
39257 100971 0.961968958055
248183 36126 0.949291232256
144002 149159 0.964513796616
180084 183702 0.991377531553
161641 43860 0.984321896458
213490 3699 0.994485017753
221513 209637 0.958228470381
24455 192288 0.955703811112
318258 274170 0.949724648165
278266 103594 0.984373516388
20626 247812 0.979074749465
286491 96231 0.966024916984
285746 89163 0.939094176724
48021 103551 0.930699061325
200053 19419 0.987716692736
38994 225288 0.931330469748
271589 5972 0.981419734577
316491 149427 0.991946856383
182265 21029 0.981388942118
63926 27519 0.957731212847
192223 189949 0.900353781249
35376 210518 0.99612490533
23666 260426 0.947555254823
231493 11089 0.951595749075
241713 216104 0.906384566882
5501 240905 0.975997446645
119074 145183 0.912751102543
192810 15105 0.941613313788
150838 320790 0.95420087537
56920 198733 0.915530544585
19844 214636 0.985937706841
39889 103531 0.97748532805
20886 44698 0.913691311411
76611 38244 0.909490072593
65410 188077 0.980462034376
73797 177763 0.994256607323
24356 169206 0.969164882485
216291 250419 0.901734820851
151127 174823 0.98820351161
70005 183764 0.961339129714
93497 292332 0.943781429864
52647 190850 0.969965718888
42814 13839 0.932913459788
12874 218662 0.979628181213
114060 143687 0.972403067676
46777 33900 0.976283693784
95148 57189 0.993634523369
274538 123472 0.937974152944
93084 15817 0.957690498732
34914 179372 0.95967779226
60196 230545 0.909017839873
242627 209368 0.965870358308
206145 11554 0.995878834314
296198 3779 0.951896854659
175008 18080 0.909265647164
103414 162225 0.97967266308
175461 38086 0.945113232657
41847 35085 0.900425740316
6855 220589 0.999677156872
8249 101628 0.972233460939
16601 253859 0.923406249925
155134 189504 0.917621162591
157918 273621 0.906385245418
17359 208321 0.917331473432
312345 307159 0.959266056476
42060 51270 0.90401476316
1179 61640 0.961501735725
204883 32281 0.997492346461
19517 220576 0.966453667756
44030 35911 0.923587064546
240728 202981 0.987079342868
87552 16924 0.925041561064
161327 49712 0.939927187573
301529 268722 0.904871752259
128863 77444 0.959190873899
95595 102216 0.964252817904
55829 603 0.920544035308
157493 277366 0.975432526344
205690 250356 0.991008254391
242188 98539 0.979586950659
107457 122636 0.930524991188
