294617 271273 0.84848174225
43219 276175 0.894315268767
191810 12515 0.811772254812
117588 121208 0.82863224318
226612 167829 0.858227981988
33425 247112 0.859741237578
272443 134245 0.872312401191
220054 65735 0.881212577148
206961 18719 0.824756200151
119703 60876 0.833059601866
154110 171861 0.825952497172
29675 94802 0.876227715032
210808 263041 0.811710109196
24840 50839 0.869908145769
295925 47078 0.867414169223
200337 94751 0.806720254142
164061 65845 0.882431956502
146223 175907 0.875957031441
282441 161735 0.81350013696
209566 30557 0.811032626742
28556 56446 0.830986412833
28426 210189 0.871592213331
195795 248424 0.892072698156
117441 149891 0.841475877381
275279 99933 0.859020731291
93562 27651 0.886753747991
10908 104986 0.83419702064
66904 256238 0.867184198908
247248 10999 0.818549245208
270510 21319 0.811163161116
268320 286181 0.855448800581
176604 148131 0.823751537147
180862 25789 0.893638571569
134378 78780 0.805910843948
66386 267183 0.833962020458
30770 180300 0.847953817972
27013 48565 0.825340344903
209049 97128 0.895187015233
1149 55232 0.842294415013
42822 267988 0.849407329812
152933 112420 0.813810005189
195694 256278 0.867388762949
61994 102946 0.88285768375
280571 63716 0.856672378341
191936 19741 0.831465923453
228829 17056 0.896021172417
223232 227484 0.814536261081
97762 36430 0.811849311799
182482 148292 0.898668080771
206286 44588 0.812785463377
97103 44297 0.804979661596
200468 25775 0.898191958297
18739 87883 0.889613933829
194572 162353 0.82734440004
48878 2742 0.802030646726
123754 274524 0.891715818855
191009 89385 0.815839940621
253175 11629 0.817579780288
60783 169932 0.812774444147
272930 7047 0.804910162669
193380 29514 0.81851711334
29270 204253 0.868153587625
268360 319399 0.8828019873
22541 165880 0.862751216809
219339 199038 0.809368331526
247049 168726 0.834690676806
22326 243621 0.830397609958
58461 95477 0.812728452393
167742 56142 0.854212336166
140007 320480 0.830338822295
20156 244735 0.802074274624
286403 100984 0.849230720301
227124 66136 0.863401392687
90813 9233 0.884480076617
15537 253328 0.83346898154
283560 298983 0.83201567709
2335 161296 0.841096160665
203167 10392 0.898642934201
17255 936 0.863770845364
31296 239342 0.824169646146
17624 261084 0.812640743251
59501 224525 0.835525046884
151998 140608 0.877275581921
288644 88776 0.829516604469
35681 56858 0.852145014481
48190 198945 0.84785242104
194901 293601 0.804426046522
315520 140468 0.87857637331
17400 255643 0.820994845518
78048 317176 0.832735951072
103043 95000 0.811790470691
68224 178257 0.895774805105
230567 164695 0.88493588534
169298 71171 0.864868982228
89442 195637 0.868364212188
183800 188406 0.878876474929
61867 211058 0.820743585085
157333 108945 0.854800853737
197854 58780 0.846282655481
202362 36964 0.849770145072
237814 165697 0.878824576464
33147 251603 0.82648526561
216362 24640 0.82588502406
93849 251040 0.83404374563
177128 60233 0.871195212792
5386 270758 0.826123371926
47733 203871 0.889804333837
6400 205630 0.811664166703
228227 66613 0.886398557769
276502 3534 0.805084443833
89917 102029 0.809701861878
72939 17499 0.822414693337
32371 179402 0.845643121111
7754 101535 0.827655275716
237638 64554 0.841880789887
92070 19088 0.810802638516
165612 18494 0.823523478961
95597 22160 0.832387204655
277059 299859 0.823122858641
30518 195691 0.873220189285
213306 190726 0.806185503627
190953 1885 0.861708780584
131849 171438 0.852846975814
26558 60193 0.828735013117
39943 41001 0.845565326936
57359 38830 0.867425119879
100962 56497 0.857427810489
271616 26444 0.84477579805
222811 202029 0.810622400119
258745 13011 0.803725191396
4859 68681 0.876549795477
201807 60681 0.891252311486
1730 269170 0.834732008925
89858 19678 0.897600291617
120888 312926 0.882479696858
241669 169404 0.844899746967
162159 41628 0.80812948596
264640 217586 0.835001629707
188879 38823 0.827187656363
50846 293675 0.838710595421
63975 27028 0.802482081846
239986 37265 0.806243743223
201679 233951 0.859867431324
280012 13857 0.881432431524
30864 70019 0.830000422127
221065 67381 0.827861166211
18811 180015 0.851851267544
223540 64909 0.86684806077
39985 76141 0.805890313763
264158 32018 0.879691358974
45591 202816 0.858189941183
49329 242043 0.809691497119
15377 213551 0.854626726596
204779 45550 0.826307824804
9637 250078 0.859720694854
7248 205925 0.812387615391
34508 89515 0.884980922013
29777 64857 0.886817137849
250949 19881 0.887237838819
232399 17338 0.803964507736
238741 205381 0.899492284849
43864 104609 0.86238271586
167890 101862 0.849710977114
168032 210255 0.865004419318
313652 153324 0.832456417067
6615 38415 0.837912535694
204566 91023 0.81671979316
299826 60993 0.810616239184
237474 163515 0.808121095042
136577 184375 0.820298014425
200836 260919 0.831182066475
96887 55604 0.877609293024
203071 13554 0.831333042717
55933 165415 0.881681560568
217613 164148 0.898613772976
92142 270174 0.828373550955
39521 163699 0.807375552072
593 53056 0.817847555334
6533 77214 0.872317855415
312635 148729 0.811691961213
18973 104337 0.866855242542
243946 216151 0.824985972639
237986 196467 0.880362573309
35753 269554 0.841321377856
35638 225499 0.833306291848
9474 202219 0.813280386228
76285 20424 0.814802451891
197077 3418 0.85940845484
32662 69064 0.817784165502
184151 320359 0.861430837746
32688 46681 0.888878801771
22800 279266 0.893364046336
6197 248337 0.841396187646
319371 101506 0.820886994243
252731 16586 0.806469666658
205668 164433 0.883309167949
174611 30972 0.814508677379
302514 82109 0.850391810045
38348 46090 0.883212899313
44604 45242 0.817220817322
152480 156495 0.856338993186
206610 3351 0.875092566893
300814 90601 0.83024080782
20740 5443 0.889734418132
65449 94084 0.854362050021
195450 26046 0.840844715241
37263 231352 0.837286829351
319844 114790 0.858622488179
64464 226802 0.859210633538
24855 163964 0.881358938934
196198 257775 0.805652058881
296372 163541 0.88616255685
166546 222611 0.859946195077
94914 299902 0.817333475755
31922 49659 0.864675068473
276676 296411 0.899216337639
168640 56943 0.849938094462
202317 246469 0.869096102667
277048 51463 0.846327385997
216073 31121 0.885718602544
226893 64570 0.81876770481
159977 24944 0.848127419761
35044 60995 0.885432747646
47584 98253 0.847598551495
171807 60922 0.852184553119
101867 302929 0.867755069744
35175 260053 0.84035771459
92379 270398 0.831264544139
11905 237105 0.807040425509
1744 210746 0.804484705034
32436 208784 0.847326951182
297360 57172 0.880521483881
76183 105079 0.806566756569
11178 246363 0.860375283319
180302 131921 0.878276968508
13165 105628 0.885534944396
205731 14997 0.889499802092
33787 212890 0.801516034953
89302 202045 0.844563212331
4301 254502 0.879957525275
88933 290592 0.890395694222
312 50578 0.850343337468
209055 236467 0.817380122406
148752 148630 0.88902015632
199460 220231 0.848480053693
120715 135917 0.841737728806
105428 80524 0.840429298066
21395 222369 0.822740632422
203909 11039 0.8031260637
4484 218527 0.831369420522
191272 14641 0.891004917087
21331 220650 0.81943936185
16765 202925 0.87410549016
132997 145823 0.82346799073
27877 46868 0.851236726394
26595 185059 0.863154497933
32167 224688 0.835674977904
252510 225860 0.878297911782
198837 13924 0.899826129576
198935 52124 0.888733878687
261168 204822 0.898573264236
317294 117067 0.81710307467
87580 63813 0.858886265127
12386 62671 0.807267881288
34390 196608 0.85644830675
22350 271581 0.892323939283
267153 292933 0.833214724945
66183 220142 0.873783714668
211751 169382 0.87374463318
71929 200783 0.893214145384
276295 292807 0.886294729503
94837 280450 0.857627160628
25149 160547 0.88749507906
2226 4722 0.811531718291
265483 222411 0.88915163283
40562 315662 0.813899124456
183799 134648 0.897429736416
37265 232129 0.860457213376
250683 30687 0.849488514343
86163 41732 0.814649772679
299947 83745 0.865201629591
87921 163769 0.803000282468
243942 27074 0.865499988019
277841 156980 0.855131979887
102801 87430 0.85552380631
158895 179832 0.876920061396
41315 15013 0.830784060523
233303 56322 0.888665428289
70812 179388 0.802441590241
244056 19296 0.851768396863
571 220895 0.856953258328
56626 204408 0.875726430218
44714 75182 0.809845173992
7779 221329 0.854891004027
146127 174305 0.815577058581
39081 2979 0.829425337809
163071 50382 0.840089810158
167973 19654 0.858100689196
160251 271409 0.868221255187
256677 28975 0.838667206159
41427 66189 0.823965192356
144393 183943 0.890262162218
259416 17317 0.850705699231
102268 61377 0.810615515755
241564 66191 0.851965483907
47884 35651 0.818056558589
231879 11418 0.875755527855
66019 247754 0.811736947761
157545 41158 0.836825426451
63492 172415 0.8115432887
210731 161642 0.884698929394
197368 232535 0.828171515819
232625 34894 0.867396557952
3101 19974 0.807164993345
181401 187853 0.806830222681
296441 276359 0.806471613621
151099 126286 0.87522258775
233120 4022 0.859786407897
215161 225469 0.883741589747
43381 176727 0.804336211093
266105 224374 0.816989557174
163779 18596 0.852440777747
166905 254541 0.832458990747
56379 95959 0.855656964428
208432 190488 0.85717544862
200152 97335 0.849657660557
185054 155929 0.829715086202
65127 48 0.833737785582
223609 73744 0.899687808931
25206 224040 0.80615160486
260933 168738 0.894579241802
245522 210077 0.861074114396
31061 421 0.878007440188
210467 49334 0.809047720459
162670 200820 0.895579162888
52173 295085 0.818314391922
299266 95367 0.84748952482
191265 238866 0.823532655281
199873 66782 0.825052705842
270010 28833 0.808301161528
237282 11920 0.825710270049
157798 316794 0.845862191454
20575 189321 0.803773558419
168637 21194 0.814744534761
103003 90607 0.839095056513
90791 210117 0.815321766406
10413 201353 0.810994194688
18190 209448 0.837939381631
53149 32174 0.840751101453
68325 225017 0.804377905885
273524 145129 0.869922004016
185538 21256 0.894820661185
216287 30001 0.849512282648
268978 89105 0.823347952999
72040 202314 0.846624266396
260302 201612 0.832156646446
129944 177747 0.886490017738
11850 91891 0.879735371746
255441 22663 0.869066883125
235931 7201 0.879773601839
45806 296378 0.87467603967
65680 199124 0.85109635282
277868 132026 0.869227204137
103896 50766 0.867646388404
60606 96508 0.849813025907
275980 16402 0.834821952314
24954 231518 0.804815976335
188072 120088 0.835219019021
20063 274760 0.89939374956
156245 145775 0.802307385654
209369 64291 0.889804664338
245795 6341 0.893606551998
300550 87101 0.850343590954
53329 52198 0.891270106202
197339 218445 0.813042433674
186685 99217 0.847435585888
263805 19487 0.861571550142
232597 206687 0.843922816776
220974 53140 0.821500750779
220779 169267 0.802297002299
166810 228370 0.831197672659
201900 11632 0.829765421572
198243 33978 0.873863813081
269114 86394 0.852226036324
278924 62904 0.802552443794
160266 52454 0.85882295986
44339 279660 0.868769155014
220517 170772 0.819727665388
104188 66214 0.888858290367
180755 151636 0.86381809689
26728 48418 0.840621548438
166696 227760 0.870467441963
53117 27457 0.863140325269
270497 299555 0.880533979119
20098 245850 0.895611904888
93283 305222 0.844809598631
17952 247987 0.837229533422
200691 42356 0.83329147331
180786 318385 0.8242795927
201958 55974 0.899904376193
89912 11066 0.816929347768
76335 255749 0.832508203515
222184 59572 0.843296524149
15402 230954 0.854674577566
218735 161509 0.827963721934
233742 67010 0.87868958098
16493 182350 0.850630504597
1119 96967 0.884588801558
167561 21166 0.836217641394
104238 277061 0.88324579096
38368 226877 0.850368621749
160273 255293 0.846155956452
36456 161779 0.829609595544
50519 29111 0.894559259218
100385 293075 0.86949810609
34423 206793 0.82607378884
62664 22393 0.828325429651
191619 222431 0.862322516617
110087 147276 0.876783284467
161923 22452 0.829965469296
175305 73999 0.890251759433
318419 108093 0.855199144425
197553 26185 0.852022562455
42423 273935 0.873418185503
67366 280862 0.847373799289
185092 224503 0.842936443125
199229 270880 0.816028982573
65140 243217 0.804657833181
296671 3142 0.897766101163
75534 280173 0.88927756237
196641 46339 0.825833738362
38751 247161 0.863914730853
133009 172555 0.896034054267
80185 300911 0.879829710319
728 230588 0.870401241371
205936 232052 0.897656591853
67962 102665 0.853062299822
30836 45687 0.866631998056
203304 47935 0.829700441428
6269 240876 0.825148457179
198815 230755 0.891456028541
302055 84227 0.821939792491
13314 197956 0.861803946031
64675 297127 0.822818567545
310136 186511 0.858417336395
246812 195895 0.826581136135
56851 28894 0.83388794699
144769 120633 0.817213134216
41442 39445 0.812266192313
37164 235437 0.89869232383
145389 118101 0.877613839088
46952 197439 0.866785491956
212581 65525 0.801954193539
227068 24129 0.836670175471
32922 41846 0.89536925544
154461 187602 0.813338411538
8091 273314 0.800205837989
198594 258198 0.801502207955
281624 86019 0.809407119768
251500 49651 0.879710845731
251747 45482 0.832522920542
215019 207980 0.892395398626
275041 296993 0.8737464889
204405 32372 0.801252672093
149893 181330 0.889120859683
63841 219753 0.878681359943
320390 106618 0.849735782868
226846 71730 0.892388256848
184524 185016 0.859793473142
29865 225915 0.840602314501
190790 21525 0.806072912497
188345 74842 0.811085210427
204685 23719 0.889548627936
233046 261191 0.882461047783
216150 22766 0.885802616234
112258 146149 0.801606159532
61015 93660 0.8197213594
224116 167967 0.866580838309
133560 172237 0.818171854124
16708 269166 0.889153702346
239744 262750 0.841872986237
270317 88316 0.814325409939
245368 160686 0.889258941796
65260 164251 0.832281061562
272566 160719 0.82865441119
49752 72830 0.816383694522
297528 281231 0.883582785783
209854 26273 0.879469264232
300027 3075 0.850546206081
99855 281453 0.847186702051
199382 30123 0.856102643397
254897 6952 0.85716349588
239811 19120 0.887783093233
79000 184591 0.820067872854
215643 2214 0.83551076178
272848 36368 0.897344143486
39249 293337 0.818729288662
271095 35811 0.86264986088
248605 37463 0.852388230396
169301 212376 0.850374042655
188059 69735 0.826586124929
246581 77019 0.88581967211
8341 244945 0.865025848828
225723 263740 0.86746495751
233024 198697 0.838949255712
65146 234056 0.824327919972
87096 191786 0.89895421943
237265 204313 0.813769792448
288244 95665 0.8867061781
105620 163737 0.810797721735
75790 16897 0.870555224661
238736 39232 0.813784228997
13025 70894 0.825694265326
550 13195 0.839842621793
45067 161127 0.865758282171
89951 8579 0.802563483155
105199 277376 0.889649465946
68928 28061 0.865581445829
231140 20025 0.816560414243
13926 193501 0.830110245709
173478 308146 0.809573570759
179196 256091 0.88427716247
96118 205688 0.818773650728
5110 44528 0.871292457069
162529 66612 0.869636596963
201481 257852 0.883053419816
91192 12428 0.886576786037
26502 240669 0.874082280859
40480 80778 0.888246198281
230911 33012 0.861660556161
3976 255883 0.89262504993
7555 209547 0.88689550194
180567 154566 0.895014775268
162982 190616 0.89754731912
161475 245044 0.83549756437
157071 317047 0.813502876416
167083 42494 0.812059685259
82376 304355 0.814325739574
36465 218786 0.835332897881
17083 231419 0.895947960489
25100 222277 0.888312420573
132423 157171 0.828613367212
232188 8337 0.878958844521
216795 57628 0.879144843666
197483 9414 0.88226869015
68498 166833 0.893771200038
204736 46649 0.810564368461
283701 85948 0.879223366075
321156 157191 0.829089122259
317102 140302 0.836076670313
280356 134391 0.892400345712
86835 91388 0.883110620973
46696 304960 0.815449416312
23377 178822 0.852028821162
149803 172543 0.870901638262
245943 18521 0.823046615185
235092 26740 0.846267804232
276836 100030 0.809271061922
74509 199960 0.888806457998
121632 170043 0.85304118978
119312 137055 0.822100533673
166118 26652 0.885349939128
37985 75433 0.874369500483
28314 59993 0.879987566049
96226 13740 0.85179532106
193886 94351 0.874250522185
66518 198502 0.803003002513
295980 44246 0.872602163211
3829 190965 0.822892280259
208000 48894 0.880738994947
98578 200734 0.86462600537
95718 41382 0.85588025643
260065 215829 0.866594501297
250595 28398 0.88747811026
251556 15666 0.833764229864
77354 254013 0.896435213964
292420 160622 0.876123940749
140664 181390 0.879595207532
254679 222337 0.877559371719
275885 294489 0.817053110335
31142 202947 0.822778951664
13189 64090 0.885825877129
147109 184524 0.862402039096
52036 195638 0.842443267166
121888 119860 0.855786689898
252298 263077 0.802681865069
18821 220533 0.842829121259
26240 208239 0.804334312749
3719 75356 0.804938567916
104380 293937 0.886399395924
215980 20952 0.802678990889
129068 115815 0.837767048488
270117 302666 0.876720982372
165742 220784 0.836955283955
73058 243308 0.81243867131
95786 304971 0.843059826811
18786 217709 0.880167339205
17092 61793 0.872073516216
12513 96056 0.872996798566
2985 292759 0.899385845542
17061 240185 0.873897217216
51027 210539 0.893535790709
102071 316664 0.818770941849
234507 190855 0.856604436803
161091 71568 0.899060430272
220284 73780 0.858117922391
59172 167424 0.878364090323
2805 93213 0.842339192365
202193 236495 0.830032549393
286973 100342 0.87106870372
198164 14534 0.81431702088
188850 54981 0.868018815081
146314 171716 0.849179403625
29519 59343 0.881556218961
68852 273032 0.877826353657
102872 71619 0.878196874314
87476 6064 0.816298066863
143747 78828 0.841356791344
68447 27233 0.843605637737
159497 109428 0.867484089717
126810 280792 0.865161419126
37245 260305 0.848007774131
251869 166297 0.802201996287
872 223100 0.891432499287
295214 102610 0.813727438143
217532 244996 0.890738232338
4909 273703 0.893066798565
176107 59231 0.80998666707
8075 39849 0.867091584253
203799 211226 0.854596039701
192047 234510 0.878264405291
19736 69302 0.820238935236
57055 169227 0.812765282652
71165 166637 0.814690421983
14688 254810 0.870728961603
262674 240296 0.893913147706
211426 64987 0.838394283794
105184 278476 0.830704508201
77049 195351 0.809194191073
14375 87666 0.833716240963
69650 146096 0.858238226916
26554 271054 0.816809339951
207334 44999 0.833054219694
23514 214888 0.876308639509
256799 265406 0.808848834482
53419 203840 0.835524201484
246365 67509 0.878126012035
279319 41281 0.843683938423
34109 201980 0.855282566892
12579 241067 0.810099357052
89073 49058 0.82152606501
101162 288066 0.883987956469
199995 61736 0.864352563669
188779 73891 0.888116994252
35203 259696 0.894097291216
64633 203357 0.844197433664
178760 311680 0.826810646208
160488 242785 0.854825760644
232152 216695 0.88336631363
55864 207140 0.876741631534
155950 182638 0.830327125992
204340 266686 0.811599480589
72363 32603 0.888825258751
164790 97806 0.826035242744
90794 5674 0.820845785182
32898 211670 0.817534303465
221959 194204 0.877504780053
126748 116798 0.815410343956
271620 14334 0.817898481847
6666 94449 0.840572332976
199776 30152 0.80937394375
178694 222291 0.898606351546
49895 221906 0.857509420545
15694 259521 0.889668188528
321206 108983 0.884687631433
213035 76348 0.894354629165
6129 207578 0.872815087667
275467 317816 0.851551385695
215356 208782 0.848058742423
193844 722 0.89786526216
25888 74072 0.836743431303
45557 104325 0.800678913998
11887 2069 0.875643882339
172147 151689 0.885845237726
196035 243176 0.855350231901
32755 51582 0.848337971921
144510 41601 0.803981889554
24668 159992 0.820956920845
171903 158334 0.816464871702
96070 54565 0.892829078609
60995 220196 0.84187056963
205269 279448 0.816538448357
279450 71513 0.816373978523
91003 285738 0.800309168879
38612 73724 0.86407187484
111936 125024 0.855240969847
8406 274988 0.83574386895
6843 76563 0.870453408121
32084 164897 0.871265084944
119167 151052 0.881245660614
294909 86398 0.802837992792
273847 54763 0.863442582637
60116 245390 0.80757200169
179377 308938 0.811661977304
268801 69011 0.827685738
162569 2509 0.87461616178
73291 166088 0.894571789571
272937 305916 0.86117156449
33775 258917 0.896122908048
20766 236204 0.89924602007
54498 25154 0.840652647107
13049 232375 0.816557910428
190558 13523 0.870223167538
287801 98852 0.803116838957
229299 164752 0.866808752846
4712 297512 0.840290825639
94071 36514 0.869303614066
17623 259170 0.847823361067
186606 69593 0.856219342752
98401 304472 0.858399846224
67361 96645 0.870693670941
218742 189834 0.868405581539
53675 91345 0.875436623396
39163 7718 0.856560969109
317595 172431 0.83745018671
279980 19375 0.830371514481
18965 242648 0.84553585412
51180 277023 0.856630851961
193694 166082 0.846165458965
314463 144409 0.875830181851
242504 65696 0.852254542289
223863 251476 0.870262416714
175149 317543 0.857704522451
23933 61980 0.801619072481
51007 268097 0.855236377175
228853 54841 0.80642443304
62303 33221 0.813261670581
193865 5026 0.885037105676
50771 119372 0.89315626121
182021 69886 0.866908452288
52861 275478 0.818311751046
54747 27467 0.811974384646
148367 317236 0.845514143233
271599 296518 0.862893782513
271153 319476 0.887998198532
8894 88610 0.889201486907
22190 241437 0.855890756183
200088 58698 0.899900804722
210651 33786 0.820414593535
278378 149678 0.891935632466
18526 279729 0.857460767563
165604 234256 0.893046736103
190792 1925 0.830225037503
39501 250434 0.885030777745
189587 120227 0.875447645701
292349 280480 0.872689347932
91719 299800 0.827292491205
5032 207691 0.869983997428
7152 226949 0.842495550825
260399 196038 0.848315317899
195261 67165 0.861109789874
43479 18332 0.87530118878
10116 295713 0.854330477105
25718 182016 0.851325929525
169121 44222 0.86693464842
230028 66514 0.812109228591
165561 27506 0.859096930915
235493 20147 0.837411639721
104620 97804 0.818936723325
238868 9770 0.89042424778
207061 218790 0.874677133532
237737 2240 0.823941403493
4825 252925 0.809096432405
159484 159574 0.818117437872
263707 224742 0.875387256913
258635 21897 0.823521532257
211696 21065 0.809853654934
190183 93437 0.825566403204
69287 30265 0.806371335053
167556 221680 0.892816286241
14283 271073 0.856924452411
179040 16719 0.811031648163
51593 164702 0.833011031154
225604 21781 0.86052431731
193569 222008 0.803479624388
33429 97489 0.815141570491
71693 102333 0.840231627331
1811 247275 0.822212880938
86965 2846 0.822608286204
71560 168611 0.861619597489
175817 57407 0.884023657871
134354 111643 0.883337916895
127282 175626 0.80927250888
61323 162486 0.824827357832
22440 166318 0.819779862009
270939 280272 0.81757267242
59499 90877 0.868399318761
26633 263823 0.859328652611
32456 238525 0.835714218573
168056 230610 0.88105190488
260460 5417 0.868988178367
318861 151745 0.891817260189
196270 91073 0.898156133285
242035 67104 0.824956747004
74780 11104 0.848227336425
262563 214762 0.860485912346
75080 163824 0.823076837315
118302 150984 0.844339823996
199694 270448 0.847078585449
12929 95283 0.860256512073
62923 278383 0.831278432073
160557 65199 0.810130132828
279615 40249 0.826411525265
270237 316727 0.893628519169
4350 87524 0.891714775209
50322 199386 0.818400256363
139087 312534 0.88547758398
201776 29767 0.876783689001
155835 314368 0.861417713134
305545 303211 0.876002611687
27497 74993 0.801049736304
195475 33741 0.834951051737
230692 162823 0.800435305326
5061 250481 0.886414685104
64221 279697 0.864450391091
267402 278306 0.871950289445
32679 43580 0.878996440258
273575 9301 0.883052773315
88129 283478 0.879603773423
229882 50213 0.866101175298
263216 252148 0.831650217301
21098 192819 0.857823474625
165409 31485 0.861813608272
200103 46180 0.898717825342
218253 20494 0.872512567191
280363 313426 0.828275666499
220816 6958 0.890229016729
155190 75092 0.878671581135
40229 217374 0.89334230627
14318 1529 0.827555705071
230802 9790 0.853925768897
72872 199719 0.832624327115
178812 54440 0.811642472383
250400 1894 0.855518883501
137489 120292 0.888794784611
190763 265043 0.805468983895
203541 238627 0.893550571338
176163 76939 0.847708004963
32846 4976 0.800156219367
24869 44266 0.894862498307
199165 90114 0.843239527728
273608 41743 0.886890874486
78790 147646 0.810859685094
55937 202545 0.809459580332
36322 98658 0.880454683388
173274 32295 0.819418595372
13205 73860 0.859521687336
204162 265589 0.823671385239
205544 232490 0.855022326879
260201 66259 0.833234603972
36112 247459 0.864388677523
384 41942 0.81964945698
277941 143267 0.813734402745
111660 180278 0.879841747995
74696 268820 0.85326184034
227696 21605 0.805583298695
220319 169293 0.861259660765
120382 140751 0.810965381231
49285 20034 0.806419960459
197165 259650 0.802504439783
167533 38320 0.858986124998
49312 36879 0.812092723073
208249 31556 0.821299617769
55508 250042 0.825658995441
102771 161261 0.87818637361
71642 187174 0.858126630434
203458 248446 0.887467075336
301435 43333 0.833384218562
245964 165499 0.815740352983
162855 256186 0.876652347095
162990 59001 0.839491860352
164287 105728 0.894556569736
206515 224914 0.830491811569
308463 32541 0.885373650035
26316 215034 0.887867561504
320548 112237 0.821644095021
18619 229405 0.862474761474
131237 151021 0.870111376289
271229 316773 0.819471843826
64589 89679 0.815698247586
83881 286662 0.837116362198
198180 244948 0.865863111481
199153 51422 0.840000040554
144191 186275 0.87861037727
38056 76759 0.824267939196
22957 63268 0.828205192856
201822 219526 0.829071275307
243631 16831 0.877995500669
51905 35788 0.850153365829
77840 120037 0.825248364376
5027 29255 0.873726215712
31787 54387 0.843696875007
300459 95177 0.834165398578
39084 306934 0.859598489465
280310 50919 0.88403273166
24162 41027 0.810479459902
34933 240828 0.836629583171
27655 217871 0.866151071245
96849 296299 0.893714299482
223702 261376 0.838400872715
101055 275318 0.885584849135
176674 123903 0.844406806706
98196 200178 0.808996477403
296787 42592 0.804870927862
33713 248378 0.841101461629
25853 69712 0.833198028507
230618 201078 0.867142690594
26488 166773 0.847766400159
42869 292658 0.835391185791
39257 100971 0.888696167871
248183 36126 0.859241289365
144002 149159 0.829788766007
180084 183702 0.887101446897
161641 43860 0.864666777858
213490 3699 0.893694768293
221513 209637 0.872227961072
24455 192288 0.879229871115
318258 274170 0.815009257798
278266 103594 0.850771131552
20626 247812 0.892426820613
286491 96231 0.822311348412
285746 89163 0.839406286796
48021 103551 0.847317126344
200053 19419 0.877343110999
38994 225288 0.878853854519
271589 5972 0.836466804578
316491 149427 0.892799238398
182265 21029 0.853655581225
63926 27519 0.805863074046
192223 189949 0.86093678442
35376 210518 0.884577925225
23666 260426 0.804591890307
231493 11089 0.886707243271
241713 216104 0.843555022186
5501 240905 0.827673970975
119074 145183 0.884492821563
192810 15105 0.856710350181
150838 320790 0.844524019549
56920 198733 0.867291184092
19844 214636 0.864487303996
39889 103531 0.860136562946
20886 44698 0.883528331408
76611 38244 0.818782627277
65410 188077 0.872782521225
73797 177763 0.884638044847
24356 169206 0.808257045284
216291 250419 0.833711379085
151127 174823 0.864250028884
70005 183764 0.884400259288
93497 292332 0.879531495723
52647 190850 0.801394386405
42814 13839 0.862730415524
12874 218662 0.856521967883
114060 143687 0.88004801887
46777 33900 0.806221151393
95148 57189 0.809665856701
274538 123472 0.855903602025
93084 15817 0.802296180635
34914 179372 0.833270742927
60196 230545 0.83553414068
242627 209368 0.868506103995
206145 11554 0.835212999692
296198 3779 0.862933514177
175008 18080 0.846509124981
103414 162225 0.846932424034
175461 38086 0.859535774904
41847 35085 0.876315161398
6855 220589 0.830610531427
8249 101628 0.874010864974
16601 253859 0.855029925005
155134 189504 0.862577204105
157918 273621 0.83584759497
17359 208321 0.856040119122
312345 307159 0.834859510816
42060 51270 0.840402472101
1179 61640 0.893772015737
204883 32281 0.872143756822
19517 220576 0.859718309298
44030 35911 0.847543322893
240728 202981 0.88774837661
87552 16924 0.829185145435
161327 49712 0.832802328192
301529 268722 0.840258327831
128863 77444 0.868883949078
95595 102216 0.891138897091
55829 603 0.874469251165
157493 277366 0.881187528427
205690 250356 0.86859726009
242188 98539 0.82243990103
107457 122636 0.812349469509
