212655 249658 0.774174777433
68289 57570 0.733784907571
215054 237924 0.780413534506
147077 119833 0.798566664923
106551 140566 0.726331304757
4496 42259 0.749881111419
128023 132447 0.782345553703
191176 202741 0.735052123986
132653 141785 0.756688327374
122322 136852 0.739731271236
210745 30104 0.789751077606
21926 19892 0.74301096063
198053 203668 0.748148657642
55702 23484 0.746389815514
232408 234176 0.783919567345
274684 272988 0.71654170711
144884 154794 0.742776413937
259001 242002 0.782977930174
3260 45311 0.772192885497
164195 198427 0.714557559507
44828 3190 0.797477273846
255694 238297 0.781345578865
153600 142192 0.753217876328
317414 317114 0.76850011769
66162 19421 0.703863649769
20034 8470 0.758045873144
126913 151847 0.738910203338
24831 17227 0.769967204939
122537 146591 0.713361336302
146600 124481 0.752295859061
204324 201620 0.710118709808
186671 173547 0.71214945142
226866 247602 0.760740538612
89956 86554 0.703317216017
43218 270109 0.702433017209
112250 117327 0.754544375725
4573 22542 0.76334235486
234720 254305 0.705713552324
256159 259654 0.765531780449
191103 251879 0.718099585763
132543 124711 0.745842921267
134010 158834 0.786110069091
238859 256818 0.763744122826
153281 126218 0.783699767327
243151 248420 0.705736047371
193539 257272 0.790601426937
299505 295347 0.724340416697
150660 79165 0.756689115308
212969 246653 0.740470482632
130269 135882 0.731644592114
227727 212826 0.778511147661
222360 249941 0.748151367854
7226 6481 0.796013611045
221132 229508 0.777786020568
67015 54517 0.780606362823
171876 172040 0.742784094506
225758 219414 0.700951528153
246368 241312 0.721846350891
42682 271763 0.736476446455
237274 260255 0.711761731295
138975 151212 0.711339217551
160124 167785 0.709155888766
244584 230366 0.771394568863
231930 258573 0.7084395428
139178 115239 0.740159059378
29703 26475 0.760898713862
197668 167178 0.729358920261
248374 231240 0.760900745227
270689 52888 0.723806907243
137613 143035 0.759053443782
201368 205927 0.729976373045
155047 138667 0.75547539847
26560 28792 0.768375339852
131908 134053 0.763200324538
253860 228259 0.778593025589
257843 248585 0.798938236689
229578 239546 0.740918943797
138156 118666 0.792911963437
211146 245268 0.748804664749
236147 223464 0.718032591311
229108 237942 0.794378815171
68347 18845 0.784442143533
319629 278410 0.731137615969
23321 14086 0.717546594921
276437 267505 0.745349734903
252748 190591 0.715019586511
17510 25926 0.769425657014
243795 193016 0.758709328597
11806 16752 0.704628215304
317643 134004 0.704300819005
301368 301282 0.753096556904
144496 143385 0.768957394358
222232 232328 0.794669351726
191727 202236 0.72869824477
122689 121363 0.760681455853
192232 253101 0.759550983623
141171 159968 0.78897315759
233851 257724 0.73333362304
316300 314430 0.783249223488
8098 50012 0.799005354823
237269 245087 0.716768579138
16246 5946 0.743147100898
163337 8125 0.79045034794
138786 108435 0.714211244848
220002 226410 0.730597079274
128960 133418 0.784611759098
112780 114840 0.791826073834
222891 227181 0.773412993193
62530 74428 0.773069764565
123006 139019 0.782586433132
239750 227327 0.799392658098
209704 243094 0.785476445957
146118 131932 0.775795314895
127147 321099 0.753007927791
299183 305876 0.736884858408
150601 139900 0.723200433073
213587 255572 0.752722821841
271899 300631 0.792703171543
219727 230377 0.765380965061
150391 141573 0.723673745094
247247 253540 0.784789199523
201690 198458 0.76182201149
84237 84354 0.772563365348
255130 226112 0.724995422628
128681 131784 0.742247775414
3721 12186 0.791150862934
241348 256592 0.774516129292
241835 228172 0.787649358743
45332 42794 0.768726128922
64611 60602 0.74912624085
103585 272016 0.790895038132
158598 148822 0.735483788846
58494 66389 0.79227061665
123422 146127 0.717625858987
70362 40007 0.706574242848
294772 297998 0.739992547988
47007 48322 0.713009451921
28810 31469 0.734473723166
161283 198639 0.77273814526
26049 2829 0.752478611597
133525 155771 0.796693580885
174514 187495 0.757452552774
4946 46410 0.725533647203
199167 164044 0.745289244508
19007 74909 0.775315063753
242994 257431 0.704769997973
30764 38733 0.728008564953
4723 48620 0.739209515777
140320 108554 0.706144346254
58921 64297 0.77588960307
193719 258288 0.797033613792
168407 199534 0.748490964688
145411 130025 0.722515628281
133238 134789 0.723347020618
230041 248518 0.746698157446
67122 40203 0.758869562335
43464 50135 0.715031064015
125918 154174 0.726444549035
140664 113087 0.731213040902
41354 69897 0.790719785699
149491 118373 0.763875318485
213772 240050 0.761599199696
151922 157527 0.765671341795
257822 211442 0.732211905036
11212 55609 0.788218264339
156069 135481 0.773065493539
131210 126404 0.790375891487
281749 284362 0.717894985408
250571 194078 0.748354805769
238196 246908 0.783622603043
236797 240765 0.76752463629
220229 227598 0.72228061633
286572 291741 0.77346841155
189321 592 0.745613441557
63104 74210 0.705719776999
152699 122936 0.769460487098
152728 126843 0.750050749185
257487 222092 0.71871789425
40179 14226 0.728411588556
55892 73095 0.708302066201
252714 194118 0.704914529005
97446 160312 0.769844783559
227872 257968 0.759032815855
137768 115210 0.732812216651
233335 258174 0.721066244949
309112 311941 0.777377863281
226884 260313 0.714633294585
109078 132004 0.745299610171
28219 3884 0.732923757954
4146 30310 0.75499253036
229435 242536 0.709409268039
285686 290387 0.728340244686
225305 214280 0.796716065315
255274 253396 0.784544340855
227387 242190 0.78928132771
201949 192637 0.716661465059
35002 38127 0.715453119586
235246 255934 0.709502212303
232265 258776 0.743726779719
292370 294045 0.796200207425
56277 60734 0.7850833718
130030 137498 0.758245958272
20965 19468 0.766566923065
245621 229456 0.799250426887
223089 230746 0.722573345516
113142 108057 0.781009123731
231030 213548 0.723655841194
296664 295090 0.72657041387
241874 250592 0.772465629909
231853 236531 0.747036590261
146400 135029 0.709245859555
8613 169471 0.778084676058
90165 97602 0.72758199197
250907 258834 0.733443698248
64314 57694 0.755849595111
7843 12639 0.745570203664
66666 57584 0.710995892027
52174 53314 0.74616254808
139379 125583 0.757456812448
121972 139031 0.74055231552
254106 229670 0.793084710988
49765 61507 0.793746776695
226382 250780 0.757850294318
91154 93835 0.771293224951
213923 259026 0.742730789457
195402 200187 0.711635496562
123584 146535 0.799483953714
9842 33714 0.787137850341
37047 838 0.763069746834
47984 42915 0.767795132599
221291 226356 0.751015418437
50232 59285 0.773418673693
25683 14996 0.703577648016
135778 124736 0.720797599887
117501 137039 0.749534357592
131046 135505 0.713885086252
260406 245671 0.78882574747
228381 211542 0.725828706922
198455 201315 0.780192224197
59360 56721 0.706132471358
130603 143565 0.740654817244
91848 89433 0.777897378445
225344 226511 0.7047082854
59399 61626 0.776106365245
194549 255198 0.78405904643
73170 55033 0.76826147079
251119 260956 0.707174248897
213093 230441 0.757850385357
149674 142519 0.712309302966
126394 133116 0.72592754132
149839 150511 0.725789830467
246444 230902 0.763677280238
102931 105219 0.768237177717
260652 248980 0.722887380508
301993 281595 0.78400540454
276645 272287 0.757539975474
121730 135996 0.777465821885
108917 117697 0.736015663268
249748 222993 0.740852325254
115843 156758 0.71765434731
58296 56497 0.773887169059
55736 10209 0.792894781903
300691 281297 0.746321206038
125313 151117 0.750894670072
293302 305867 0.797452543674
200298 209500 0.703443180203
247729 242656 0.785297953214
36844 66939 0.741029637333
251927 245350 0.700137801694
254632 231574 0.750081969547
272149 281138 0.767814810357
165529 196449 0.77358378325
18557 19774 0.769900265855
192594 191618 0.737916194319
49294 7570 0.742101152525
121179 133437 0.797325133811
248191 227551 0.758633649041
109001 116292 0.796639609845
135398 140281 0.729380793515
30068 23350 0.738446937528
320763 319082 0.718780074597
108659 152589 0.730400342437
218132 30209 0.784317059471
4834 47531 0.768252002731
244535 190117 0.70304732072
62482 60846 0.731361638273
151222 317551 0.768792488228
196794 195606 0.707082669916
257710 236579 0.743516239551
214610 220645 0.745168891729
142392 108924 0.764153234665
221868 243219 0.744176065834
235516 240429 0.711098005278
245356 211173 0.746895731936
257485 242305 0.769604740472
4130 15288 0.74019640997
161862 169186 0.792790041446
232441 256200 0.706689560691
141877 153106 0.712304317344
104894 43383 0.701118578333
8290 164590 0.743773149348
106464 156159 0.747944808783
194647 236648 0.752626398513
297887 289158 0.730997479153
231885 245060 0.74496990207
17958 38522 0.713527227607
236550 229005 0.711306728668
53705 71146 0.785704252041
205105 194088 0.795242816043
244163 256200 0.719968388289
130470 149035 0.714961098064
136004 125148 0.753460022897
20783 39956 0.729714077754
132410 136097 0.774465319761
66903 56265 0.783853155129
54059 66201 0.783385235917
199843 202370 0.707283141073
237387 224159 0.744530660541
11639 7611 0.782387530746
148622 116397 0.794328783247
245698 233147 0.773259474592
19312 16896 0.723232432777
264039 262621 0.75253520865
277894 276026 0.727605991342
148016 145971 0.725681727695
164223 196369 0.739037023581
239221 248158 0.74080658989
122682 138697 0.702623550305
32674 20556 0.716230935914
103319 271513 0.700541278142
66045 52575 0.755004723282
12828 18309 0.746145110216
95275 98515 0.734235940042
179746 185587 0.799776160935
237693 214138 0.763246189417
237656 244407 0.724577904366
231889 225323 0.728595877643
50939 43183 0.74302745375
201208 168470 0.771735901558
161654 5810 0.737801476077
53135 54830 0.722019100161
53505 3893 0.791989966156
13735 17092 0.790906857689
55316 48417 0.79181092234
116348 117033 0.746325192229
289987 295112 0.791335389712
192720 207296 0.733717301002
175266 173822 0.730666213282
245230 211206 0.742385728599
108770 148719 0.777507392669
116960 78376 0.769530241996
144020 120727 0.719389016952
115496 150017 0.748983087634
279428 275632 0.791833451489
144599 156030 0.741968849111
220387 1383 0.702166486034
269766 50411 0.74354990438
220365 222127 0.792820675609
129158 107927 0.740387100988
288213 287461 0.718568336289
297903 286351 0.719015089985
248253 229984 0.784841022078
94760 96327 0.74202007126
139334 121871 0.745489970376
19756 19082 0.727483643926
294477 288001 0.799313183055
136211 147857 0.722073480281
178448 174805 0.772078127848
71799 31276 0.746966246166
178161 182021 0.782164866384
226006 254088 0.736715428934
59882 72941 0.779624552084
124747 138860 0.702078945034
154776 140714 0.789560843148
265927 265470 0.785763196756
230985 260011 0.778689335353
51036 53926 0.780678223313
251780 241883 0.769148719946
242141 256140 0.732585898292
226775 257634 0.741975434137
240487 211665 0.750223599206
2879 34482 0.750086947312
221686 254424 0.777076649654
236200 212206 0.777025450291
143333 132705 0.798461477653
135693 154887 0.766496788087
296074 88003 0.702298311653
65490 76310 0.714937563394
43789 58757 0.786670062101
52781 48485 0.701713438201
16190 9359 0.745664391957
16705 7867 0.717302597883
123284 147392 0.780602226315
279269 76440 0.778620487539
205314 193367 0.721582427452
252549 207855 0.737000745936
16050 12134 0.744300663918
60389 50357 0.74253136386
273393 278205 0.721402184582
149291 113202 0.707343983264
139966 158438 0.765092855144
20275 67480 0.757345985715
289770 292708 0.704553314196
204509 193309 0.715083342514
280290 273596 0.733217438564
56764 72727 0.700321174793
246913 233988 0.715789697614
173872 175488 0.743469101195
131262 317730 0.775056594383
58689 75439 0.708707347751
195801 161796 0.7427139913
112191 106353 0.711759301462
247615 236661 0.788095264312
152864 145248 0.703349395069
204299 207347 0.768305110458
162038 166073 0.791273112597
298298 290957 0.784143050436
263388 265180 0.750412107238
158396 129538 0.796359952958
245850 230702 0.783256461029
230646 214092 0.7741450907
128133 139273 0.765916721257
20049 71107 0.763597558233
25450 39803 0.77050023218
196021 161906 0.785136314127
6387 10319 0.777124372024
239815 257354 0.738027683457
204383 192242 0.794482873251
235702 237610 0.747698380154
289653 288572 0.79047492103
131538 137450 0.765127021111
253307 229760 0.740105604749
67384 67100 0.790183935381
14831 9112 0.783337525139
237522 235638 0.744013917415
137357 125289 0.762861374202
237812 221636 0.732033712459
122653 158248 0.744038524156
231547 223845 0.749238038677
49113 5220 0.752996470102
210509 225741 0.775218825138
237368 241428 0.797026782359
59182 44478 0.727203728923
16032 35065 0.701603862372
147351 144013 0.765545869187
321010 317378 0.710621828442
197910 167821 0.714532027457
114874 116255 0.77857623938
247105 252622 0.78065091981
235798 211773 0.795888557815
147314 154867 0.767564865111
76721 53435 0.776162637849
139545 159462 0.719888031593
258098 229591 0.735441453891
107121 114807 0.761381636357
167091 195523 0.754196751806
61080 63602 0.743000165868
19749 18924 0.727578914879
235861 248207 0.762225938331
44238 52014 0.725356221018
129895 142747 0.740238640991
212795 256631 0.785402083373
33734 11259 0.741453795954
10741 10808 0.715776469954
25732 30603 0.718282202769
116804 112925 0.765146167635
4294 9746 0.732043218968
142491 131600 0.753907326953
6059 47196 0.723680661739
19481 31403 0.753612702605
29596 23913 0.751232075782
52118 75238 0.74146248535
155641 129387 0.737110725473
12183 4622 0.743675777388
134309 122952 0.776210507354
222623 240398 0.764161549236
226521 251799 0.741789143892
155876 128439 0.728878761298
190255 209756 0.732064681628
212311 260804 0.777258090587
295185 297298 0.726267352773
42430 48605 0.738619483679
237170 243490 0.768511862452
112673 138370 0.758348128935
123366 137895 0.77916584276
307 55219 0.715462957777
319648 315977 0.777756307406
67709 69191 0.756621536773
155135 125920 0.729430331
36702 34969 0.756010344961
228571 249315 0.771037178413
45737 48300 0.777372644674
149557 136874 0.765918096975
168517 4703 0.750889934835
96946 92151 0.769491405231
108778 131463 0.720061234447
238528 248377 0.798791899275
279152 276805 0.726018539644
3685 12513 0.701581467657
224855 247889 0.714667342596
224437 218878 0.771071086232
221251 226180 0.73330888631
210833 33323 0.786596788733
203208 191184 0.799112807807
65047 63357 0.745042232852
5903 50004 0.710816575519
182557 176115 0.726119150106
134093 136432 0.730472448007
256804 212535 0.718415231997
133967 153787 0.786860802625
229675 260766 0.794999890939
258757 213070 0.71554277416
43631 42540 0.756737401158
223607 246513 0.740151314533
109318 135038 0.779239550559
54750 56239 0.728910804051
167222 4335 0.727568640839
193348 243995 0.793216469611
240564 215692 0.70334404131
27583 19086 0.769589307068
287870 302061 0.796584808504
40231 66335 0.791841771197
96268 92129 0.725518670454
75544 71654 0.76250019837
221181 213383 0.744542585323
223792 229020 0.730835217563
159036 128360 0.789164039675
223161 223904 0.786794998112
128875 142409 0.788471352058
47557 43296 0.73953107437
204395 200906 0.716670603662
194061 252508 0.771503905334
2928 10701 0.730486404719
125172 130411 0.712439937028
96392 92982 0.719496467677
232470 245981 0.735880708719
320677 277259 0.702261406625
203746 198680 0.735104184266
124560 136095 0.770517698134
200083 195544 0.733595214386
48494 45911 0.794443515919
135867 125486 0.717889984416
260059 255571 0.70045839837
20596 29779 0.717659829138
233679 228399 0.708945781013
171735 177119 0.747522678833
53272 75376 0.704780065299
246851 259263 0.728934598615
132012 126991 0.730105696315
270944 268827 0.753222230614
73702 62652 0.796944721652
219893 18297 0.711584667013
132264 126186 0.790893166314
258952 1435 0.746457471721
136377 142110 0.706143249777
16782 24703 0.763141310765
77867 112675 0.754847828332
206243 258877 0.790861972586
213084 256710 0.79978186632
110080 128120 0.706629985122
131959 106004 0.718756687501
106282 159311 0.73257420805
243500 232734 0.740563369591
290851 294928 0.760613430073
234290 259423 0.765372123925
221303 244910 0.7822868988
50435 61442 0.793587340381
232950 236887 0.793594304749
257202 243199 0.725097825953
76744 64404 0.744755665289
48248 4683 0.779364734628
42633 49320 0.763170335756
165006 96270 0.70966039543
114684 130849 0.714112578298
268266 278705 0.740846972117
211677 240482 0.788257917323
253826 193657 0.700459546416
260933 219294 0.786826893764
211307 227405 0.704802859347
129277 128266 0.717117347569
190793 250759 0.74335939397
119803 159689 0.743622349321
303745 292734 0.779573145485
147594 157608 0.712275164891
195486 163197 0.756634185479
124973 151493 0.769629887725
93734 86840 0.752827639481
192741 194696 0.752424643742
56185 7019 0.784240063697
29945 25690 0.701456297131
98265 91905 0.790363680381
318084 134665 0.753793950594
93109 88856 0.736987674833
257831 221027 0.767547838527
242912 233403 0.737802544416
229294 244095 0.760888480419
228503 211535 0.763953521938
112973 139348 0.706992870175
33597 51288 0.747973405688
211032 239613 0.79811801202
167642 4408 0.719257326972
78254 149087 0.794860312943
93232 97136 0.756298389427
30302 221262 0.721990109762
214417 245730 0.787855593104
13601 6124 0.737887480611
132316 139821 0.721085040466
212777 231693 0.763998492406
55536 11196 0.714931663904
7113 46217 0.757950235573
7363 165084 0.704285060454
228219 257717 0.72021426686
296224 290167 0.795052163893
234116 254794 0.726645656372
133065 146127 0.71926511943
296246 301691 0.701155695758
125882 129889 0.739960726504
47258 73439 0.741623035709
106341 154546 0.712646470709
62854 69431 0.708840558828
220747 222172 0.780917908888
13896 49297 0.79163510294
47818 47605 0.745245975771
156343 120972 0.750415088086
9203 3721 0.784870808548
227388 220643 0.714816730398
223055 249904 0.797183803987
229270 257959 0.730990804804
225988 217586 0.785179189631
258705 249657 0.743522241704
219170 34147 0.751783830746
128560 118907 0.701515900066
250153 245990 0.716446640009
252227 243502 0.746903842177
237941 232952 0.727365249423
230965 245547 0.795542125881
59155 71840 0.707608725292
76644 93133 0.787516880884
258470 251455 0.713231854149
238717 230946 0.799956099036
36110 18337 0.796631541016
165370 96865 0.787841316573
245672 244924 0.794797824694
133376 148218 0.724855669105
256483 219876 0.782103199146
161214 209437 0.788285969159
87253 296984 0.724486963813
214073 236097 0.7544604485
23260 28139 0.797551741567
248492 229716 0.782706514104
252329 244985 0.717967786709
256758 256121 0.701783058126
232025 254208 0.78378503413
136114 138925 0.76119290756
108977 158188 0.754574319277
14407 24657 0.77424358617
187564 178191 0.714477767779
27789 17981 0.711935782955
228842 236557 0.702200343705
62558 58342 0.724554203342
284411 304678 0.754156257688
99988 300300 0.721237347671
61409 68954 0.724327193465
276070 279674 0.773448356082
30284 224450 0.709533337723
243894 220153 0.769205886172
123648 144271 0.769145713219
137212 136562 0.722894471486
91342 93797 0.765354175279
207900 204960 0.79215502885
118335 158399 0.727387542539
222611 237450 0.722660436868
219701 222491 0.713691248978
280156 279423 0.750486112038
240502 231407 0.700063355905
222775 224233 0.75473889102
169654 198475 0.797912857949
50928 42371 0.770607498541
35298 14277 0.731795063127
286483 302069 0.739160441368
20137 66921 0.773788897378
158660 128724 0.721472470199
2540 2062 0.723621098701
18018 27294 0.733645429687
67894 35165 0.722810113504
140210 79695 0.773525060839
215614 239957 0.782443919976
223853 228644 0.758287185316
64534 63904 0.743884455912
292688 289490 0.728941360254
104847 103258 0.732308106159
220859 246923 0.731048833921
212094 239004 0.713384355468
60907 62806 0.769048684199
118019 117193 0.700581458924
151808 122800 0.745785585277
135755 143628 0.710502642948
247510 242713 0.775591010456
223466 216918 0.704037526362
150332 132014 0.720336652313
161433 93546 0.713595129223
8279 13397 0.760103221733
301362 291973 0.780539122961
107483 119034 0.726448414856
20270 66284 0.704793061934
250454 243330 0.750280527355
190317 252581 0.759880556897
117359 130781 0.752153007954
122444 135170 0.759902344016
151394 152834 0.711745340557
291208 303923 0.740174161994
122563 124188 0.788552446956
96867 161248 0.72472441042
156303 112446 0.76534921007
194475 242017 0.758302829445
270679 42847 0.752914423583
91347 87767 0.744470151544
236947 233329 0.715372997558
62695 57198 0.786790350458
226957 250342 0.746298061859
52060 55301 0.773175226151
15598 10297 0.78413296044
115413 156391 0.716142439642
243633 246058 0.741977657115
6074 168469 0.797801263191
5336 14285 0.760697462914
47406 8299 0.776794615703
241608 227189 0.755584700625
237014 253459 0.767764605031
91619 87161 0.787464287574
190450 260140 0.733630892478
272203 269963 0.74179860075
245448 253470 0.798094195825
90151 94210 0.733693342691
66363 67813 0.75126517008
77405 51525 0.745649358633
64434 74939 0.738297845099
134916 155863 0.772672397989
199680 166998 0.77073070644
159037 77917 0.703914407552
26136 27739 0.711480578322
431 2238 0.743931589941
142315 109132 0.788977393643
246669 259158 0.711868152236
212383 240181 0.704946906143
6066 45484 0.733662807343
202375 197810 0.760801101626
256226 207980 0.751846618275
130919 118737 0.774568348567
233899 259191 0.765485208062
126558 158887 0.787685822547
239105 236091 0.758430513772
244280 247457 0.785229166335
212800 249659 0.781332719884
239859 247169 0.784187016212
136636 138152 0.784756500676
253759 245255 0.727854552705
248030 242014 0.726494488925
260660 221028 0.793115457421
260796 238809 0.714016566657
18434 14828 0.777592396028
115411 148496 0.799083943539
31446 25966 0.75929130005
224872 32115 0.713418988599
233631 236778 0.764082755861
225813 241019 0.731189612154
173073 178033 0.745053135872
250305 193571 0.755786147052
233512 219455 0.791708146654
184372 171175 0.775303647529
56399 61273 0.784968545514
259572 240400 0.791637614426
39194 17480 0.727191476548
114743 119110 0.786183371211
221617 256863 0.727956190014
222255 238662 0.701757644499
137389 119053 0.74747312155
85301 85383 0.787239776591
202275 193703 0.773356551518
267399 271991 0.751318449979
258370 247251 0.759898129182
229161 248030 0.776524133559
12903 4682 0.702621439314
290032 292869 0.77414833449
135288 141615 0.758456340073
220871 236492 0.750633269676
111857 156557 0.733571796696
130692 149883 0.756074076173
215176 211780 0.753583884358
135422 126189 0.793444881604
212355 236420 0.70378613781
287421 290997 0.790497874641
270249 104994 0.724405724279
235348 257797 0.725719342975
256030 236435 0.702280779373
318184 320738 0.784727681595
211072 1553 0.72671676085
55073 34658 0.747872357662
14747 33940 0.737764147274
238036 235446 0.772068220649
159070 138242 0.777866887691
310314 186854 0.700307534528
158220 113232 0.781118942037
211410 240035 0.775699869118
196240 164082 0.747655369505
245011 218309 0.769624043952
113190 137361 0.76364190289
153834 119857 0.754623819222
130159 152266 0.704056169777
245519 249142 0.728635326303
131904 106476 0.706179159274
65623 19641 0.781216783708
200903 208830 0.72894857994
65590 68097 0.730185158442
53084 3229 0.775627565569
53078 63937 0.723004184692
173924 170839 0.711791642007
317880 135398 0.768858959497
196908 199567 0.765612262136
247263 256502 0.778975758761
69946 71656 0.717630830382
320081 280625 0.728783231321
256653 229866 0.743779844785
8259 76620 0.748345527633
116620 108525 0.751028300586
136608 146571 0.770947555173
239176 248140 0.706399297385
130439 137787 0.724914269462
115401 141237 0.769859152336
247011 210935 0.759761029162
239582 230732 0.700033440385
228055 220572 0.731328805418
140548 107562 0.736554857881
143124 132943 0.774908738888
282196 285174 0.728908193613
42932 43983 0.738464111557
26983 38779 0.709740106196
235937 247128 0.743630913845
182440 178097 0.711647017758
309826 306806 0.782464919033
260629 219971 0.710526253954
131304 106317 0.780393340421
167245 198969 0.797995555248
245991 230220 0.721711359342
230924 220276 0.792848264166
193007 194281 0.795691153589
167780 199451 0.736138954309
75049 50968 0.7130485176
22023 9666 0.710833446853
237597 212276 0.780160426615
260539 210651 0.71569612693
249376 245136 0.784845647433
211713 234437 0.791279134017
29975 220058 0.730724718958
126659 122788 0.717399340108
141565 107957 0.756389106357
241793 191180 0.72460711355
50087 53096 0.770657717545
65460 67860 0.781526153086
57298 66135 0.77679513498
23667 29856 0.723226061786
140242 136662 0.758110070349
56400 71808 0.794282691633
20144 33129 0.741246579066
169735 182100 0.775013563528
233714 226188 0.70761533001
213575 233555 0.71793383719
1154 233791 0.705555629181
118636 108983 0.706950310336
210002 196188 0.757821460437
18394 2550 0.77806623763
223707 242759 0.702786818827
174889 187612 0.746899818656
255157 252156 0.794188459298
74876 56373 0.721554829288
172932 189528 0.790223962826
147844 126616 0.75383427475
246439 230546 0.770332900621
29767 220033 0.740551879828
126400 120228 0.720441316473
301815 288607 0.749957827805
21168 335 0.751797860784
249182 255479 0.781476484644
88362 93013 0.71618736664
20238 2190 0.711607095986
225657 250045 0.798154799469
129711 127419 0.742956643274
32828 37941 0.761656735576
240699 234024 0.734685830673
291212 304015 0.713909862908
27709 22528 0.705514365585
136860 122984 0.752435929831
247743 238717 0.715008719161
254336 256063 0.770150850815
149425 151467 0.773065209171
146539 143341 0.764437714448
219954 257768 0.784858478188
73369 70727 0.722354430314
159093 115930 0.778892432297
191339 252211 0.700542260258
200442 204588 0.798662488504
5437 168270 0.710005535499
25963 255461 0.736123862395
262720 264119 0.78461506675
157072 183940 0.736221667113
229683 235805 0.792903159089
220255 227595 0.721318147041
142361 149814 0.787024075405
142905 123579 0.728872230256
245916 255628 0.776548832156
233805 255701 0.709418041303
270728 44069 0.765597251558
256319 253737 0.751929210154
11092 5675 0.724669753961
136839 113034 0.745235436162
228443 250313 0.743236621679
145432 147876 0.749875989901
245581 231020 0.780165181429
57930 40837 0.785375293862
183300 173405 0.755958189792
23443 37834 0.769296847783
221712 228111 0.796937606784
241490 244231 0.772324994137
166647 198827 0.713012401722
68145 66211 0.700618568455
233439 221221 0.769684926707
222256 243758 0.764418925805
115764 107531 0.792394447113
254991 231233 0.746140085312
49421 13915 0.765830511758
133764 142977 0.724416250214
158209 138088 0.733170259871
254019 246453 0.748326691331
115020 114794 0.717718552719
219439 29548 0.720471542849
128493 133134 0.745286812662
186473 310991 0.793973128026
167048 196300 0.796662479771
202968 190943 0.703120545297
233369 229264 0.748547173694
224381 237505 0.760424390362
81719 82732 0.796596633644
227715 247053 0.703648528614
13662 17197 0.715106038985
241538 239141 0.706658009688
61965 55570 0.75944205387
159986 164216 0.709291590068
143009 143468 0.700459329695
149434 138718 0.726305496209
169689 162364 0.773153197028
21191 21818 0.721264207419
25015 35328 0.719324860852
222636 212656 0.767586180471
210833 226232 0.719042764462
154129 136406 0.767519085959
289571 286025 0.702646223561
218734 255631 0.770805772514
258665 245859 0.737670552505
274957 273344 0.725063237998
71522 52049 0.727206436426
13747 24210 0.759393247439
52942 75378 0.773910689304
187856 310834 0.719096280722
60626 63354 0.773207545816
222883 231729 0.722103240406
247912 258352 0.791842579093
34403 26769 0.793287560626
288980 297858 0.711267522477
7249 55492 0.713677491319
233035 249520 0.743207437283
227675 242036 0.721175694225
44970 269237 0.771196805059
45468 6919 0.76204020888
246147 234803 0.724897765555
131029 128396 0.759504876072
205497 209706 0.757228064667
17975 12545 0.766672586096
14895 8755 0.771648686201
123711 120959 0.749286075859
106669 151510 0.764604868935
161785 197683 0.704880389425
7823 3509 0.769081512585
50184 73246 0.779936123542
209704 203689 0.7151190596
212652 218758 0.781586127543
195013 200177 0.707932052451
108814 152143 0.783814384296
92693 88098 0.730602941164
114611 149720 0.777707781263
144808 148245 0.736237065682
150246 108628 0.728170083265
222814 239479 0.799618026629
46734 10199 0.710131887841
161223 199471 0.716033825737
250088 212923 0.705748140258
113182 140313 0.750234392005
263795 265568 0.74150841127
232061 236323 0.795730397792
134301 131418 0.724314046619
231385 213526 0.709473293282
