200858 242500 0.756761423863
53198 271997 0.70222931605
238654 250340 0.742949274098
44224 49215 0.713913731355
191159 197940 0.796952491686
59722 22050 0.722332726481
29967 64229 0.727785360219
112842 129182 0.703924656897
124119 155509 0.752034766572
271400 51859 0.798558061612
210171 193913 0.73983330657
56711 77228 0.740759374998
73989 89917 0.761133151129
102609 294818 0.771595877638
274515 268946 0.736158140264
136779 159612 0.758523819919
97199 194964 0.704441107129
280594 67264 0.771028467187
15202 19654 0.773225528973
5168 50537 0.799563644567
256010 191819 0.776965823125
145579 122020 0.710629229159
204379 195571 0.747822017556
39574 243558 0.770200268191
250087 232000 0.728180265981
39243 166182 0.758160350935
316333 122385 0.794960318434
11332 44096 0.766021912991
196741 162699 0.786960571553
42679 94281 0.775644152714
47297 161123 0.706346452511
141272 114428 0.776719763655
47853 96991 0.730716950601
32371 220940 0.79336750713
253091 27270 0.721837359555
164661 200395 0.741444499838
19927 36116 0.733641395968
127144 320724 0.725761837407
165259 15467 0.714556455677
134538 140709 0.791885987323
153859 152767 0.71631269516
31614 13620 0.700062813285
188967 183441 0.756634620032
32134 73442 0.767215054441
34823 77032 0.760700870254
15232 20566 0.75132550566
48951 12758 0.701336114845
158796 110438 0.76045283877
166300 3394 0.715173684936
195779 93732 0.700268107579
289799 281462 0.713788147538
109073 136094 0.764056552591
163046 15846 0.775562699793
195835 203412 0.734115587598
52553 9329 0.709472585693
66811 6214 0.737240791736
197710 13670 0.736751974812
59813 47002 0.726955815745
132306 320637 0.738396469404
117891 133181 0.777067680478
249123 193392 0.720905785935
205606 193376 0.777447923458
34090 27975 0.786935063754
191770 219642 0.754056748375
64797 49526 0.730831734947
100202 298271 0.778463765543
156173 146164 0.719525960363
163292 205182 0.769801843549
6110 35954 0.720742679031
158411 147454 0.734273611597
116880 119121 0.700662559581
10622 57987 0.761272816188
252781 236010 0.788644115781
55239 163195 0.730252861928
253048 234408 0.79454483564
42710 10221 0.716314276242
7468 199523 0.724540158746
95523 46119 0.775812006221
222747 252727 0.725605819416
8879 270896 0.733301539707
8581 23596 0.745934424015
59409 34826 0.777147543906
156751 136749 0.747808623974
219685 253358 0.757553116652
10671 199699 0.761511155751
167607 93602 0.705063018273
242350 224399 0.715535767061
26703 65461 0.777582337561
140006 313434 0.767729642609
198737 251247 0.714006905956
138884 150940 0.775647882868
33495 7591 0.708003761344
71207 9184 0.718921853257
27873 252183 0.799534845566
227637 217917 0.79770541027
170707 21410 0.711075635097
217201 223124 0.795258846899
29234 34828 0.716322133409
224165 258746 0.702039673694
260739 32256 0.779701680052
228360 190229 0.719074284662
229659 26002 0.795618638745
232473 192611 0.702377589741
28699 213945 0.755992446156
66017 35852 0.766475184511
25086 1493 0.750997260764
40310 219737 0.73226985944
142040 154317 0.781912108843
234871 262499 0.743911727326
55399 24801 0.724434439693
43733 75617 0.730952617082
210795 242905 0.778784796357
39939 22397 0.783136155806
107189 128205 0.78004510832
73069 28085 0.77717197692
133432 118565 0.791057969702
10535 56407 0.734875309609
207041 246574 0.760262549469
139664 127859 0.76072840082
60584 3054 0.743034399596
220101 250133 0.760815321632
313438 313520 0.76928113126
159054 127820 0.757971446334
218656 254554 0.752612774366
33271 210970 0.70889279388
74678 32809 0.723470480606
316586 318295 0.706486981502
30495 9023 0.734638572431
142093 117024 0.756855684522
36852 235846 0.78765678748
114104 115166 0.716111202712
193102 221698 0.718932832369
96103 49693 0.76581612149
141553 120897 0.79125617586
43959 76815 0.775507067833
249391 193658 0.770506045976
5603 26876 0.799059202583
303505 285683 0.758553334147
230608 29131 0.716402874204
223970 236487 0.726940450173
72009 76441 0.792461763706
1367 233962 0.77460627633
247990 1383 0.783273683512
173161 182722 0.776907943357
65518 37160 0.796929262087
270454 65466 0.792014600026
161671 197069 0.794695838599
231233 30282 0.790218724251
127103 108492 0.773983002518
249039 208906 0.783358942666
22297 19969 0.761259187575
228176 28543 0.794732951012
11368 52968 0.774727836853
32143 2014 0.722043524158
167301 92208 0.725209178948
13938 162482 0.79451730641
28510 257866 0.75886782861
16308 65597 0.782823270096
319456 135355 0.725207934586
265237 258494 0.734518425245
28024 37996 0.790582682384
19430 6200 0.791656588518
113132 123202 0.7799231602
33886 227482 0.717372724556
30897 34803 0.722991595543
19491 52555 0.747384816784
158787 148420 0.794691025618
75251 34367 0.749828994614
168425 209640 0.788652956339
266369 261335 0.77967956681
129733 112962 0.758456795004
256699 221381 0.744542555143
30796 12919 0.72476187456
142452 116066 0.766116877841
56585 22539 0.72095387626
19382 27662 0.755994175076
277903 319882 0.771963413311
165921 206868 0.750346085473
38641 27708 0.771304437596
5989 50698 0.787672935668
23650 54109 0.707732575634
313526 151290 0.720396661192
228627 27513 0.754663984797
23552 33868 0.749820138004
265419 237331 0.705613151834
24658 12796 0.706476322175
65812 48769 0.787448186814
295956 86419 0.713876876898
227794 212167 0.794555527272
55470 19901 0.74797002611
194907 8469 0.732534446902
27884 211754 0.700399172732
294088 296480 0.787827208886
251041 231921 0.702882056084
154938 174187 0.76477270454
159017 138948 0.736706395623
73659 76670 0.763165124531
96461 7240 0.728265341597
174466 185242 0.795504974448
94269 168830 0.75850938354
13777 231582 0.72032603539
19021 1093 0.717661065345
247614 211078 0.741601716059
147292 115440 0.711357461036
143943 124152 0.765126348195
198132 251978 0.792244539201
1988 73922 0.73291236784
51977 44742 0.72498059122
294523 304816 0.752266590783
18566 4618 0.760021438924
49994 62321 0.799679363644
65813 16620 0.790630233162
300064 297911 0.729615474632
226021 252474 0.781661180157
86858 301674 0.793602822037
148757 111779 0.775002801658
155577 121284 0.70924812871
96830 6564 0.723001991816
255090 30859 0.710069476928
191009 260886 0.734324581039
56155 60583 0.794848841112
58442 67788 0.730094116681
243788 203176 0.708404197753
145235 131442 0.724842653161
191846 246154 0.771498018939
250870 29190 0.728262025577
297481 298677 0.7128062713
194657 228846 0.763950194149
243817 225651 0.728890206745
191847 229889 0.786644447215
11983 23295 0.728688876961
59344 789 0.773461029899
126379 145850 0.777761245573
254206 213346 0.781802426522
106626 128493 0.711109068632
229309 266696 0.744537975957
57649 2867 0.793032110457
87864 282712 0.712378348185
36348 16592 0.73498999413
276539 271684 0.758118950805
194316 219644 0.772266831868
206337 255887 0.742882908141
91767 306046 0.791570421776
114921 139092 0.737497894115
94119 195684 0.741977912075
196266 193339 0.787162063522
254985 208881 0.798554360596
37181 41268 0.738594523569
46858 12400 0.757412404745
254211 29285 0.719249942175
132905 150914 0.707464342745
227560 210591 0.749577163716
200921 164480 0.794077778143
30324 227821 0.760418584548
299256 305084 0.726659749534
258171 220610 0.71046689998
153648 129032 0.785763286517
62393 49944 0.742247268698
165570 97023 0.733641048739
297266 290023 0.766317117491
67984 39028 0.782083625689
32927 36483 0.713370781231
28828 227557 0.798741807535
243684 239329 0.797973790832
42778 68365 0.70981007558
168969 207327 0.791234450528
156730 122711 0.78654008732
224709 227389 0.747964807287
248099 254150 0.721175726692
92594 46013 0.783274066721
37926 50768 0.763107487592
73539 59724 0.740049210219
259786 220291 0.768763057036
104856 275167 0.772478188756
239388 251359 0.728967467223
129218 115715 0.764384842747
227390 36562 0.797149778211
18175 31361 0.789569390167
264981 250078 0.711752218943
236004 253387 0.79948860167
26514 12721 0.759734493661
50419 4527 0.75090196394
166140 45713 0.763127517321
315680 155337 0.729184247363
302281 301178 0.776399072404
301419 285675 0.700125928333
259362 224977 0.796023351054
145752 109880 0.715193788537
158593 141288 0.793616047407
244924 266311 0.733351811137
226021 217882 0.746730052163
53004 56142 0.766343289639
173705 186954 0.794759306792
18930 77156 0.738075461245
27390 8181 0.702311449048
103743 51874 0.70030754677
167733 6612 0.775370449284
317189 128463 0.71259668556
69900 50567 0.78469313139
254680 25578 0.710081002199
207145 230708 0.737784278721
218132 250318 0.769164566404
212217 245513 0.780945610031
17189 166721 0.756668191472
163283 95403 0.799402083599
249606 29798 0.77762893091
53022 268970 0.721401222964
179097 180802 0.756937502728
148668 158014 0.734749025746
86863 292174 0.758001538055
142174 120954 0.729940994773
7927 93911 0.730038892698
71728 30022 0.765540886588
221708 23811 0.78823808116
304961 100230 0.762474610484
26886 37181 0.756858669351
155565 107862 0.70831020226
66072 18032 0.752506397007
106095 159353 0.766059342594
242955 220353 0.733641778256
218761 229079 0.75643080558
26693 196400 0.732699759699
89201 303775 0.79563222225
215737 233205 0.77484347594
73269 58318 0.799322335008
26271 219024 0.753119328006
93333 6464 0.799280622161
100889 268528 0.780867292642
91158 295725 0.712514876543
22474 167105 0.70873523901
136934 117813 0.71761930317
29664 245472 0.796038221748
233256 30269 0.7045348205
10443 44216 0.701811711041
253612 214727 0.704784318018
183736 171964 0.740626854095
232565 218973 0.747145649518
129340 120995 0.756371904983
93384 195312 0.749840917794
247755 214120 0.795037394974
163410 90948 0.782775773346
121493 145027 0.734345604143
201900 250826 0.779158372221
256166 205886 0.792572412424
111798 137240 0.769899645705
59032 271861 0.798489743474
139120 149031 0.769982399696
156697 126235 0.794650468606
319546 122046 0.723900789944
182105 179369 0.781226294266
4931 70772 0.769138610703
450 93269 0.749174040259
13105 52573 0.735923330912
58010 16079 0.706070093637
52008 272279 0.766154486289
5097 13462 0.743795800771
51364 67531 0.742899979814
167888 45290 0.738918168319
75108 64837 0.708560373166
224952 234936 0.771612117817
121562 315843 0.756960831929
10264 94755 0.706383326589
190837 236829 0.741182665823
297597 105730 0.760145215432
285852 295684 0.749959937368
237545 192248 0.788648869176
13959 58097 0.714730637083
126986 154535 0.711856477855
222372 236439 0.729330923102
70892 10414 0.787744626951
240340 223793 0.70346452061
54865 40179 0.752024940156
96360 166092 0.785103184643
49666 96591 0.754691153571
231243 35843 0.726545400385
5149 24765 0.726546862353
300801 298889 0.776086821831
181003 187059 0.741259059351
65219 41693 0.770966705487
44099 76528 0.731170949688
87817 46775 0.78623544941
218769 240121 0.787937437323
5602 160530 0.739326241327
1199 68282 0.723497077381
232625 192809 0.779602326092
14884 54382 0.781496783051
49498 196078 0.777041269033
23223 11586 0.724533368338
222599 29744 0.757167183912
20411 34877 0.766625536872
294555 284267 0.780058775868
164652 89134 0.772520628961
29460 236592 0.721891764333
254427 208056 0.76441847175
90372 195523 0.710046563555
39857 23711 0.727778943305
243831 215102 0.797310304059
194022 198763 0.703954760816
257293 258993 0.752070165249
257536 222173 0.702154348932
214156 27756 0.794429587836
776 92594 0.743674350428
147873 150758 0.750016124136
97314 169554 0.754764178247
35046 36598 0.760488506174
87967 89185 0.799253757362
249541 217680 0.73118299246
8186 74453 0.70089296998
225094 33304 0.744763172295
11476 47064 0.767813104454
13707 27498 0.75921388074
319732 159362 0.711605233073
133004 159186 0.74469991429
167648 93789 0.775943780845
20375 59599 0.775268659237
241895 209451 0.795945912694
221747 223243 0.746321410964
29863 227623 0.79758658771
241208 230026 0.796047869804
122451 156771 0.724967244576
2050 26705 0.75253153109
250865 226000 0.787996111554
17418 6085 0.715623995863
3299 35838 0.769362773319
129351 320169 0.711700140245
8726 270160 0.770777780868
239974 258827 0.774640018465
265516 239065 0.70832753289
218927 204738 0.775481476729
9260 272828 0.705657611897
13823 51387 0.755320152815
207658 232043 0.777080771392
126133 141825 0.762585824179
2901 166861 0.71586506139
88193 54628 0.773726640198
24089 218479 0.743113574473
259395 222196 0.776121359032
255969 29603 0.753065983933
17982 6067 0.745758860665
9121 26906 0.793683023412
45111 65673 0.704367896252
208637 14804 0.784780109002
243747 202943 0.732138231371
36152 253987 0.701051247358
156653 135691 0.729312680085
145785 158697 0.724015430112
204228 165621 0.708516053465
161847 10710 0.750077831207
152430 137238 0.771193832527
149031 319915 0.781415326459
110336 106623 0.744953602356
136789 111453 0.74597885397
8233 198533 0.742906046922
16624 5350 0.71610350764
140715 135391 0.757994869602
114836 312939 0.710007157327
297446 87063 0.787485620561
168376 43115 0.766305032002
157754 317817 0.763837465211
224265 228520 0.745632004287
297346 303965 0.786383700119
24013 211209 0.756414355052
161339 8797 0.719496886535
275240 104236 0.799464067681
214364 216165 0.706086947693
9976 61216 0.780434702855
254811 192727 0.737307052778
79604 131340 0.700798013081
203187 160991 0.78603478378
169128 16038 0.702375648603
116847 106973 0.722376775628
163927 9755 0.718748903162
252799 239278 0.703480970579
120415 157859 0.703257755484
239553 217902 0.74304369364
68397 65038 0.777590039863
38530 52905 0.726732019621
2351 59205 0.798034035808
39032 188464 0.795776513198
101397 300951 0.714271573798
29889 224446 0.777642043263
121342 149358 0.712694722087
163570 202325 0.742004147938
219983 31196 0.751857105821
202235 169088 0.762417664362
5108 43668 0.708654704975
32838 37304 0.750801099247
21101 69944 0.729524246488
255128 215280 0.756730938158
28901 256318 0.745026493698
167271 52743 0.781851566831
101922 268338 0.710104401907
38976 65354 0.710076819155
19825 35752 0.739634870551
264683 224663 0.718034694212
220394 32430 0.778459959948
289331 285345 0.724485198449
13092 165049 0.793265966035
211963 24948 0.717549776824
27028 213689 0.719001877976
205185 230226 0.784048125942
47757 16195 0.718159219756
32069 228606 0.779291306905
268227 58094 0.783385633932
128954 108020 0.705956391903
106364 124515 0.789083527273
23313 38698 0.71084062551
273907 267366 0.745836009836
145449 128437 0.776948483091
242224 225684 0.715439289768
35955 251774 0.785913154065
137723 109959 0.779317252003
169599 6867 0.735830570803
94420 8635 0.728281855465
211489 190963 0.779929857683
291788 282524 0.711073697472
56063 4167 0.749469669519
36941 30929 0.721768702567
14744 163222 0.792738775225
654 36680 0.783674427111
237192 252043 0.765041421316
105092 297349 0.714312639766
92132 4820 0.758852221047
167253 59776 0.716928457031
5504 23731 0.743477715919
246384 222806 0.770660650177
30705 13931 0.779500721959
97275 47920 0.749368739717
15224 29580 0.786538926001
74493 17234 0.766700122752
230496 222350 0.717925083829
175307 186070 0.751781138838
133993 148506 0.753131303591
93452 198018 0.748664204051
235369 242415 0.749763276487
257862 253840 0.781907918637
105907 142977 0.756468698722
221851 242048 0.708801865158
165179 48893 0.797932070365
123425 155745 0.740882696518
13719 38561 0.748876374303
210962 250284 0.78110414827
274690 270887 0.733609709204
228537 189979 0.796528308545
222062 227261 0.738030599617
156985 118943 0.708912252676
243850 234957 0.718212214794
210134 247237 0.717106357565
46575 33647 0.761456334247
161906 95057 0.725554727586
201738 194258 0.708781650007
67295 2348 0.776634448178
235034 219376 0.752842173042
17081 65727 0.757684488886
291280 297581 0.76956057508
167631 76633 0.76796960345
198661 9946 0.702205196628
123768 267506 0.779549214957
47035 13865 0.759658192143
72108 76455 0.746466017973
301555 299077 0.717970102474
145309 116059 0.748482116802
178536 1772 0.797934285977
226121 215691 0.74526782948
119045 129352 0.79303478931
288953 296521 0.779001326032
27826 32727 0.791478402487
198662 47779 0.710678132832
251051 220434 0.713489694476
78543 148529 0.769123458714
316327 317992 0.74951158178
158537 147900 0.769962698309
96870 49576 0.762050417711
164714 4262 0.774958835316
60887 104656 0.738764953576
299196 100585 0.746787772659
127609 158175 0.711623323486
61013 34677 0.760040884613
53197 5122 0.73349526649
190079 258805 0.726885600449
235053 245577 0.721347775928
212740 28938 0.763105168748
169672 53438 0.757660183227
258458 239137 0.755851707443
108660 317804 0.702716430974
117564 137782 0.731981362455
149928 78345 0.738890216659
163220 92735 0.727366434337
166276 204309 0.71757433959
45534 50750 0.789016538095
1678 90070 0.713936899327
293607 89294 0.731712825418
231271 264610 0.736125289729
20756 231186 0.748125821422
236446 265355 0.754502626766
22890 38385 0.740434859002
316966 152413 0.757451470032
89590 165683 0.798617417998
112545 122361 0.729719686448
160501 7096 0.772564101789
157842 187281 0.744975991975
164785 51389 0.793295937644
160602 11221 0.757342882366
67016 60125 0.718441744633
101074 100472 0.707754972989
16439 30179 0.778400079297
238989 265032 0.723825390968
213316 226354 0.776897949088
4390 92489 0.710420660165
220723 31719 0.743014016115
28800 243738 0.704123927303
166489 47128 0.716717908009
300710 89332 0.77362617474
125472 140615 0.77188400552
197384 199452 0.744453228449
36385 56638 0.740218605759
124226 150374 0.769935409893
299772 268229 0.790143701333
8753 199533 0.787019274964
262177 249772 0.717115938488
244164 210424 0.790418974082
12153 57372 0.73256230195
72393 8232 0.750079752605
46922 96716 0.777637511712
204042 243433 0.749015514588
237555 34036 0.718775233579
252624 264294 0.79427040377
246202 212879 0.780793966265
53287 16999 0.70723700991
208286 191437 0.731613118351
6343 194899 0.700898359007
252915 199790 0.721305011294
71708 31139 0.794090644607
53814 45258 0.722812321548
293522 92852 0.792504286129
66944 49824 0.723591903065
256384 36571 0.763170149982
153476 148804 0.738847286365
195660 96419 0.731054442652
10520 35168 0.726234288747
176796 188333 0.768781697083
34960 25905 0.722306411766
268860 5582 0.717521916432
128926 111572 0.767489355625
9618 37708 0.791301549696
238794 225118 0.779307642296
103934 105562 0.774587928604
159432 135986 0.768557919381
130497 114345 0.725199487128
135049 121002 0.721213334856
28230 37241 0.733847387878
196927 206991 0.779830855679
225736 251232 0.711637518274
51041 42824 0.778085821624
29055 232110 0.786476001222
33434 11780 0.77287098316
240748 229665 0.78216347494
197846 206685 0.753820515186
11291 40114 0.725604655478
209496 227873 0.755048283553
116789 142169 0.745177952711
27641 230371 0.701301495301
229732 214917 0.769965427809
126104 120563 0.774587637459
156716 133960 0.710126756574
161359 46497 0.711114299748
37934 73976 0.726785595581
290330 285513 0.735945838074
232865 209627 0.775374223102
64299 7087 0.708302566749
11901 57404 0.762727141727
20527 25378 0.765536708817
227534 25872 0.794194213109
107560 78522 0.732797805614
6809 43058 0.750014257691
251171 32221 0.792799224177
134272 137482 0.71213542214
248591 229703 0.760059740096
92537 4814 0.794233731803
28180 15559 0.795578210831
111011 119204 0.74129966626
19081 220474 0.706654359541
265496 254918 0.739523118353
134673 107796 0.741848056336
61444 5687 0.738493400885
211789 220033 0.736109582699
119099 114149 0.778188279117
201160 244917 0.707421479622
205874 193220 0.755410241909
301221 105738 0.73720932771
94254 169111 0.778303661879
206741 195485 0.713131079726
199246 207068 0.762323806458
59761 43253 0.736580039743
73929 43929 0.70869462096
48225 160826 0.792893096827
30097 34716 0.759394373711
132986 119888 0.765658757404
316020 130808 0.785986788459
141454 146806 0.762155266221
10442 61732 0.746843353835
48407 91903 0.778589623687
66618 52011 0.798332198203
232033 27429 0.715918631149
253455 212153 0.718451137047
147211 138346 0.775196384952
256646 226215 0.756465465757
110536 116092 0.739177217075
209346 49467 0.733004549911
165543 13955 0.709420377336
251311 239297 0.785574139644
42387 15374 0.707104470095
248296 251861 0.754499414001
288704 305032 0.762089813761
143533 78547 0.779044156965
178133 188462 0.727753396365
221355 34188 0.757405434838
220280 240197 0.700026748595
222431 243301 0.775732473505
13235 163671 0.770815930181
138095 147924 0.786748287854
294922 306020 0.732516927399
252388 235695 0.799755191377
165945 49329 0.735335829913
86522 93827 0.796742497584
46421 64776 0.713469132297
188707 176898 0.723914796313
263824 237564 0.714628958447
131280 153199 0.795471741595
194341 243702 0.725696403019
304238 294335 0.753863475833
13934 29340 0.775468510555
119192 113222 0.741818103526
47406 22493 0.790509015491
106127 145214 0.77661007325
265526 258074 0.760453338261
215822 222228 0.708163095276
239235 220324 0.785573236227
50887 13556 0.727654061639
218424 38630 0.758312820356
45589 51595 0.724278531239
26663 16255 0.783072270061
116844 108883 0.712777745373
87303 47293 0.709316722529
224104 236739 0.735738848347
55851 28230 0.713521086179
61057 52630 0.794426806652
228567 240601 0.790384659747
253800 203923 0.710019853066
115923 119172 0.703408915228
115343 125835 0.723714587517
253844 34271 0.750328968268
145588 136854 0.714882277485
89040 160671 0.759764475495
91455 295867 0.754862015542
10547 47709 0.731261096303
241290 228331 0.733447801169
132653 148472 0.746564721846
56018 13444 0.724861145753
299267 289433 0.793448638419
260768 30449 0.779143529253
28519 245320 0.799103169077
286295 290506 0.763343963886
235876 38170 0.751952628808
218674 248932 0.755826872867
316397 279238 0.752363617554
167459 42284 0.759256390942
214713 222655 0.706010770684
145302 120446 0.728097379445
158841 155388 0.77089726762
170943 153437 0.747064268112
184177 187156 0.784858998974
29409 1751 0.703016164582
19752 10220 0.76761173175
133408 141845 0.721842631864
100957 272717 0.749429883283
31663 16681 0.762083394184
150811 154483 0.75877841643
152805 155025 0.78777634752
194225 207077 0.757975475196
168115 38511 0.777167985765
269270 102899 0.745582006072
216341 249378 0.768922274575
209302 194402 0.738746847109
157913 142068 0.716844031137
224211 226510 0.715345370671
63856 43251 0.710446375249
50071 166240 0.787350413946
60590 14306 0.799425542282
45274 6247 0.730728728367
35895 7864 0.731159386622
123185 319378 0.707196214202
316796 132433 0.733129661661
268144 104921 0.715070952303
64841 63027 0.738361770826
158138 114604 0.701117528968
164355 8823 0.761566535111
88809 90629 0.722142989369
265983 258471 0.73678207244
110593 135397 0.780421353478
214412 33973 0.720941647773
217776 230251 0.725197106159
30218 38619 0.790321196705
38482 169151 0.794079451409
193942 198516 0.714835064608
88569 45571 0.725970187233
238775 253172 0.74286073727
167183 14545 0.727207197296
293932 93358 0.773175534818
150005 127342 0.792307949523
318825 315872 0.759736234093
108196 135590 0.746399384474
251025 241856 0.773583677184
245720 193159 0.749204932185
242772 262979 0.729861722445
256286 260366 0.759437128105
155407 147816 0.733362869654
16302 35191 0.779981626527
149118 106718 0.733643296407
258681 210373 0.753102962255
239927 1242 0.765138879251
38590 220356 0.795676177676
113491 117885 0.797207533264
320749 136757 0.755314021197
238793 245066 0.783101964707
150446 127904 0.717352316685
302971 97667 0.745794508017
294207 296877 0.717096235091
243460 220849 0.711203794207
121716 128003 0.791503904707
308348 178046 0.749318920571
291152 298834 0.796172184597
160094 92947 0.781265521746
212483 194118 0.792063104201
47473 96625 0.752950000929
70604 44341 0.791422671692
214930 242235 0.769796844611
4844 24746 0.733607966274
130663 79338 0.717002282047
129403 151257 0.729931201539
7014 269286 0.741439757842
268239 47351 0.733749945073
63623 9698 0.706297002878
88014 291670 0.716765841286
218304 248503 0.757535701657
256372 32125 0.793083319334
132077 151126 0.724122865906
168676 6220 0.759043614298
5790 52626 0.794468388354
52589 6204 0.700935550232
305992 101846 0.719175628206
73942 52010 0.778946632292
148809 156287 0.768942841425
188379 70484 0.754591711838
89981 164489 0.770212126571
47710 97798 0.794830876393
26578 259318 0.733124491349
257210 193924 0.72729973153
190092 210373 0.786485455762
293432 90890 0.765441161907
30018 18705 0.717635397532
314965 313503 0.710896197308
37817 1318 0.736137149349
31892 13191 0.747936995791
270392 104885 0.712572606243
221627 36004 0.791521230214
34095 25410 0.783124050252
22228 225965 0.755601791472
10767 199634 0.72671092285
124207 149203 0.759778567895
79151 108075 0.754819961976
196332 95569 0.773034429261
14017 163560 0.799697741562
183225 174150 0.767520144551
316689 134849 0.776187071917
242417 249468 0.753634235412
212671 28142 0.710975492776
262319 264154 0.751123293806
21404 44598 0.716449258786
38426 20435 0.789244955636
127499 111861 0.73158795366
216096 235662 0.721126467961
39898 57969 0.77589587174
308710 306764 0.773064034717
20199 11770 0.715719407376
107336 116883 0.742394774735
190721 167063 0.717325308803
230939 26336 0.704135697622
59498 45713 0.789320021908
225389 36108 0.727049653687
299519 290433 0.700627507905
39336 227622 0.706364541986
137412 114130 0.761070531263
24350 4914 0.750007300459
7963 27155 0.756400971702
197299 204067 0.795328887395
78117 107923 0.74345997017
8584 167632 0.769821950582
50002 167797 0.749569484499
137003 78099 0.761575459054
255412 26059 0.765957968814
69654 51703 0.740444316121
270763 299460 0.745937937598
75326 32446 0.710927452213
158198 117071 0.752869066325
139451 152369 0.70893880332
34957 25698 0.751092735683
154307 144317 0.79719959276
129062 78729 0.787799568859
17286 167324 0.742680617315
7330 37439 0.706193984717
14378 168470 0.718461306738
69477 186781 0.760835474294
126805 151317 0.739752662088
75037 71482 0.722300887924
226173 206115 0.732663505431
38164 221620 0.779809861369
105446 290899 0.736304504849
265480 227529 0.791899924859
26933 2034 0.794077131755
53768 21828 0.740057897765
46695 166862 0.740543120459
17553 71341 0.700623980547
191846 195895 0.709143484175
21740 39155 0.702727927735
72534 46066 0.724127200962
195706 6960 0.766833919537
121074 138788 0.71079982001
284695 300272 0.79658779738
239859 243405 0.728876719257
49707 271248 0.700818789501
52506 70047 0.755010025983
315462 122031 0.700459524681
123161 149395 0.758792710157
42403 13400 0.763789849427
135740 78939 0.729729760655
13287 43268 0.736490709161
180111 185688 0.738625305018
256867 252340 0.729235476138
201176 162682 0.723205334578
72689 41010 0.759548690661
32065 16424 0.710863809208
248227 191539 0.704387904411
255298 214295 0.709578824781
64737 19867 0.798200427599
191627 242788 0.739885790549
9031 168502 0.784027786645
28558 229204 0.734308402387
13376 29433 0.770975749624
123153 139666 0.75493965015
180449 171599 0.781649459971
20107 24198 0.782268277309
166883 22826 0.713803879329
254196 222199 0.713652775991
62335 20964 0.747700669577
78907 108106 0.741823634689
21523 45747 0.721437026999
139274 147441 0.717303108247
14702 161439 0.793900074834
194093 234884 0.758896043423
228072 211342 0.737227070801
65398 2627 0.713042053433
54456 35281 0.79753422245
156641 114116 0.77551133641
279001 299475 0.774786658041
124928 112461 0.751515161067
25124 55389 0.702392316593
103141 280425 0.770119583475
139406 116910 0.743330110023
246752 215785 0.745911706903
49224 52286 0.754775579319
64521 18001 0.799630859502
113159 125200 0.76232120385
260049 258955 0.795085463108
90176 72835 0.792453129134
302332 299283 0.762369688404
10354 23934 0.755889414691
27915 250212 0.742690395778
294511 295607 0.738237609056
200982 197539 0.777834289539
90002 7769 0.766324878653
263494 245587 0.736893018554
4264 16989 0.798752639255
40240 210833 0.738930814248
193139 246943 0.798639864943
285982 292001 0.737714847281
54950 165950 0.704099117529
141596 77579 0.721610035157
149726 146535 0.775962648879
50874 11383 0.718565525818
275711 269512 0.777725814079
99785 298414 0.754938449408
124045 150279 0.755031308228
294905 297649 0.774219023624
116327 132213 0.79526003769
252024 264212 0.73685017061
35242 4564 0.758334280092
121736 139139 0.775015054508
8961 198743 0.754181786522
193891 235695 0.746980246405
