72038 278430 0.763586354858
36789 266955 0.782684775277
54304 145494 0.783497757386
170652 204634 0.74810108499
184677 212917 0.752253328421
234224 275435 0.743584972509
138230 271932 0.791177957335
300936 63064 0.765705401931
310882 199157 0.799417555628
163319 175719 0.784901097631
169173 135232 0.768457549791
83962 131921 0.799811059838
316946 283951 0.705372604884
293443 21352 0.724777943578
53423 215978 0.795202627784
44201 259875 0.751689570877
311032 68899 0.711693675785
315107 168180 0.786238431021
242721 179118 0.741955017452
32400 93927 0.793189370518
183648 231471 0.745298779915
211672 312023 0.724523595307
130252 100782 0.751834748001
51647 212963 0.774563109484
302919 261546 0.723872883811
80879 287838 0.725415547311
279320 288598 0.791657873949
94930 133029 0.794141151125
185529 257080 0.734675882014
289424 71533 0.72609701776
179823 210708 0.798651514502
273063 241222 0.719102369998
36050 147639 0.73480941316
13159 122652 0.775518029132
36566 294097 0.742541658563
181077 87956 0.792050094265
26524 297408 0.790492575106
275141 213128 0.760786872605
217732 43489 0.714040921314
257999 96981 0.763552079759
100240 7455 0.70765990259
127661 100647 0.764349693796
218350 168945 0.768528813571
167770 240410 0.759896090639
150473 4744 0.734916429668
294900 163259 0.714149957775
14680 176796 0.748069129581
188668 275003 0.706773781897
87335 32612 0.70263919556
36588 309696 0.796856834069
283765 317327 0.787502252131
291535 28452 0.75694055248
66103 114633 0.786696164624
182014 155556 0.791014882254
266861 92913 0.739353894115
44622 228717 0.767812354275
94613 127588 0.747521164055
68879 202281 0.7372078612
271919 113556 0.78237169862
274966 38304 0.747686034862
83623 317040 0.775150910571
107764 268346 0.752128309392
155776 89759 0.737286035054
284150 35543 0.707651409685
279528 176337 0.795117197184
318657 282789 0.777632349801
144895 76600 0.76698708872
280216 177679 0.706287719828
137497 42004 0.797764226707
151433 101975 0.78525242103
157088 308040 0.796003952482
86002 10609 0.745546051555
43878 208325 0.756858057331
174874 277148 0.770802347462
54110 121076 0.700662231914
215680 297663 0.711380863017
52638 123137 0.784256460872
123785 41096 0.729596917197
158023 79959 0.781674755525
153440 291199 0.794087528345
231265 174154 0.736221864761
281462 26772 0.753722142141
12052 189438 0.796803965957
186290 194052 0.756710253189
242998 102100 0.786074018855
60666 213854 0.706172177639
319575 89606 0.764602072043
63536 117247 0.795062860108
14183 313856 0.70914122619
199112 310529 0.764918003651
275934 250556 0.708631272207
161432 286608 0.759217728838
119395 226300 0.710300840926
120689 287026 0.720627442714
299011 197267 0.715427179864
6027 216345 0.79180788568
171556 130754 0.788472699689
17325 151413 0.760917111417
120255 245285 0.743252157493
217971 261055 0.780853688261
287382 133987 0.718324764656
96105 255075 0.793190975123
261698 209430 0.752011307967
142739 17485 0.782684769219
91874 179832 0.712435853746
60420 233051 0.78636115616
145724 85042 0.775263474457
74736 111812 0.713196210766
227287 97298 0.708981596326
314433 178396 0.794098349117
45749 145553 0.790745204469
104861 199191 0.744573363632
63115 194699 0.761715835904
225682 93702 0.781227764236
170354 96876 0.744377785023
313919 76611 0.788728498028
204992 297568 0.791275811657
134647 29185 0.714494377404
25860 320359 0.778540268571
209004 298256 0.711671451432
215832 11123 0.716092216645
307686 222924 0.756809465446
305788 1125 0.723059556412
198722 293552 0.72622278101
247186 56951 0.776665386617
293783 35985 0.742184614807
249250 183367 0.707517143711
132550 60413 0.795536210138
275562 282679 0.72040428187
73260 258689 0.773949748395
98473 225270 0.701683892209
100804 4982 0.700470718063
189870 41054 0.735862077743
26499 313679 0.795147378181
75991 122624 0.729658444794
314756 295221 0.726299041525
73219 248979 0.78561798254
120998 229588 0.778511663388
231488 277263 0.7251517118
151477 60389 0.770737781401
307225 259199 0.705304524697
62589 134855 0.76812139086
17287 145259 0.72160760288
307635 118225 0.724850882701
73661 190861 0.751403759977
2857 281736 0.748897189972
108274 274569 0.74050694129
303508 21699 0.722115572106
119673 12261 0.785269153253
186869 10502 0.709600116518
28318 276283 0.760777220086
153941 270249 0.797439424695
74883 264410 0.759995433216
180378 213423 0.724480151955
288769 30066 0.712598934043
123337 299377 0.713836036316
62167 263224 0.754799040661
102477 40714 0.734143073366
194725 307423 0.703149236204
41379 242035 0.775536270613
170060 166479 0.703667785172
225981 75862 0.767566547644
143127 6525 0.727468873655
176169 169686 0.710436438795
277207 5723 0.772119405765
113054 63207 0.792762010845
61415 204702 0.785956293136
98008 39376 0.78110701246
189787 279883 0.738666437434
298166 9653 0.771575610202
217564 179164 0.715614531886
295655 5226 0.730306961724
9334 123277 0.7459102871
165679 290947 0.768819543302
12019 206538 0.749170246991
91093 225404 0.74719086236
40904 316067 0.734363562405
278501 196512 0.771333582058
146972 28061 0.741972707997
80059 147319 0.760530968627
290223 65090 0.710657921006
182839 223202 0.770878687402
10640 186026 0.773054081921
102078 135326 0.764018428758
45026 244495 0.700063007393
317291 12138 0.712513490001
239616 53337 0.714496661324
51388 151820 0.7670379486
175752 102258 0.767941088268
143427 15896 0.771441765442
176435 47662 0.701217840374
145197 291549 0.766910955252
141511 65598 0.796820964705
178791 117177 0.756297001368
121158 24796 0.735423616909
299033 120019 0.704382518116
211910 318361 0.733701499938
25957 301975 0.789465344347
216894 2164 0.731395933878
244346 57740 0.722488675413
192670 286356 0.776476221132
230757 120277 0.727558991569
49650 319596 0.783458874346
312242 271219 0.746634058368
130796 63421 0.705798193105
97635 226534 0.775240033884
497 181658 0.759361910316
42832 187154 0.775641192429
234452 160171 0.726880605027
94280 234348 0.702390542128
274143 72112 0.718762317627
135470 268957 0.753041667844
279027 218460 0.75224304277
308921 31795 0.727997966806
287911 229130 0.716048377277
101370 143571 0.795139643274
86955 184051 0.743843911747
44298 230358 0.795704096357
50633 114435 0.754592784683
58235 292076 0.741294044688
184049 161235 0.794196443286
297155 235442 0.700457757753
279650 195102 0.791468570094
318861 27287 0.769917883489
101805 162827 0.779177488912
128219 102168 0.727570787175
141428 119661 0.725124014872
161104 159412 0.795349558766
319868 15601 0.751009671353
171347 149461 0.748973108917
303608 232801 0.711550700359
278005 202785 0.705746134103
224687 180101 0.77627723806
161908 218174 0.736717590056
290706 164049 0.713265926149
199439 309326 0.757704268768
9869 185864 0.791861065842
187574 78218 0.739834879771
315350 283454 0.704455481393
43419 284947 0.704978180469
309131 15913 0.745066965244
314748 22028 0.706450031838
178134 99018 0.715703365749
127374 308591 0.774717495656
96175 222248 0.729275841857
306957 96240 0.735301948497
180045 295864 0.727955017566
26529 296886 0.73921002013
93940 115922 0.785217327596
189110 117161 0.73001478669
147715 254748 0.717668643658
176944 10508 0.757502730818
164216 235998 0.783258001431
181567 49338 0.746623472527
156804 309320 0.729406604825
179877 106107 0.777065909247
195869 285834 0.781332500861
183943 242641 0.798303367376
235362 302675 0.79951968995
299392 107770 0.723410030989
251157 173462 0.71158720634
256771 279888 0.731719552251
40862 145230 0.797798231401
178290 107003 0.778795192355
171864 223015 0.785756568299
196265 132856 0.737953068735
152585 94420 0.731136030808
170655 137919 0.793826341852
319173 90267 0.772614660302
292801 36288 0.744220385929
164790 177450 0.737063538839
295517 250837 0.737414691537
88369 180612 0.789423652659
62750 211896 0.791465602559
72358 136719 0.775307546314
202807 312356 0.735672916757
129443 33846 0.761452787958
89001 67195 0.748755814425
124305 199091 0.767679432877
149311 84379 0.703542830251
317185 48661 0.788870980155
321096 15275 0.764242575176
318771 90808 0.775922793955
267281 114587 0.773285961493
83525 73977 0.798131540982
135091 299466 0.716531499756
290675 159438 0.723675116468
98585 183224 0.70721898144
248930 270358 0.742804537727
193765 52037 0.724946869143
52648 285885 0.705606313264
80884 304305 0.798283262214
199760 83924 0.703961785444
171030 209489 0.757219216916
310755 237046 0.793776409496
289821 318788 0.763211985843
250613 174882 0.752633899186
214304 180233 0.770928455951
114300 44388 0.790462522607
229196 177049 0.752992832024
21544 287649 0.764761922468
232439 47542 0.745425738312
153315 269581 0.71763248274
301126 60635 0.763648110917
148541 63390 0.736544567434
316794 93003 0.779669949415
300282 25781 0.787724798989
119190 281233 0.774599103705
314502 19382 0.725706191745
87170 258577 0.775773350009
180494 112118 0.73122191242
285217 314218 0.755980616301
171726 201665 0.767329037915
127217 164278 0.721151864154
20143 292917 0.730716485164
285269 47212 0.712664242901
148303 21119 0.701805019903
96209 217073 0.796853287456
183535 202854 0.735205395475
303160 248321 0.770525739915
171053 22083 0.733201815924
175223 196911 0.77847209794
45770 146488 0.717218032767
312166 150480 0.704775077184
97050 153625 0.798263919204
31746 151374 0.749241366711
59901 231523 0.718135191538
222010 280798 0.794973421678
249285 174731 0.75281372326
39860 315799 0.773290115239
172845 99482 0.72992742935
176080 157957 0.703220089137
47308 83062 0.727122757528
292007 247170 0.749904385606
45896 81488 0.776881813649
123355 105149 0.765155654511
185847 24373 0.726194859753
18292 138618 0.726015900131
156611 189336 0.788466500415
175540 15535 0.779927935628
226215 104166 0.729911736538
90253 277130 0.799287530372
229203 52166 0.780606870787
274044 185953 0.708061352581
249478 91451 0.751648319127
4419 83281 0.711199604172
239052 42730 0.796819356444
141114 102362 0.798720665323
8125 125942 0.767559821332
92893 267952 0.703883137124
243337 308275 0.702540300773
186332 77749 0.705191820716
117657 304810 0.766354525534
70516 167897 0.783623871669
43486 146051 0.790631806936
268188 219939 0.741462596925
276750 36087 0.784305563402
13913 294129 0.799878375699
10429 142233 0.76548502789
46888 77564 0.77183033521
48675 152025 0.752644664082
282328 276742 0.75202407818
103381 113241 0.767108429404
89592 31309 0.767868922205
36031 183397 0.789827242072
239090 184921 0.726237305736
142682 74238 0.729119066045
285575 260192 0.727604536835
173067 256813 0.704087595162
81694 196275 0.734627594392
269933 264692 0.79739261273
91839 141746 0.771688431912
18746 144389 0.789950893447
299458 17289 0.773122211639
60316 122606 0.79520835163
189163 237049 0.747657729224
272588 80798 0.767074300152
69271 288943 0.732465166666
298670 316945 0.774743463036
10733 83701 0.755934155545
139019 102849 0.747068045773
197524 305580 0.738647568444
220807 301775 0.757642416839
206164 288567 0.740923311881
72196 155324 0.73234167764
266891 163922 0.701032789108
86046 135354 0.7849952184
210747 154734 0.739154938601
178087 140201 0.725347396672
159909 283370 0.760007692576
106865 154929 0.795463417706
294008 255796 0.762958944423
1194 307536 0.730905665728
287965 68747 0.782723071378
183544 53473 0.770779855237
305372 70579 0.785374333737
314517 75312 0.701841997371
148669 68549 0.733631721899
117899 171709 0.782420273571
229214 56817 0.701948657516
296071 68375 0.73578671457
86015 59820 0.736205051807
52341 244663 0.74985917429
202211 181638 0.704664305132
118456 172468 0.789995800071
184542 221472 0.719533089761
157654 218801 0.727272643201
272679 85701 0.701028043089
78484 310493 0.701388626145
275221 83673 0.721479179745
220282 299043 0.782458330811
229067 180325 0.768405503165
242952 188262 0.712774514691
132204 295045 0.798362814528
284714 5544 0.703399491803
238395 46794 0.754613316926
52989 258276 0.773311090774
126709 44745 0.769753073675
271985 200760 0.765817352733
97982 143167 0.751289861461
178561 191973 0.746226450137
51165 290391 0.723851654791
317476 178862 0.782910261875
316634 165636 0.773608246316
24868 178296 0.796668029207
217057 217 0.730700295137
307822 202362 0.722054430786
39873 144226 0.744320142464
86807 53285 0.733959052896
233674 94922 0.768382178997
132859 87666 0.738176152063
279209 180832 0.723717762561
127136 49203 0.792818834591
78442 314261 0.727059754397
111731 57781 0.762727236974
25601 144932 0.728578386155
177083 214687 0.76698490974
70729 296951 0.751986222642
314517 89298 0.793887620871
320771 23450 0.731205111978
148816 46968 0.793772812588
249514 42241 0.765622269387
69214 136029 0.722842364195
181591 165870 0.723597683516
118281 59783 0.757265137441
82404 280338 0.724726296328
288175 2582 0.751716646255
73533 302153 0.741787940242
291691 273386 0.70755011955
283738 60751 0.709020975642
3076 277498 0.773199790173
196423 154568 0.765183265443
95246 216377 0.782427383093
199635 319981 0.778945705541
292489 26438 0.785263755337
302543 145701 0.767033685925
30901 86566 0.782194850622
152000 51978 0.755364426898
107017 179067 0.784732394204
53082 158675 0.725947983976
245187 276412 0.750578486169
124747 8798 0.719669286325
307171 124153 0.786071331159
83579 132939 0.76284040912
236984 270668 0.747926199579
16067 155082 0.796627310447
149313 51486 0.765330235841
103296 80236 0.765044571089
89925 153337 0.738263023684
209564 58878 0.73023841881
120825 101094 0.730394021046
48060 239972 0.70856392388
37510 171553 0.713322868168
104763 133221 0.710463654466
121875 175887 0.736253199827
180034 88676 0.74877783952
161497 281353 0.78024381712
52945 293852 0.756098440712
125694 60487 0.798297899092
105008 174554 0.701731253107
263996 10486 0.722207223003
156247 64954 0.713356681122
126172 167460 0.724302422438
284587 73340 0.747123733714
310091 270010 0.790872014538
216987 195141 0.715705615266
270877 122372 0.733014007993
110235 42924 0.756748269634
145103 26516 0.749519349051
141371 178785 0.783169411229
69589 266514 0.754179023013
219735 74224 0.723423243018
268697 313843 0.701261355608
104275 233763 0.728217940119
205148 274770 0.755657800515
33014 95831 0.703077161405
314427 7149 0.711277089495
206918 187505 0.718507849374
122048 69523 0.779281571163
272634 36654 0.724893265244
92157 220133 0.760834768764
296696 190612 0.733086318648
225454 101375 0.746566239603
276371 260553 0.732618016472
192417 100476 0.738797947223
294406 59846 0.761108922834
128635 163862 0.784911998792
210560 74659 0.731602964688
318042 164577 0.761339415204
277670 294836 0.724796392761
299509 134021 0.749684150333
210033 159899 0.7043372313
215697 309863 0.744076500556
287314 30830 0.794444202717
154878 35275 0.738463286425
56310 293038 0.748261153835
123438 56969 0.788288105777
99827 129765 0.794811021964
145333 305890 0.765995748421
4798 154584 0.742433653446
35369 177968 0.768681234155
245960 43881 0.704464698999
166021 290992 0.781295646478
64510 265672 0.779525353716
183074 279360 0.738654454554
151206 88546 0.762304202295
289142 72918 0.750631446992
196101 265790 0.705915323977
221633 45050 0.707810233145
157169 246032 0.731848897002
72066 282728 0.788967169789
147883 310168 0.752090514796
42999 112919 0.787408185797
270957 239047 0.703306980597
50364 235836 0.744615026757
31455 288211 0.765990890537
91578 119440 0.791198401101
69646 91961 0.742092571904
50716 319105 0.700703539061
143158 49456 0.75628528613
141375 45478 0.780634355562
172474 128222 0.755984821258
49910 140540 0.78985180661
320680 221390 0.745774488614
278296 78236 0.793352540918
309552 254810 0.798623802052
212948 98046 0.766434638656
17382 85956 0.736357028912
300696 125928 0.77963374552
176383 76721 0.795569225921
214505 46454 0.717516588527
309210 130963 0.73328695055
93140 124013 0.717653882142
191053 100055 0.797371527536
25082 147907 0.777658487661
48123 234647 0.796610473514
233899 69779 0.723287259751
129163 181130 0.771516154715
263660 62724 0.777191660526
52016 263582 0.761185274596
60854 257354 0.757177936795
262982 309426 0.760315695726
165942 121824 0.77055887692
46307 290315 0.766812188529
187657 227937 0.799401103084
147698 60438 0.783669479061
139814 48269 0.741568117034
297172 155345 0.747539671264
95702 237950 0.786097599403
38129 82067 0.741650488315
177841 105311 0.779494128623
284234 38441 0.738964597697
90720 228825 0.763740069361
5340 130472 0.771581642046
256827 280883 0.747633161347
11905 210201 0.737211410015
38478 262422 0.786949775965
214018 279648 0.726796807407
289655 70121 0.721816318654
197404 32925 0.746543305979
147317 68653 0.749811223103
184250 242518 0.775711480686
37316 308250 0.793216150266
170249 268581 0.731996251945
63504 288987 0.751762013016
119785 269733 0.757470163766
277216 194226 0.710878025341
60011 246618 0.753322275887
153184 64751 0.70272452572
310719 53118 0.761598890169
148199 272043 0.735129556337
191198 280241 0.777983992593
148143 164015 0.783508504093
62188 298196 0.701871061426
182548 239271 0.785117312253
58348 190919 0.777709272236
279417 78079 0.768916788905
91119 217062 0.725223705138
26457 312286 0.727505403107
18478 292248 0.781493684586
167007 284207 0.756512832503
284552 123850 0.77096451279
303562 206113 0.778978765746
204722 281015 0.707415096775
177794 129178 0.752741421774
201771 283401 0.779523661544
185137 301714 0.762968034959
169974 282255 0.75592173849
299071 118627 0.78643940015
130097 311619 0.704420701958
2953 146715 0.723752944153
288339 199453 0.720584317438
285827 159851 0.788080375283
191352 60085 0.763832220315
45620 211412 0.703625247031
314081 77690 0.752633823476
253544 104542 0.759120056869
261923 87464 0.760515746982
178672 258582 0.749302552181
70757 266739 0.701708023922
187694 257945 0.77945053996
176712 316103 0.752312038737
19774 155656 0.718581273881
72075 181569 0.790721367306
160906 289678 0.768367386151
279298 201798 0.760907230961
106040 295623 0.718821268585
318617 98501 0.74804230454
201176 174305 0.795823747224
103713 149392 0.775444114059
294445 64965 0.709874699098
92514 250334 0.769328190911
73121 237282 0.728171169496
289617 278040 0.770078317474
298614 200825 0.786935197494
133982 76835 0.799446115111
307599 239192 0.761603820601
271878 133085 0.741048403531
304963 36079 0.797453192915
33311 277686 0.729600151084
187888 209615 0.738571394785
184100 64865 0.735453069437
16376 103053 0.709094938025
240980 165945 0.70418446419
185615 77903 0.727060759758
241681 86171 0.757379589664
202039 293460 0.785258015841
297332 126078 0.787492434455
242574 49505 0.786927561686
135901 94216 0.767776768698
238967 47274 0.76412959932
64990 190916 0.700368437027
252833 307228 0.729519300925
15747 305554 0.799534573518
28359 182139 0.720178005448
282477 48530 0.782722402929
167129 138878 0.772325753938
125657 297751 0.706614769165
141300 79965 0.713181447793
8837 134778 0.716507719941
133579 282118 0.768155756696
214386 101247 0.742328490582
130531 276343 0.764025638688
281134 229124 0.773316312628
205726 301295 0.747741369354
303680 37801 0.723280834741
310240 43434 0.738019765962
174121 19770 0.782046576686
90820 33258 0.741587100595
234019 311313 0.748114424848
88973 217936 0.71789089054
107844 178925 0.714245620179
58948 316374 0.775655825349
289283 30490 0.761834515038
14763 310811 0.795184960504
309992 242519 0.778121546309
129109 80662 0.778646331178
125625 285489 0.734181410986
201800 297635 0.741598525068
276269 259331 0.740084837067
935 203629 0.791097143581
248728 1789 0.785269085389
12849 159211 0.785411180303
24922 285276 0.757276649159
137738 48605 0.757140766131
78260 181349 0.752325218803
211226 88312 0.773227251895
239804 58471 0.723617547429
195766 54346 0.711341434048
188611 7426 0.780289959534
17050 299637 0.770257942522
87169 151728 0.750177301036
317899 56073 0.723652446252
96108 107193 0.767867422852
42398 108918 0.716271798072
242173 188733 0.737366885138
121651 169429 0.73160057348
60907 290912 0.798355024219
163079 273602 0.791538530898
297791 143589 0.736096729678
216546 58295 0.70203912386
243107 291547 0.780931861233
48498 129588 0.763518756338
49730 81055 0.726510866088
305780 172475 0.712347175742
48888 189605 0.727062586989
188721 244998 0.782192758001
298056 112636 0.779051601745
298802 196084 0.719613806837
95458 317992 0.795892378792
146948 304166 0.76988600807
225946 99289 0.702570561842
58106 126622 0.708917811698
126559 11133 0.758406918638
281340 35587 0.70613635404
83876 61633 0.768672599009
183366 66647 0.738318814156
184236 278381 0.774673165157
129062 168565 0.747612732486
50996 181003 0.785496225491
132034 43267 0.723472669698
185819 261153 0.742291614267
75553 107273 0.74419198985
290526 18386 0.723555406147
267937 88499 0.764617718597
261203 184943 0.705695835872
275205 170007 0.757299630734
314483 98779 0.768043925017
163935 157536 0.722520191547
299231 1180 0.785265260589
169138 267846 0.729592560297
260056 276707 0.709640572094
61215 189764 0.759308662532
233906 91540 0.72171693364
82960 299284 0.740026076729
43476 229845 0.722720477078
180337 232793 0.738093756946
216212 269444 0.736673096538
174125 202470 0.746976768553
244660 289879 0.771000151646
157735 7254 0.735607685692
131938 299494 0.787231428259
289424 11699 0.773449365971
228923 186470 0.783735871553
133812 66079 0.772042457665
171727 13073 0.717645692669
140234 280890 0.734424724531
286154 163184 0.711897024056
130348 178166 0.712717015695
299997 69741 0.75629070015
175187 19713 0.710315972009
6683 278788 0.703048817606
178151 138335 0.742441821889
2255 91743 0.753390380563
164386 285078 0.759931621227
287734 194567 0.787019005853
68232 308196 0.758722170299
122996 74560 0.786989582005
4371 294846 0.799169972513
294957 202567 0.77970524382
125288 56408 0.73165704247
188784 225517 0.726834302086
154083 300404 0.734857727545
300412 18216 0.733127128987
74382 144518 0.752738892379
156953 57171 0.731288101907
191331 73802 0.718543726972
191651 187304 0.78842603905
79400 100199 0.755778776052
208049 74171 0.783285357169
177622 11569 0.778623974656
163288 135100 0.742218159546
12661 122212 0.739915902373
182636 203474 0.745084777787
165723 38962 0.757995170723
312529 268720 0.700103090379
305008 219519 0.79347944447
150372 100457 0.701008246159
61762 314967 0.770579830678
96637 311124 0.739915278396
110899 273319 0.780287822943
87356 123310 0.768504195202
59810 256828 0.784495895416
221536 94451 0.773082804274
187954 30135 0.708452586055
300788 9951 0.727635515698
63336 124304 0.792194151307
233618 104682 0.79505719806
72961 303264 0.759508168766
164399 126136 0.760538856518
223519 294716 0.785081922362
288064 27785 0.720201069628
248907 312362 0.727687326185
295265 200144 0.727553718656
95366 147093 0.727699482282
98072 63479 0.757822861354
237227 61958 0.764903341017
81569 314313 0.76829911996
58044 142066 0.703550454144
303345 255072 0.754182170409
174153 2523 0.73552676174
76019 151306 0.759818923565
222936 189491 0.755727038854
185731 219878 0.757099969446
138790 83737 0.720287338933
171329 235190 0.703988969963
63865 125463 0.758345647688
28950 277782 0.795093875826
155591 187910 0.769592636785
67755 204918 0.725013602219
96191 81910 0.723000250932
260097 188682 0.75967929834
303010 21501 0.716877407256
184574 211057 0.734048112404
81735 320345 0.713884754199
110610 276102 0.716391250639
162891 124166 0.76984520842
175685 250715 0.723047324216
171725 228442 0.786619268096
268850 284260 0.779668861725
241030 178459 0.721618977777
56242 289685 0.741507533634
192155 269691 0.738794273607
212781 88186 0.702849178799
276356 227815 0.700716099485
311044 57754 0.764178349336
310411 209971 0.733109341992
175449 74867 0.757878148537
59127 307879 0.798721025775
198230 121090 0.730588496212
199891 320914 0.782352061904
114408 171565 0.778842242037
85559 144732 0.762250996537
68023 202352 0.752014097759
20286 304544 0.747814859149
89463 176783 0.725438438981
199275 103679 0.70491906053
236550 166972 0.735967477648
167948 189632 0.78184148123
199315 154058 0.790845036049
182835 129876 0.7051282317
134619 104736 0.762929169978
103122 312854 0.725066219774
125371 301853 0.715796863231
148050 35208 0.737526442701
146567 297140 0.701588149587
136207 36046 0.737292488228
6820 318481 0.77137769348
184815 109725 0.74011035312
148449 72136 0.733505240129
5852 283945 0.7034669259
249378 189353 0.766330940686
267927 69057 0.752149816731
71850 319190 0.797638995415
31674 133376 0.728895438103
67536 290234 0.765815104762
257598 53799 0.741160909573
97416 176750 0.706100998502
289238 48779 0.728480249545
184996 257270 0.730815570034
320858 61993 0.773450522253
69259 247427 0.718823285634
241021 172776 0.743861518789
279852 26974 0.726445411383
313757 12353 0.764753082101
258858 50168 0.745059728592
227951 52962 0.725795616698
233420 98371 0.794866678229
169545 307126 0.718673104332
172681 118223 0.725393820151
152586 292996 0.784783564827
155987 309444 0.782921102986
101893 9866 0.771635458072
144767 88060 0.728951269834
191158 182073 0.718631817498
114215 182914 0.72738235707
12585 317454 0.743197359647
105555 71281 0.764717969618
182829 102252 0.76168311186
163685 100773 0.716157613804
122880 12349 0.727995747181
239873 45857 0.786429561753
227413 76165 0.717581070756
206322 170369 0.777436176229
271505 113183 0.793010342219
32517 95552 0.729282850505
318633 36275 0.753760535422
276208 192022 0.742216399264
117299 175225 0.789400818601
122026 164137 0.745772382243
229145 176526 0.710361474297
231027 101047 0.760112849935
306852 138942 0.715033851516
210391 94469 0.710225087348
52657 144187 0.738498550585
48144 312954 0.749423445169
78209 60880 0.71029889591
154094 168029 0.744759835544
164617 119469 0.786783663213
97990 30721 0.77429601477
196378 171827 0.798140324742
179229 136667 0.780325209463
272515 23672 0.792191056852
138860 68383 0.765771690408
29520 277534 0.763849402069
104900 26757 0.723678083019
311076 136389 0.786612901279
286189 125473 0.719513439774
223041 279796 0.726342488177
129673 90403 0.753311898075
295028 71993 0.744149653863
45508 120452 0.757616204783
13822 140297 0.720275792918
160112 305055 0.726973045159
268894 155021 0.763327221243
224296 172458 0.761681874125
317037 38104 0.720046130308
287514 315466 0.73775761477
310298 147910 0.703296140356
46178 310412 0.787578418886
171850 315376 0.790822967221
174282 79546 0.700853151069
29146 151403 0.706815093097
211412 299912 0.733879589053
257138 182575 0.786745319599
91273 187536 0.759737084681
96045 33337 0.780073137847
271940 254717 0.778761744405
189842 8191 0.746268839663
175689 168255 0.777883828934
134995 707 0.747254801002
289416 136785 0.746742894023
279843 80673 0.742327510004
30661 276981 0.732635619073
144010 304259 0.746045888475
146320 255327 0.767619058181
22977 135320 0.736370762852
69848 243777 0.751290825405
216904 186710 0.752835351423
195732 83930 0.73561441379
35282 104593 0.766846302377
63308 223979 0.72342612782
152299 102634 0.766989858316
296732 239956 0.788759459815
277828 113774 0.763231434478
68550 88427 0.767331391315
93028 230958 0.787046129302
231326 87597 0.790373572223
47204 124883 0.772741309413
41818 213002 0.795499577255
98459 59412 0.772259291787
285824 253204 0.737000568601
307071 43094 0.744609104284
172370 26384 0.720216899821
105990 309475 0.735581110815
76140 247222 0.782567538623
170523 201853 0.705208680815
135860 9914 0.746867918889
303453 249125 0.722504111651
77064 122185 0.756055979248
116454 279730 0.793069677935
12741 126191 0.774644579236
178858 313509 0.762123623905
128626 1737 0.796307132786
269005 169911 0.73171092912
246987 89943 0.735168230608
303133 65176 0.747546559789
120181 70519 0.796622663573
173385 23064 0.793558637957
101831 119096 0.735731240515
218228 21247 0.705940060295
258949 309285 0.744824325188
278029 245006 0.701744273021
137208 91335 0.736050652307
288819 140705 0.711162893275
45158 186723 0.708537504186
276990 232027 0.784127851628
25112 288078 0.748269517197
184587 33582 0.794170826907
65962 319262 0.762225126464
270069 317401 0.745433919775
124950 73946 0.782969669771
140913 290998 0.738497635115
65187 296013 0.765602456632
56278 309617 0.717418066889
27110 300488 0.703086370567
317321 293617 0.742420173878
303730 28576 0.750813928652
221178 186428 0.777432547125
177146 40245 0.776563545194
58507 126295 0.718542271712
72120 243718 0.701816440094
66084 283858 0.784919659027
152490 63 0.7959891507
279204 306270 0.702853764601
45249 298028 0.739064042289
250379 94815 0.724298987173
293884 108305 0.732129712425
292699 195683 0.756470520159
57008 188581 0.784876768842
