290118 182430 0.711073736272
168280 82024 0.724214450388
110867 239893 0.713401557225
232724 116915 0.707673890296
128517 254505 0.715861245373
17328 82396 0.7910087705
264816 312393 0.766860031519
99583 105895 0.7884173423
118976 244692 0.794692344762
232612 136382 0.719618020725
28391 157366 0.703146157381
126666 223833 0.751420177966
318233 237059 0.775972648382
157454 216493 0.725207932947
117097 86487 0.757926722611
148439 90544 0.743195565805
204323 130633 0.777256320482
32452 77512 0.754967547209
126888 244494 0.707402857768
120913 225261 0.711702674607
206837 81624 0.730504480607
241787 127788 0.787182809156
107232 240766 0.712000936939
107129 304719 0.729296068712
141512 34838 0.774253091304
195026 114278 0.737020373612
307810 305026 0.727834422824
109546 82609 0.799423388023
142490 263992 0.780693647535
253596 119822 0.757889963066
25176 150031 0.756137436549
230448 114346 0.797390600856
220345 124847 0.770798097193
116971 200912 0.735275234735
20819 284264 0.709006686453
150069 252828 0.798104648758
213 80681 0.778622497361
210497 312390 0.798002959943
135928 232242 0.793942518852
115765 231809 0.788613101216
132139 226860 0.763717948525
80820 254893 0.796417837005
248961 78248 0.74826807361
13771 142099 0.727482703777
113604 209679 0.788541325496
304463 112338 0.741197459242
113152 209877 0.746216348871
154286 203155 0.763380856476
233913 148291 0.705868210707
82279 250679 0.772059488683
312994 251452 0.710704047244
115616 226078 0.744607927335
223295 144879 0.738127516457
251743 124471 0.733235590965
152227 96241 0.70362631366
320557 266070 0.721032351476
241417 138059 0.711391870083
151080 212136 0.788641107452
104523 263922 0.7028563697
265172 156864 0.725223424364
306370 105792 0.718540533373
241204 134129 0.724262891638
127091 238882 0.708974275407
193329 110435 0.758395528706
110248 239416 0.780628620921
84061 263967 0.727273764797
138735 305727 0.769273879781
283477 27252 0.718222984198
261815 305894 0.720721832195
277099 216113 0.766052381463
153010 192454 0.754798163792
112336 223383 0.701608670501
262641 155280 0.774139469966
288041 118985 0.740016355279
26591 112756 0.71534776675
150481 217707 0.720370170874
237006 109228 0.739671766154
317366 262928 0.798352641336
106967 253689 0.72196634221
126389 217013 0.703805329032
212505 282871 0.774054881496
130623 201830 0.780649678126
81353 106986 0.746785708485
281379 142250 0.786946243789
242092 116290 0.769716118445
216256 139801 0.702041982959
260891 284520 0.757683549083
122465 23236 0.709047366708
143777 283156 0.722102633396
255735 156076 0.725368030354
249828 154434 0.780366155556
115078 211839 0.725855894198
147811 306124 0.745652108197
144368 200470 0.793445302293
144334 242254 0.787544418046
257202 284005 0.728493991279
218382 140064 0.744348938774
110156 98702 0.743272830816
186066 296015 0.77044708553
285935 171182 0.738059262814
149427 203695 0.722942191474
40747 23349 0.755624417166
35754 119862 0.75417191571
138272 265126 0.796706403264
263422 107082 0.779892138349
146287 202364 0.737483916128
1312 141314 0.70632369
83581 227345 0.786142359767
199962 127001 0.704773917778
109104 93068 0.767689629603
1552 130775 0.747278599711
256700 108902 0.795826505582
118779 232513 0.760677474956
71731 110905 0.740169597603
82179 37337 0.797678666344
192457 82211 0.761930554622
129988 247998 0.70974544067
25767 107747 0.744460064448
85735 131714 0.717789558128
113240 307187 0.703007743345
285353 215619 0.711026895697
215963 136787 0.721748482961
117114 190633 0.717371736918
156519 227187 0.724637300668
181328 286683 0.791652288151
316403 192307 0.72725350509
248908 297781 0.796453613938
251512 145375 0.750037779834
238752 277596 0.717942880789
247231 119596 0.75397104309
304166 214513 0.726357308884
98891 242765 0.733376644562
100298 259834 0.731163196176
232273 116704 0.746514289556
294445 309553 0.793130768947
263021 78909 0.794705263081
89154 156809 0.77335671153
300458 224005 0.78457695253
79369 217761 0.74430832509
228397 114526 0.774083845467
222177 84996 0.739495204659
113259 215242 0.771649997533
186283 98201 0.799647936774
115589 238512 0.774800107855
111792 244464 0.758842934994
24864 138993 0.756846893447
118488 52522 0.709824719371
116081 200504 0.701144769444
149654 281545 0.756895518724
243126 285259 0.786439975488
144543 243531 0.758345468685
85194 115203 0.723076476455
196837 150537 0.715567258179
132082 85731 0.794379814412
204025 80469 0.779802829575
50579 110355 0.745781897255
82031 255913 0.75176046033
225422 316187 0.72920815576
152359 190518 0.74402518119
160896 118045 0.712315648916
139902 263329 0.720686688855
229941 82005 0.784002701253
257548 144356 0.779630011453
82527 218262 0.706094078745
267456 265453 0.741341810632
225866 155206 0.700142860214
208851 147328 0.754243470486
193288 152440 0.779867598996
106145 247906 0.751644746078
246825 315648 0.703726864528
240844 122349 0.747027095323
226600 285536 0.789843263912
289426 231378 0.749563500888
134163 264127 0.709171770295
32452 85370 0.796330016241
317442 251219 0.753909845478
193660 82422 0.707193312279
216850 87459 0.783646452289
139223 165988 0.761280282465
210714 110377 0.791648496075
245767 145962 0.782616143876
151816 165827 0.74382322743
263395 276867 0.769850082433
257485 112796 0.720706319827
106610 164799 0.747421731104
305598 173248 0.749525977776
155092 90875 0.761419802146
225604 157682 0.768398690204
261219 128902 0.706248934348
217086 120074 0.730405626605
124325 213825 0.710802168623
246336 139561 0.733224025616
313129 27001 0.759957000605
300095 306971 0.708012466798
131600 253965 0.75374877993
244607 146465 0.783165604934
18749 109795 0.781590346211
157773 198621 0.712358549173
156173 195566 0.744689118323
110097 218501 0.714160153156
310293 320882 0.773007550868
283958 213570 0.705873170411
78521 165905 0.778254210914
122099 283953 0.737441103312
123929 250675 0.798763362128
55229 117820 0.732983259534
284512 308852 0.758778402153
125481 19707 0.753169390978
153422 238031 0.771350432953
264480 129361 0.779526514035
25079 109023 0.763257571398
250013 314427 0.784464326777
115707 206965 0.716836467375
110492 249969 0.71835794793
81373 261845 0.735082580034
10029 113059 0.7504737008
26583 99735 0.79232354807
285001 264553 0.758157934639
19931 111140 0.737146770364
100338 78119 0.719351297872
284132 222375 0.732555965763
146388 207674 0.776911898125
205507 144914 0.746919117073
304776 210974 0.783600907015
77481 73126 0.734578386706
283293 310728 0.775290545663
133670 196928 0.778328934024
130553 215121 0.731367007355
140148 161021 0.787047420208
246760 125585 0.72161058287
115351 257275 0.76915128825
247669 111119 0.749698551585
192264 138269 0.785932215904
147741 287024 0.708507894725
130325 247978 0.777589641132
251766 112083 0.767676207935
114666 35291 0.704339638131
191823 140839 0.780773689171
230119 124612 0.757348611801
156325 1872 0.773552856594
109694 105118 0.747934180571
35643 80289 0.747434650455
82036 203032 0.797020077786
129933 220900 0.770861076249
25654 116877 0.726091680365
115163 289884 0.767665402957
264995 289569 0.759576100131
142385 201598 0.739010139273
157389 216371 0.793210030177
225739 135247 0.719510821276
222044 110062 0.795016162361
249831 140707 0.718662936039
228969 298155 0.708814533849
101164 309432 0.743861780833
320264 191448 0.74280783198
306114 241730 0.734557006584
121077 222790 0.749636238725
9758 79650 0.776224924217
263544 285148 0.703977350066
315250 261602 0.737257308136
146301 202249 0.721800961872
141195 262270 0.785595710627
199834 119263 0.784872010247
2512 156428 0.756752962255
243831 313769 0.769655764777
319972 264903 0.794421714689
12031 133267 0.74465953779
310509 300831 0.777285005136
238443 155797 0.700138225436
137220 284826 0.705055295547
262764 109171 0.710224984784
131902 212385 0.787487891855
91044 152121 0.79418298267
216882 287191 0.769454680533
205786 109393 0.794837206259
116650 291904 0.787364686131
156792 246637 0.740934960805
214877 316951 0.76014419665
261820 183285 0.713806767543
219655 142857 0.721343443609
219272 156977 0.792291117591
112406 164398 0.785723881645
246614 151172 0.752797620604
85154 310827 0.784936547509
217982 297904 0.721988157769
128482 254577 0.790736352614
305933 217963 0.761907775618
247249 294644 0.722412525166
139213 213583 0.757560416002
74462 80816 0.729673851205
156939 243896 0.788858849065
159145 240613 0.724881396109
71419 117421 0.789769420277
68310 312390 0.753502201691
130840 18465 0.747300405827
194594 284061 0.781696730415
124878 244674 0.729438516357
215668 312830 0.782532564508
153595 257578 0.768827981449
117295 90624 0.798793028478
255878 129980 0.783295695671
286260 112030 0.761821202729
158365 29441 0.706340290944
80422 244751 0.744034738338
294855 185303 0.755868926865
155041 165617 0.753406034442
255739 116101 0.744436879926
74092 84620 0.730611477741
231389 140958 0.773910006642
172419 84717 0.752050092101
259833 154218 0.796722991444
301798 260964 0.747582601718
287073 170929 0.760905829339
303220 77484 0.751700204402
235445 108715 0.772013455284
265600 180481 0.764501869569
207172 145270 0.764949340348
156586 201294 0.718671565777
191666 125679 0.786444049764
155803 25100 0.741369208311
91121 115233 0.751396880194
302232 140629 0.775791518712
152042 208930 0.722213813178
286053 311052 0.736553709029
214557 82768 0.773196446539
239780 288745 0.797787872412
112667 306990 0.795021764888
284399 215599 0.790444783305
221395 319715 0.772856856824
53835 82011 0.734495930224
197978 77584 0.775089053548
78390 89023 0.725847455857
15494 156679 0.737869196313
249780 316830 0.72469422103
189893 183946 0.76837685364
254850 133755 0.736506235659
136586 282615 0.795849158931
36054 80079 0.72050616036
152343 253513 0.760529109216
262628 80267 0.772174050823
288760 309960 0.70024828417
128894 283365 0.704195936418
148512 194606 0.781483745135
105971 247676 0.726983707184
215558 121603 0.72199949045
231990 146807 0.701232498549
260287 107400 0.71462197002
150720 235559 0.760116264942
75922 81459 0.726036441045
115807 200262 0.732435018169
265337 302444 0.771043981427
212905 100415 0.756138656951
140811 257201 0.735674790986
214261 305337 0.789845956196
102559 264443 0.783147438737
48051 110236 0.775283128853
247782 157978 0.726855512336
218106 129401 0.784813654698
215922 134535 0.795721130992
196358 144752 0.763093062696
141794 266277 0.77683132926
113296 224211 0.793684116793
173009 99951 0.731086899887
147040 232572 0.731688485311
103922 310646 0.775424787305
107651 291958 0.729760396484
250180 115628 0.760547643044
99003 277271 0.776863962628
109668 81884 0.781729903291
254966 319747 0.701332230049
131289 258843 0.768208448432
220668 136866 0.775136346861
104962 262869 0.725992554151
106877 48836 0.765408697385
110647 211748 0.729492062043
133469 204815 0.739819399247
155405 240313 0.716711951198
148326 247244 0.742502226941
250910 83426 0.745965685318
152281 264681 0.736836061808
120683 262233 0.707306663507
260408 320812 0.727219331599
110813 238984 0.75690930746
285219 136572 0.789225443128
118219 16848 0.731332464903
111210 57347 0.700130092425
221607 124883 0.799955154822
194499 112089 0.798107390684
109853 29072 0.73073817145
302997 156535 0.790691571828
113407 304048 0.771977711799
123410 218315 0.791356563912
165778 137845 0.703811625141
137897 282944 0.71843863816
252111 150907 0.740621919125
85056 194019 0.781652681996
89088 137280 0.709145818074
80236 248418 0.736281289307
77857 199500 0.7621149035
302898 312735 0.752055666672
291244 99440 0.712524655361
98763 62120 0.7925575364
253624 157043 0.749552176332
229422 318208 0.794261951348
304334 155534 0.769675654671
113278 201888 0.795488267687
231929 315818 0.752862465483
149809 238890 0.723194785893
281713 221416 0.729487814474
260289 80831 0.752055214667
196008 79189 0.754208426789
175854 84860 0.753972084238
80866 176119 0.7172953097
210388 85750 0.76706828131
134400 261607 0.701001760865
294214 266494 0.705357443753
148195 236295 0.796402174697
237251 300297 0.757158998434
262702 117026 0.754190706203
116619 241456 0.779012512542
292733 181499 0.776854373684
224563 154813 0.741055442448
197899 77899 0.763100927421
104933 218294 0.70988014389
153132 234394 0.721377768229
156698 226479 0.749545102322
247925 155535 0.71340480447
115019 210752 0.787522519748
80730 259444 0.759786556632
126761 192872 0.772104167908
82290 227317 0.752423084459
153816 218985 0.720882622499
217051 289507 0.755849397152
235614 283874 0.768744834071
109275 18204 0.799801272213
28044 108946 0.7051955436
104618 311269 0.723468753333
225965 132364 0.795963026655
217708 108760 0.782992184027
305824 186034 0.782221152917
113714 246870 0.711095551725
164799 128142 0.798068432305
196525 307218 0.7482066935
284298 246976 0.724534277171
146582 236160 0.713853950505
203711 151879 0.719374515655
84657 177671 0.753352266994
247310 284100 0.743123882793
177406 82667 0.700142871087
158383 252488 0.796544606154
259547 136505 0.710191061854
83549 202311 0.708607401162
292208 175345 0.786190383062
124275 260570 0.774517012442
80726 28605 0.70913543154
316608 266098 0.701672944052
166501 116147 0.778957727014
79053 264168 0.773304398555
85124 29089 0.707879214197
287551 112877 0.74929209673
226514 100042 0.720463359726
124778 232359 0.728699806684
111578 30724 0.785973522992
136290 245077 0.749741564072
148234 248339 0.757201770282
127741 234875 0.712943287464
128586 223710 0.769239305554
187710 215282 0.799710464702
304103 241613 0.756014310849
251344 81105 0.795026053386
77614 229297 0.72901298514
284924 263404 0.792010418241
284814 154210 0.782386180266
218015 156790 0.76425598426
239312 139316 0.778988888405
81459 230304 0.731897604713
209870 113029 0.707876521927
117156 253063 0.718417895432
109360 208048 0.713039119465
216245 139769 0.731005804966
241800 267630 0.774262870043
285109 118233 0.737667744685
295474 259224 0.722495065809
290317 184964 0.740276305119
228405 135523 0.711297869675
305617 263579 0.736504896701
207715 154379 0.791121359582
127894 281594 0.79908738248
31926 150631 0.700880351687
137376 229304 0.725041355562
190012 159109 0.778376608578
183964 281718 0.751191944749
98452 183585 0.787883683624
83045 310808 0.796422354327
313581 255124 0.785254411547
299938 310668 0.735731306418
79885 208011 0.733065760226
193437 110716 0.791825190819
185184 85815 0.787560758402
249717 81902 0.758262121778
185306 314604 0.706584690245
157720 232049 0.78930776299
18906 149726 0.713832747162
90635 148759 0.722170990402
283643 209361 0.767652566471
193617 113396 0.783937737363
286859 179331 0.762958856499
114696 87024 0.742419555221
273898 262189 0.798189016266
248927 148362 0.793486867054
124326 221211 0.78958313456
20206 113689 0.786901017034
289185 231013 0.704432029806
186590 301692 0.744650753099
81334 311077 0.724710032952
83390 115909 0.747947094838
293207 238934 0.796442660426
176488 298081 0.70695379935
24436 142299 0.792729171203
306990 91757 0.724254121889
19974 140765 0.749610336528
204902 141056 0.75588800552
298233 212724 0.739868731019
125466 244807 0.723314757879
284620 193419 0.717478717062
79060 261302 0.705370539663
145789 242793 0.734135175636
319978 194386 0.797976534744
84409 234814 0.765852876695
35861 117676 0.753391582623
108650 35045 0.787554916823
30700 140701 0.716610336774
85171 182571 0.724780278764
122725 261911 0.754071351835
298244 243015 0.798514760919
83215 251889 0.715880063514
220529 85350 0.752090169864
304520 119273 0.714947516546
137662 214837 0.796282174175
92173 109746 0.775939177313
126745 234683 0.704181261089
115917 164037 0.773565622604
81762 27041 0.758800798629
297903 262086 0.740930900731
28201 129614 0.756524513702
192659 125826 0.762127666424
184771 205889 0.754015408523
100633 216966 0.792494519918
208713 312454 0.798071863043
224147 111120 0.725596135166
135823 253877 0.763541347255
131422 281937 0.707821073143
287888 176916 0.770914779688
127688 264286 0.713769525869
70917 85355 0.730041929455
125143 262609 0.705402272611
78805 81931 0.745353814328
253282 106042 0.750005678698
109396 249073 0.713034868851
81114 118862 0.712631788522
129218 205368 0.788642140082
113727 212436 0.716660402822
149995 199037 0.746782528823
234595 155093 0.711842525567
261785 313734 0.713537611709
209381 137817 0.786394988895
314857 224524 0.706178836783
107670 12034 0.707265417613
159614 281869 0.766185980026
37924 108533 0.71178572516
218666 137588 0.702015767619
90907 149472 0.799227613546
263539 147816 0.756931956975
255030 118816 0.729443815751
170607 85145 0.737269760143
83552 245210 0.728475904681
308277 84054 0.773637232252
206873 142179 0.71951425296
19558 83169 0.75239884187
210871 306071 0.71711760325
284140 179290 0.775331355585
100257 310428 0.790208156098
284833 39493 0.741225559019
252049 149118 0.773500304786
142706 202281 0.78013140407
308952 293186 0.775833163969
312580 256936 0.702717140995
137582 163535 0.710156328604
65860 108196 0.762044449375
260725 151174 0.721858377897
200166 135129 0.752358388519
156565 26376 0.779140919098
112036 237255 0.786002038046
295212 157285 0.714388051601
265865 104706 0.766622332033
28012 108435 0.793613473389
130373 197094 0.704663934118
10198 156755 0.746598174233
219156 130221 0.704757202261
264150 155788 0.770421278394
115135 232308 0.79730187313
190935 157691 0.70607000919
110565 91089 0.748356539368
111505 198501 0.792804136622
82772 182688 0.753677646324
293717 215527 0.780865272185
312664 266556 0.704869340668
84308 207377 0.744679212796
108037 31615 0.750450082967
119002 90347 0.790915411254
78625 93101 0.70147228262
167612 40612 0.765506689085
28399 80837 0.70012228688
133473 214329 0.761912832677
137678 214502 0.797998349914
193574 138098 0.779908901887
185328 302116 0.775803196984
141311 249294 0.770246986242
114707 5767 0.742245193284
78267 16576 0.75439446589
201697 115545 0.762495632267
30745 150485 0.705672494094
108373 220808 0.79674730059
182956 87584 0.710085029943
115275 214884 0.70395472519
311603 287595 0.778027710989
78828 64972 0.783694664286
111387 8997 0.763929656025
213709 111897 0.772336540634
276946 264446 0.787320225629
282893 233322 0.744264874905
256710 124320 0.729376484945
288229 110467 0.700255513498
38802 282845 0.755423924803
151802 251578 0.719768962778
234302 77863 0.728256890715
80127 216291 0.756468516177
284708 215582 0.742928332764
313751 239873 0.776709124633
83307 231836 0.715131105445
201949 118805 0.761959420154
264249 150809 0.720406612402
210174 313840 0.771784456228
263222 321017 0.791393591256
264864 315234 0.700771795829
257585 157230 0.789017983857
182080 85146 0.721991066019
264743 282260 0.771901172998
20066 128573 0.705698339632
82533 68505 0.722973779569
260634 113484 0.740391925119
241138 149643 0.778196523422
131430 205744 0.709701316299
50188 116229 0.774183398952
109825 94876 0.743661885091
66388 107747 0.775688474141
177632 281267 0.72292703063
137108 28093 0.764136930644
287926 143502 0.725020314123
134939 249490 0.780564871642
225508 159360 0.789837357221
310284 287834 0.772511765518
211981 81071 0.734056407029
171189 302264 0.721934755707
255027 82275 0.713671438591
232772 148864 0.704811172899
206426 284182 0.748882477492
212510 83234 0.721583953914
307851 291252 0.772633227348
225297 151626 0.727643533323
258442 143364 0.761034717065
294299 210198 0.753715993381
319173 263734 0.711814478191
147470 241671 0.760573518313
111019 83194 0.748473176679
263565 121906 0.705104665944
159578 205850 0.763687463632
289321 229291 0.773379595875
85418 217432 0.783378462763
83729 252166 0.782612276394
237147 150532 0.710143500199
224370 130530 0.798856249384
198223 110268 0.702936771376
267502 214860 0.742514365584
9584 150128 0.785978946979
214617 147786 0.766737875737
99915 261223 0.709747359469
97437 306416 0.739816877345
150166 288459 0.795222544918
143045 164056 0.748060939908
36664 79746 0.788955242996
214941 183796 0.764044236253
227528 140356 0.776641030416
120356 263168 0.749880135323
256481 132690 0.746669986978
236893 154521 0.764859573854
28744 112981 0.775914948419
114984 84573 0.704080822071
184973 291490 0.735301921681
212907 297804 0.744626833669
235054 116965 0.764225478689
135462 256880 0.776787627338
205119 156891 0.757930314772
174941 294640 0.763328383989
81121 197072 0.757270986399
285011 266665 0.705190809279
121991 197712 0.734423341571
25414 116628 0.732363555896
89236 150747 0.758516798473
290960 264089 0.77209616396
256339 128004 0.700672149639
211665 320534 0.76609581458
23475 152112 0.722347675089
249250 131651 0.74392481458
229223 131478 0.701539907599
223498 149923 0.758931563217
211330 81307 0.710338600913
86493 113696 0.742672789515
124567 258115 0.77436462796
298446 78149 0.767372936838
156644 36820 0.709242459312
123666 256562 0.731907138176
77959 219799 0.716126873421
140356 214383 0.743020843159
111490 74661 0.706254395634
32392 312431 0.730948967767
28080 109902 0.745109406883
195787 82116 0.745737173412
79800 211115 0.733751475869
130024 233082 0.781415326316
26504 283477 0.732696900767
136828 17854 0.74616447799
194081 108805 0.778975916676
213717 116756 0.775964034728
286052 219129 0.751108290637
255965 132362 0.79959231343
248486 291619 0.797667891903
78825 291248 0.708302265878
118120 92385 0.716158176537
132913 202587 0.760441764898
115920 218244 0.735908681319
88651 137005 0.744980323021
162705 113636 0.740713623622
313549 203992 0.769941886147
300879 261973 0.744954998302
155063 223640 0.755805996677
313581 259144 0.786831700731
80166 28939 0.761667018735
108565 243777 0.779731635596
217209 294743 0.772686872312
16022 78973 0.794577474802
205326 157570 0.730343378652
148261 282678 0.70113863225
154373 194701 0.777988196525
80822 231417 0.701470552239
112066 17319 0.782424281076
26715 106193 0.733654983807
15977 150645 0.768876240748
236834 112005 0.715156340135
301139 228690 0.786680468444
34906 106786 0.758679788524
116515 76652 0.769724053922
266297 319633 0.724489740792
100597 248866 0.772010708779
80443 248120 0.784594493833
254790 110308 0.768548467373
262701 82020 0.734222741968
220440 82030 0.750995259125
105831 234555 0.765651993673
202834 40661 0.73971171863
127156 231711 0.750962592736
198018 138512 0.74971976595
56168 111968 0.760609370716
210259 79843 0.7643955448
109828 13899 0.795032353631
114526 197868 0.76346389645
156181 246871 0.718333158051
110146 67446 0.703301506215
140395 167219 0.757607835907
190695 106416 0.737507242417
204967 144764 0.73717059371
263093 312531 0.739115971236
306403 80994 0.778599324515
235101 159484 0.721392183998
201069 122019 0.761745813229
184904 213217 0.77080029091
83460 259183 0.793365228063
143603 88374 0.749905444799
155795 307977 0.729896404247
253521 139023 0.76000253921
20343 156806 0.733510712123
254058 111659 0.778693821892
287440 186296 0.771091245527
144209 250339 0.790461912653
231069 144377 0.744342912188
211108 107402 0.762146470736
309789 294115 0.735173854416
215410 157824 0.794188718674
22260 133292 0.78984120798
113934 83258 0.728819787558
91444 107283 0.70600920745
71167 110997 0.768268714773
223982 146221 0.760970229286
7309 115814 0.734492922212
149993 201866 0.750504404273
211274 154252 0.790263342361
153210 161196 0.757616574861
85258 23851 0.770136086921
132097 229933 0.790517497382
169164 79267 0.769170315302
247458 124887 0.737443151832
294405 222186 0.764922658436
203009 132725 0.769895076431
248993 142488 0.72181662273
233444 123454 0.776202122521
250666 116357 0.711665479033
139359 218729 0.773201565487
118655 260122 0.794003133004
151817 213965 0.722105736425
94748 114656 0.760556123984
106901 164599 0.721043779671
77575 232871 0.743253988514
99179 113726 0.720565153613
283102 219504 0.702716485649
108790 204906 0.745035937378
18450 119249 0.728101478044
136533 98458 0.753847522528
223345 102802 0.720556298975
140928 195481 0.799512919935
78162 193785 0.713958704166
262373 298768 0.756745225379
142144 28904 0.770123927395
290151 170552 0.708676353377
103438 99503 0.755925547972
258171 134030 0.762748282043
247912 130798 0.744472822128
196476 130776 0.70717199321
250102 287331 0.715146759339
283584 255074 0.77801432254
78933 206338 0.744006346229
148926 30114 0.780254940737
264445 316908 0.788018967003
240959 304377 0.785323854532
116047 242473 0.767755555539
266698 320437 0.705718310635
261957 151290 0.774008352003
106904 284626 0.726914466697
131141 191924 0.769056916366
8642 106866 0.763622949885
294381 211375 0.752319276504
118274 194029 0.773723693451
157876 190000 0.75151393326
106975 191396 0.754987485866
254751 111997 0.772628807293
244664 133915 0.742874662581
295238 182557 0.72645299748
255370 142359 0.797707849159
245106 119668 0.769232954846
139516 222480 0.773152952192
214365 302141 0.728786685043
20032 115336 0.756121057941
99975 182908 0.753685944537
117272 83075 0.73387722104
158711 224023 0.775376455664
113510 88677 0.780019449271
211242 140148 0.757890038428
297998 219367 0.76457488556
240619 116724 0.750796505038
118309 92133 0.712056632162
297580 309012 0.788059274004
232921 127971 0.726164494884
207158 79695 0.794209605615
136309 287809 0.730286578942
99742 45664 0.783851757748
247060 146438 0.705198242072
183430 302198 0.773024570235
27608 136144 0.708719289215
238503 301868 0.706164003352
312764 243808 0.741133834455
129609 28743 0.762365858836
286499 234901 0.794318361237
148122 205012 0.796875772283
138850 266377 0.702348674026
108013 242216 0.757740806054
288912 178999 0.76809011188
207059 147897 0.793744440836
58482 110933 0.736649287636
136973 36192 0.798272921379
150817 298495 0.734911691199
132049 212662 0.788561760416
139430 35693 0.771666331363
220434 132206 0.700961768719
149277 249176 0.723577882948
201056 137992 0.742006694151
261913 312612 0.781851032755
168505 98886 0.728829565821
84906 74073 0.751705099637
198269 83030 0.77131351932
317900 210831 0.742350222395
158402 220784 0.71872049366
201847 81254 0.714127120665
83036 211262 0.7970425488
88155 147654 0.761918639073
83227 30499 0.768724144104
317572 226802 0.750792387156
183838 80089 0.73821455813
107596 292545 0.741407687744
243633 144663 0.794955535013
303886 309990 0.778004557649
110826 39859 0.771191981208
179257 313702 0.770057350959
312762 205968 0.739359580616
227764 123807 0.768742043051
87561 79640 0.713853447719
283600 151433 0.740413272727
258924 122917 0.776607946241
118115 97003 0.789391104344
290690 307258 0.750357576107
151030 215143 0.744075397237
219373 159210 0.74366872245
194726 124396 0.753494209779
218887 283294 0.705356162386
116448 164561 0.738855433391
205584 316352 0.715558700865
117979 29299 0.704181282774
149866 240588 0.76538784863
194387 133279 0.747261465992
318547 236746 0.757640999449
141560 26995 0.792835380936
303623 117809 0.787524639688
141954 168043 0.744074621132
258338 126031 0.720621648609
214466 313904 0.754151219867
766 80555 0.749926622285
174994 80773 0.763971883794
147611 200916 0.704380665974
268109 99393 0.766628514033
138050 231327 0.739952159981
312931 15462 0.774867467644
82431 262945 0.769411819428
249915 289728 0.759562448794
206826 138430 0.754251791571
106026 221173 0.795726450982
166608 151103 0.759452703188
111198 81913 0.740755767781
321142 229817 0.700759091041
150686 266321 0.773324955008
30532 112181 0.785700364004
182367 294953 0.775243431045
130728 262098 0.797496932921
100676 249375 0.798772658652
118930 7655 0.736489731982
116330 238761 0.775976697415
137970 28985 0.78230363534
34543 113558 0.725862979549
115111 234884 0.753531700988
155519 196027 0.773984754933
225017 148897 0.712243598456
260981 104098 0.767180054066
307186 116318 0.727636955857
150283 251260 0.782768983584
217073 154645 0.786438814552
153790 193913 0.752516831485
140593 264941 0.703908830447
314429 220125 0.758696566231
303120 188153 0.746116487944
287215 256593 0.718208889928
112451 92759 0.744161062926
148077 207749 0.751517144974
229199 282850 0.778121577162
144454 86610 0.762654690902
108820 223909 0.702530480008
156656 80828 0.721589012604
254766 111708 0.702357385519
114066 198985 0.705409186934
117450 259786 0.749500495063
199763 153814 0.735255387292
174422 83877 0.729835237938
115354 258206 0.729493289337
212681 145272 0.796058292593
231268 157707 0.721257291322
249752 112726 0.719802596957
106069 213912 0.792147287767
89964 78786 0.773125515786
235026 116552 0.716921534428
317223 261217 0.786859881314
94534 116717 0.782113623613
178420 293900 0.793167862171
218950 158987 0.70071732015
136397 229674 0.791010699942
1093 141377 0.777212712948
98502 116415 0.712737841222
130851 250117 0.750298582817
135524 227750 0.798289549311
106155 265755 0.792913077834
126152 230590 0.790667549711
240778 295550 0.747920049038
83808 171852 0.780823401929
245927 145337 0.727202272574
277266 216586 0.764413771695
