83950 0.837958121659 1.0
205957 0.566077235221 1.0
184065 0.805800036866 1.0
40621 0.951188680218 1.0
315075 0.647405920509 1.0
70833 0.893723821734 1.0
159246 0.609736661606 1.0
95283 0.580082069557 1.0
110192 0.609512788274 1.0
263047 0.811276470995 1.0
198381 0.580972512325 1.0
316215 0.858839771188 1.0
237055 0.791174277451 1.0
172009 0.679053760482 1.0
391633 0.979675868853 1.0
311321 0.915887843431 1.0
236349 0.877039607031 1.0
240684 0.861001714733 1.0
7138 0.865675008866 1.0
271534 0.723374703208 1.0
221134 0.620526491563 1.0
348828 0.666162021993 1.0
250175 0.825862613852 1.0
296726 0.909862722033 1.0
131626 0.888689751442 1.0
107175 0.580818055642 1.0
324110 0.665643135066 1.0
20086 0.549155198547 1.0
121883 0.725168429454 1.0
135668 0.849637431471 1.0
346836 0.995484853868 1.0
332601 0.869325182648 1.0
145544 0.672249324091 1.0
131067 0.610607423247 1.0
5693 0.729027066021 1.0
181874 0.683615000355 1.0
369489 0.568625005159 1.0
169325 0.771783270749 1.0
361700 0.833088028118 1.0
86464 0.933573029894 1.0
360715 0.797606672747 1.0
81455 0.859687336211 1.0
374269 0.86717862731 1.0
296516 0.986967954079 1.0
249886 0.992172778687 1.0
350390 0.746070800679 1.0
109954 0.923585354045 1.0
35682 0.896365990235 1.0
177185 0.597854791373 1.0
42213 0.967446023761 1.0
131879 0.561322075377 1.0
23540 0.900341686643 1.0
229267 0.995424046137 1.0
144250 0.575030588252 1.0
156231 0.916071716149 1.0
327687 0.850909599527 1.0
50170 0.760258534493 1.0
125789 0.745510995394 1.0
140603 0.851424448701 1.0
369157 0.822345226196 1.0
229967 0.904432337739 1.0
226094 0.652771229153 1.0
317745 0.690736569603 1.0
44737 0.964618101468 1.0
124263 0.775088283754 1.0
238354 0.786125650827 1.0
78719 0.894957551667 1.0
342564 0.669318019116 1.0
67266 0.67242158122 1.0
280992 0.742225140189 1.0
379834 0.94436697187 1.0
391143 0.750431632111 1.0
126164 0.668298474079 1.0
157240 0.709828730461 1.0
174481 0.991406191112 1.0
84652 0.969253771163 1.0
298210 0.940499182332 1.0
282555 0.793128926425 1.0
291631 0.710145643324 1.0
352456 0.566868404888 1.0
306500 0.709572233486 1.0
218251 0.829964291376 1.0
312654 0.985303238713 1.0
227328 0.543520557628 1.0
109369 0.611894394118 1.0
364540 0.566167960404 1.0
204408 0.754169745015 1.0
162249 0.677238922988 1.0
222454 0.608913106052 1.0
295712 0.858941628527 1.0
131729 0.603402291056 1.0
177838 0.842340511366 1.0
312070 0.552574246339 1.0
313999 0.790608292633 1.0
25452 0.58730345625 1.0
50653 0.945823717226 1.0
314693 0.686983379132 1.0
296606 0.670111514123 1.0
28125 0.511383143886 1.0
236559 0.976706468041 1.0
137673 0.58339221249 1.0
227922 0.584618865268 1.0
254472 0.796060409061 1.0
161301 0.565444224395 1.0
23013 0.599464326238 1.0
342680 0.839392184933 1.0
334627 0.653013848767 1.0
248322 0.923802178635 1.0
359146 0.766069478281 1.0
52050 0.95743414046 1.0
372687 0.888322944714 1.0
258543 0.507941729496 1.0
62662 0.613828784928 1.0
385406 0.745363464592 1.0
88604 0.75287875089 1.0
94483 0.872607102988 1.0
29144 0.935149493361 1.0
160972 0.594510650401 1.0
124471 0.9451474 1.0
8701 0.987080742974 1.0
339159 0.972325822521 1.0
172618 0.939292956608 1.0
283753 0.760044353599 1.0
253265 0.654627748504 1.0
341198 0.524201695622 1.0
120247 0.566754600768 1.0
381158 0.8081223331 1.0
386476 0.511610476532 1.0
385559 0.689130731226 1.0
99295 0.913381492071 1.0
174057 0.604461944056 1.0
53231 0.750448229309 1.0
397069 0.85690741067 1.0
180733 0.686683633546 1.0
125179 0.574876687747 1.0
37911 0.718143761255 1.0
21160 0.741210197373 1.0
1630 0.641101799393 1.0
333534 0.744034745338 1.0
69410 0.813420966777 1.0
287848 0.731231091268 1.0
167167 0.984233584402 1.0
109843 0.530827763917 1.0
105035 0.583693065209 1.0
117504 0.640323526895 1.0
69773 0.793042609738 1.0
304805 0.673476488468 1.0
329333 0.969718518914 1.0
238978 0.756895096797 1.0
59313 0.691916638719 1.0
388669 0.504269228822 1.0
80636 0.8251050691 1.0
285122 0.873575821163 1.0
296643 0.801317353511 1.0
249042 0.716768235943 1.0
162350 0.632795127844 1.0
348002 0.572971389778 1.0
102245 0.572793460999 1.0
135478 0.978041732783 1.0
248052 0.798399621541 1.0
121877 0.90057157279 1.0
169097 0.839043754772 1.0
390960 0.538216023519 1.0
70058 0.743492195928 1.0
339389 0.68609749066 1.0
100986 0.676645490452 1.0
395246 0.928303539526 1.0
194623 0.633019576945 1.0
226861 0.853204959139 1.0
35989 0.695030206906 1.0
26570 0.839243391711 1.0
39528 0.524952401766 1.0
247700 0.872838588916 1.0
11985 0.836644622915 1.0
175067 0.970376846413 1.0
74917 0.949024547007 1.0
145482 0.630875268037 1.0
143349 0.635659451354 1.0
227143 0.761790702963 1.0
66238 0.982297114004 1.0
158027 0.899347771482 1.0
110220 0.872855130321 1.0
16577 0.882050790758 1.0
327435 0.965575523649 1.0
304843 0.846222658984 1.0
311029 0.980031854565 1.0
152559 0.712709051836 1.0
179024 0.520786006454 1.0
27139 0.64339223685 1.0
76219 0.719603995053 1.0
183373 0.804615029887 1.0
325692 0.540958905793 1.0
262030 0.506843624158 1.0
278717 0.847232184291 1.0
249007 0.591169024594 1.0
391405 0.554058514795 1.0
274527 0.675289692694 1.0
205003 0.744366103021 1.0
250527 0.819827338094 1.0
8627 0.657138599571 1.0
43377 0.527402006527 1.0
50152 0.57574730804 1.0
360871 0.707297879307 1.0
67388 0.879800064131 1.0
252650 0.761887610781 1.0
98374 0.54038550505 1.0
201257 0.740630327417 1.0
216647 0.99854506426 1.0
349843 0.858844318874 1.0
155066 0.617819949294 1.0
290031 0.958464634461 1.0
77557 0.784668128314 1.0
87574 0.805440601744 1.0
215337 0.712949219611 1.0
287981 0.566953667935 1.0
76360 0.509601426134 1.0
361368 0.584532541673 1.0
355235 0.615420412407 1.0
275390 0.673169976035 1.0
258342 0.988152638282 1.0
198700 0.684555399 1.0
288486 0.935682535131 1.0
308566 0.511663265877 1.0
219683 0.771913750234 1.0
370223 0.750890183978 1.0
243935 0.802102054294 1.0
298153 0.545385397446 1.0
93092 0.962594374191 1.0
355841 0.588513718605 1.0
204557 0.780987970971 1.0
397609 0.522068005273 1.0
3580 0.793846649999 1.0
355947 0.974014005808 1.0
32056 0.713268224606 1.0
87486 0.694168472432 1.0
377284 0.943184292849 1.0
238923 0.55512022046 1.0
211931 0.66017574425 1.0
106474 0.668863765968 1.0
256201 0.839567498073 1.0
226381 0.505228755813 1.0
397623 0.895788019633 1.0
93168 0.554560933208 1.0
55370 0.855190294574 1.0
368820 0.599317142211 1.0
123424 0.675866050804 1.0
55198 0.946301684716 1.0
225183 0.529918108796 1.0
270059 0.919436301641 1.0
225971 0.79744576611 1.0
373837 0.98751553308 1.0
128847 0.874917342922 1.0
385223 0.772590532434 1.0
50904 0.601740570127 1.0
396975 0.786410687788 1.0
198196 0.606132775845 1.0
335200 0.527462190485 1.0
140872 0.834194842929 1.0
359063 0.587346831002 1.0
220445 0.605574731048 1.0
333884 0.512539040476 1.0
392437 0.63948236324 1.0
198456 0.874496152757 1.0
336238 0.544923167483 1.0
31856 0.735007260431 1.0
93882 0.8557670116 1.0
325022 0.770605036794 1.0
21167 0.592263805274 1.0
353805 0.852467144354 1.0
302507 0.762111246684 1.0
331010 0.683282330201 1.0
44078 0.654435194847 1.0
94591 0.653643441394 1.0
130433 0.639733184641 1.0
262670 0.95862270155 1.0
252738 0.838530715888 1.0
303381 0.974163439605 1.0
176239 0.509051465539 1.0
125336 0.501066084809 1.0
146045 0.549340555569 1.0
350019 0.548161455388 1.0
345513 0.780255138752 1.0
297232 0.881331674083 1.0
36691 0.541776046293 1.0
25113 0.997534647968 1.0
224301 0.751732984166 1.0
132825 0.670310422439 1.0
22398 0.995254746431 1.0
180495 0.707934307988 1.0
295512 0.853156667128 1.0
64483 0.529775559211 1.0
271939 0.989404582085 1.0
196886 0.717262479554 1.0
5145 0.531193782487 1.0
240308 0.504883459061 1.0
103153 0.516709252802 1.0
363722 0.947859630821 1.0
230491 0.874629657669 1.0
329644 0.701630971044 1.0
318800 0.624542364843 1.0
248903 0.861514340367 1.0
338315 0.762319576406 1.0
6570 0.955726159991 1.0
1691 0.590139180627 1.0
35251 0.756173032353 1.0
107339 0.647465067494 1.0
14699 0.628184856416 1.0
59261 0.700560610911 1.0
265047 0.927102769851 1.0
101950 0.513598359786 1.0
151828 0.68497911568 1.0
241087 0.823347555642 1.0
134636 0.649455110588 1.0
214730 0.847209739576 1.0
391493 0.571831644311 1.0
371257 0.80473870614 1.0
236363 0.929341065121 1.0
253829 0.637177988358 1.0
381668 0.969681162992 1.0
210122 0.586008811925 1.0
172385 0.753941702431 1.0
157479 0.579362440321 1.0
355854 0.698688413461 1.0
393969 0.505986088769 1.0
259132 0.861079078358 1.0
136597 0.806758925515 1.0
132412 0.622199492536 1.0
72799 0.859692731047 1.0
306810 0.600510597302 1.0
331413 0.579408348124 1.0
333966 0.579122133368 1.0
60763 0.680420936367 1.0
351973 0.854900928043 1.0
294684 0.58045040786 1.0
236848 0.962090327862 1.0
74904 0.978668388395 1.0
397205 0.61458202818 1.0
68838 0.74139621657 1.0
307224 0.76597997718 1.0
195337 0.982677245919 1.0
180041 0.573970977816 1.0
306264 0.891305055693 1.0
309039 0.670817587372 1.0
200177 0.804123063457 1.0
13267 0.52890143135 1.0
196089 0.618820141149 1.0
46412 0.945602619878 1.0
61099 0.693576247335 1.0
244927 0.770206289118 1.0
237759 0.806011980936 1.0
390447 0.833879036014 1.0
389035 0.832906931039 1.0
178487 0.900423397902 1.0
316709 0.749058749417 1.0
241751 0.795677365175 1.0
370500 0.747441017421 1.0
319316 0.918711474933 1.0
152168 0.741285534547 1.0
310196 0.826728738177 1.0
256635 0.57832416698 1.0
292287 0.536470360606 1.0
97857 0.685836012001 1.0
370393 0.860670974019 1.0
87921 0.683207336404 1.0
177518 0.709672850632 1.0
32829 0.878389600134 1.0
43487 0.908220099191 1.0
275004 0.968375959878 1.0
150649 0.829757288613 1.0
197496 0.869032014595 1.0
717 0.886197659192 1.0
350163 0.975101424731 1.0
355605 0.891086271706 1.0
243051 0.904868580651 1.0
117824 0.991393215681 1.0
304424 0.719767506821 1.0
379039 0.952192209965 1.0
82669 0.577721958205 1.0
199607 0.594147050633 1.0
938 0.844592415679 1.0
103504 0.865558712945 1.0
392263 0.598408993579 1.0
191100 0.790752533186 1.0
185810 0.963087282617 1.0
105421 0.830474724763 1.0
305563 0.500441956253 1.0
72351 0.966444724111 1.0
243305 0.557050106793 1.0
316787 0.565603359211 1.0
284214 0.906234132899 1.0
160944 0.649557265743 1.0
375378 0.968081222816 1.0
228247 0.534594382575 1.0
26424 0.845782922859 1.0
253622 0.685259902187 1.0
70271 0.83418426871 1.0
22668 0.689800720125 1.0
28541 0.944685567214 1.0
161212 0.873792741768 1.0
83670 0.948532141427 1.0
166336 0.745927552848 1.0
46702 0.874770928383 1.0
141143 0.834482821757 1.0
181579 0.791643466652 1.0
105699 0.609373243149 1.0
346956 0.707804614005 1.0
364353 0.747312366317 1.0
231926 0.931730083855 1.0
190352 0.871453703858 1.0
338125 0.865562685222 1.0
212854 0.84988886245 1.0
70650 0.673678171336 1.0
16733 0.526089410723 1.0
6689 0.650051622826 1.0
14267 0.769217870742 1.0
14928 0.928333061156 1.0
92752 0.882076732741 1.0
399439 0.829658324318 1.0
110890 0.747926325945 1.0
251618 0.630733017388 1.0
31392 0.53423908466 1.0
67492 0.919188988294 1.0
199102 0.879307352798 1.0
307671 0.696604443177 1.0
390189 0.515335712684 1.0
24658 0.609580442611 1.0
194382 0.70565132403 1.0
239100 0.969057497983 1.0
44705 0.833041266354 1.0
364029 0.657526131491 1.0
4964 0.531095507722 1.0
117900 0.776999487481 1.0
24127 0.533632130785 1.0
127830 0.777503253918 1.0
396830 0.825519090859 1.0
190674 0.74808142495 1.0
309072 0.625617782321 1.0
225500 0.573119796651 1.0
65700 0.880291915678 1.0
278553 0.868421637582 1.0
277000 0.577229855688 1.0
218591 0.985390905886 1.0
48479 0.740168168615 1.0
66009 0.676621286397 1.0
307196 0.786982753611 1.0
111815 0.992278212447 1.0
184997 0.625224987793 1.0
173294 0.964414104785 1.0
379316 0.817911142931 1.0
157530 0.803044181495 1.0
51498 0.671533326858 1.0
71880 0.533269083575 1.0
188918 0.539806764883 1.0
29301 0.80473010029 1.0
182406 0.875671300221 1.0
296974 0.588702983215 1.0
35166 0.579625292372 1.0
339579 0.749406025727 1.0
148126 0.59722850721 1.0
139617 0.967023520195 1.0
265081 0.511018084679 1.0
267942 0.792058201214 1.0
56350 0.968980961406 1.0
84367 0.791846154755 1.0
150035 0.763897974343 1.0
140964 0.784539513507 1.0
154459 0.778916921791 1.0
387366 0.62195423823 1.0
399592 0.688530934263 1.0
92235 0.915892121433 1.0
321775 0.591722581244 1.0
381744 0.986430093911 1.0
69787 0.736134239009 1.0
249790 0.867669906957 1.0
98815 0.67937648044 1.0
288935 0.508521321094 1.0
156068 0.658118420708 1.0
372724 0.974767133626 1.0
204847 0.871265202842 1.0
172551 0.948219047828 1.0
230156 0.745765479212 1.0
131841 0.879226804823 1.0
209099 0.893528624581 1.0
82269 0.707706580611 1.0
204087 0.611161005284 1.0
271738 0.655436321544 1.0
68908 0.853202098808 1.0
130904 0.661437088831 1.0
260267 0.987803914802 1.0
250056 0.831184113106 1.0
279665 0.631911553669 1.0
197308 0.955897214612 1.0
326017 0.79989667405 1.0
207407 0.788508465963 1.0
276385 0.656388855788 1.0
203654 0.59373571106 1.0
314585 0.524474137695 1.0
168052 0.693374061932 1.0
286108 0.58466182513 1.0
78026 0.686097167875 1.0
379930 0.521516403928 1.0
56405 0.544989989289 1.0
245364 0.509182116542 1.0
114454 0.998567242416 1.0
135215 0.895449426355 1.0
125904 0.86247314996 1.0
269368 0.823322161902 1.0
216963 0.599763019139 1.0
132378 0.880053905761 1.0
383213 0.647374866173 1.0
244961 0.677672928667 1.0
304355 0.754513782288 1.0
225994 0.949795859234 1.0
387062 0.633989172778 1.0
11635 0.847954279715 1.0
384446 0.961553900993 1.0
144054 0.846180957628 1.0
323245 0.801805689594 1.0
207341 0.750802680446 1.0
387118 0.868421572496 1.0
185435 0.722116909777 1.0
172618 0.576052914998 1.0
313568 0.765166097176 1.0
97203 0.797954710842 1.0
360510 0.964141850543 1.0
177106 0.706489309553 1.0
241572 0.531032313115 1.0
103644 0.500181540112 1.0
47202 0.714282842149 1.0
72698 0.717473795209 1.0
211989 0.86328493793 1.0
159621 0.796824000299 1.0
89022 0.899062057208 1.0
224068 0.540960707086 1.0
226780 0.601520268401 1.0
190873 0.502882937068 1.0
14184 0.811651793373 1.0
53488 0.974294560189 1.0
244413 0.720310325461 1.0
23346 0.747554386018 1.0
339130 0.66875758119 1.0
345610 0.86590782951 1.0
13786 0.698396573246 1.0
116009 0.690598981717 1.0
209142 0.980169976517 1.0
198411 0.967679337878 1.0
371223 0.715209615522 1.0
151643 0.61108949373 1.0
263996 0.590679315805 1.0
142263 0.96759694058 1.0
237818 0.817201845867 1.0
59489 0.742022298673 1.0
244793 0.615253720438 1.0
108662 0.870113382458 1.0
62198 0.621048208733 1.0
182422 0.745691883417 1.0
374119 0.511264911623 1.0
110693 0.592479559246 1.0
296749 0.999674697308 1.0
261369 0.964737494794 1.0
222706 0.76028455273 1.0
362589 0.551098689308 1.0
329451 0.815048464021 1.0
392717 0.84867856956 1.0
92056 0.861784072076 1.0
384286 0.888598862779 1.0
215073 0.564974434041 1.0
25393 0.828854589377 1.0
11417 0.811558075454 1.0
350673 0.79605464259 1.0
6813 0.546139561475 1.0
272116 0.849564321901 1.0
199640 0.681470372123 1.0
112773 0.584249531503 1.0
159456 0.591171367704 1.0
358934 0.936484176295 1.0
239982 0.805094537797 1.0
178323 0.949483448495 1.0
110328 0.549300758753 1.0
391206 0.889944508979 1.0
51014 0.667975557243 1.0
139776 0.65765587934 1.0
34452 0.730625954857 1.0
22402 0.875222540552 1.0
362177 0.500086186146 1.0
58650 0.727133467705 1.0
199282 0.773825140463 1.0
24102 0.959769993201 1.0
229706 0.799287971512 1.0
221150 0.954276466948 1.0
253531 0.828703425958 1.0
204185 0.686656524703 1.0
90254 0.747812696122 1.0
223242 0.800564739143 1.0
365463 0.836695002079 1.0
351355 0.67028821097 1.0
245867 0.536191364379 1.0
236548 0.682279799237 1.0
324100 0.846165274413 1.0
284122 0.696697554612 1.0
266696 0.525750809199 1.0
79897 0.727005803072 1.0
48717 0.669650295473 1.0
180456 0.604977282657 1.0
42395 0.963079989407 1.0
310417 0.908816322766 1.0
118440 0.527424172125 1.0
160633 0.811597851463 1.0
118391 0.908208616414 1.0
162350 0.878457184692 1.0
263799 0.802070055534 1.0
139930 0.535098034779 1.0
392946 0.607376113079 1.0
274446 0.680604648082 1.0
192903 0.950075146044 1.0
302783 0.87546004941 1.0
69196 0.591270030736 1.0
368789 0.761287709083 1.0
113521 0.821822839423 1.0
105148 0.774037010809 1.0
58543 0.985224550852 1.0
306435 0.766510335564 1.0
317136 0.69346002215 1.0
203797 0.871596792275 1.0
316497 0.903734579845 1.0
188392 0.630587759047 1.0
353348 0.577487291115 1.0
292776 0.936075460818 1.0
168963 0.924658965339 1.0
368544 0.71773456781 1.0
221140 0.598160900868 1.0
291393 0.608983204195 1.0
302803 0.720944975913 1.0
45664 0.720258839079 1.0
252359 0.744700244721 1.0
210114 0.784792242207 1.0
304944 0.610511267184 1.0
16738 0.655940946594 1.0
394710 0.822768307755 1.0
341063 0.909942526481 1.0
107491 0.510046127541 1.0
93799 0.808157145863 1.0
2008 0.82826804881 1.0
374291 0.981038380364 1.0
171869 0.632997167383 1.0
327124 0.647819890598 1.0
309926 0.685251035955 1.0
369403 0.520586099515 1.0
364463 0.842168078092 1.0
139666 0.709417468265 1.0
241567 0.673553237446 1.0
340137 0.86617493865 1.0
316998 0.655989518847 1.0
248393 0.911631012722 1.0
75001 0.86103982155 1.0
329082 0.619438990757 1.0
125851 0.982276659964 1.0
217402 0.620191032291 1.0
163344 0.980663547978 1.0
203287 0.998587591081 1.0
281662 0.774953592459 1.0
210828 0.500321767203 1.0
249240 0.783693928998 1.0
238080 0.810735143067 1.0
323271 0.908496028871 1.0
373145 0.836473348371 1.0
374911 0.726073180413 1.0
202649 0.572969872483 1.0
43747 0.888012875087 1.0
144186 0.700219063617 1.0
331437 0.906426115865 1.0
246282 0.628181101107 1.0
182863 0.529425006614 1.0
378709 0.701473275978 1.0
393727 0.60525611711 1.0
281262 0.530183765427 1.0
274786 0.707586063398 1.0
265868 0.908201491274 1.0
209904 0.539289681655 1.0
21183 0.762149750433 1.0
253103 0.78510922396 1.0
384797 0.518795830706 1.0
82855 0.569929390625 1.0
58003 0.65237277387 1.0
282804 0.531228865518 1.0
320102 0.99502391507 1.0
42935 0.769977367207 1.0
156089 0.522001844819 1.0
128528 0.863636929157 1.0
301548 0.617703730415 1.0
28061 0.793812835448 1.0
244008 0.787337658728 1.0
153684 0.673421690777 1.0
130323 0.847879109209 1.0
207946 0.859487330239 1.0
36033 0.75022122835 1.0
226158 0.948285867565 1.0
177505 0.669058835086 1.0
284880 0.652752621887 1.0
162927 0.987014596786 1.0
212959 0.626388184195 1.0
335299 0.62797860132 1.0
240531 0.757644309786 1.0
134937 0.926178582812 1.0
323590 0.503326853805 1.0
153511 0.527289874829 1.0
269566 0.609821427935 1.0
282184 0.712024081315 1.0
247447 0.660747897122 1.0
315186 0.675133490648 1.0
182583 0.976065922823 1.0
178194 0.592228475314 1.0
203999 0.923531331885 1.0
313448 0.646370422481 1.0
54431 0.98441794148 1.0
246326 0.748273967549 1.0
29358 0.804973027081 1.0
331484 0.673923055653 1.0
353128 0.512208668578 1.0
288685 0.598549173163 1.0
109471 0.865845527581 1.0
199887 0.664562134948 1.0
318183 0.520294971672 1.0
361514 0.620212118341 1.0
126760 0.616794133021 1.0
135183 0.845455944684 1.0
88791 0.941618964113 1.0
191734 0.570574345706 1.0
251428 0.737263399486 1.0
240302 0.768207242591 1.0
351688 0.672162439184 1.0
167777 0.834004265686 1.0
94830 0.605446551376 1.0
2872 0.984317964785 1.0
184134 0.701028848128 1.0
166167 0.996674402196 1.0
152225 0.683324376965 1.0
220232 0.587083192329 1.0
155340 0.927433837581 1.0
388591 0.865797393142 1.0
44424 0.947944872705 1.0
68413 0.63253526831 1.0
314708 0.780706904021 1.0
92547 0.818220428838 1.0
47425 0.640249065815 1.0
282182 0.648349537896 1.0
318910 0.540245082576 1.0
362098 0.534121026859 1.0
241221 0.903113022793 1.0
362932 0.621877663198 1.0
289560 0.508804871736 1.0
369902 0.874292373175 1.0
259009 0.918717608593 1.0
229273 0.7339837491 1.0
53677 0.594570792467 1.0
236197 0.65591145114 1.0
177355 0.588346105713 1.0
103308 0.757914737705 1.0
195695 0.907701124197 1.0
53123 0.946355572223 1.0
101100 0.671598360189 1.0
79750 0.859333665449 1.0
125418 0.522498219079 1.0
141757 0.757798986825 1.0
284705 0.912315588986 1.0
267031 0.644608246241 1.0
308826 0.966870533795 1.0
77740 0.783400733469 1.0
332193 0.998676562651 1.0
306224 0.75799490359 1.0
243196 0.881689695402 1.0
333767 0.946317837928 1.0
291879 0.96950205734 1.0
267400 0.889749868833 1.0
27943 0.56669871086 1.0
180353 0.759414747292 1.0
64650 0.737553013547 1.0
343173 0.78498065757 1.0
217141 0.596367956447 1.0
398698 0.952941231334 1.0
67202 0.977055558144 1.0
8581 0.672442912658 1.0
97762 0.739429050231 1.0
196238 0.611300136158 1.0
368730 0.688295872826 1.0
135974 0.783523398134 1.0
187178 0.896817265881 1.0
71028 0.870005774504 1.0
323513 0.766315974069 1.0
283885 0.894037472725 1.0
2806 0.958687911176 1.0
392809 0.748092694354 1.0
99117 0.654018668782 1.0
284591 0.883051858255 1.0
191099 0.871868995319 1.0
126588 0.768754160811 1.0
389176 0.685975256079 1.0
92615 0.989231076809 1.0
54394 0.761051144534 1.0
343915 0.741452672858 1.0
373114 0.59438297885 1.0
279858 0.513383735311 1.0
66571 0.770630033684 1.0
120902 0.89594845625 1.0
167028 0.547449192183 1.0
303094 0.780040054797 1.0
134639 0.504652933175 1.0
278556 0.626991251757 1.0
20115 0.828368804755 1.0
15510 0.633253478396 1.0
5941 0.599371901691 1.0
315417 0.735732471871 1.0
265635 0.781109246741 1.0
399899 0.919490686231 1.0
209520 0.902919649847 1.0
302031 0.870551781985 1.0
222374 0.658666167856 1.0
11143 0.547413347675 1.0
393296 0.586167022165 1.0
291064 0.666014994443 1.0
216711 0.904423629503 1.0
189867 0.899932052404 1.0
196746 0.758550468795 1.0
362407 0.734343621886 1.0
133857 0.912343142658 1.0
262291 0.874099679514 1.0
135102 0.834690879842 1.0
271253 0.6838966865 1.0
343622 0.769373707032 1.0
297724 0.738270230598 1.0
115963 0.866113033755 1.0
209149 0.778701802202 1.0
95096 0.811254301396 1.0
386647 0.67410232593 1.0
162162 0.984526200178 1.0
223782 0.517522186031 1.0
332575 0.974498630811 1.0
252944 0.962050678715 1.0
179885 0.99805597808 1.0
81345 0.955671365574 1.0
106843 0.689217797214 1.0
261354 0.754680694834 1.0
88622 0.962069230196 1.0
280831 0.589560396742 1.0
192493 0.916437865001 1.0
195928 0.93829844076 1.0
95724 0.699197644394 1.0
114828 0.899801184737 1.0
230537 0.776900381657 1.0
82566 0.594608528512 1.0
368130 0.716931381744 1.0
29908 0.593619562538 1.0
262387 0.631879013514 1.0
293773 0.719187643119 1.0
352224 0.736846295527 1.0
348542 0.821171887254 1.0
65126 0.64177166389 1.0
216707 0.845117414022 1.0
91622 0.739321019425 1.0
30375 0.975957515072 1.0
86195 0.662407005312 1.0
342825 0.814451672679 1.0
90013 0.59704350971 1.0
310005 0.705643867122 1.0
391222 0.615522696234 1.0
272147 0.995379331766 1.0
262123 0.827217060333 1.0
67522 0.956991758696 1.0
188566 0.859532865251 1.0
254910 0.75222393145 1.0
194464 0.754025804294 1.0
36239 0.950071289661 1.0
23600 0.52456221903 1.0
71293 0.503019598714 1.0
104997 0.791219226141 1.0
59412 0.952381753877 1.0
272130 0.966831849507 1.0
84815 0.537002177023 1.0
213231 0.780455844637 1.0
182827 0.845231538764 1.0
175613 0.744744645312 1.0
65554 0.745560015367 1.0
51473 0.618809505921 1.0
361039 0.689327504352 1.0
288828 0.606100259562 1.0
204884 0.912011493521 1.0
342411 0.980275107245 1.0
275009 0.895552667206 1.0
363875 0.808488020159 1.0
147785 0.999051635355 1.0
72839 0.861211180345 1.0
235506 0.614058954049 1.0
282492 0.526715809782 1.0
84109 0.731207053393 1.0
192682 0.76672193554 1.0
96260 0.641386268134 1.0
221588 0.506413436368 1.0
76446 0.92974981295 1.0
370233 0.917483264455 1.0
85129 0.77340651635 1.0
221757 0.991446069328 1.0
262812 0.907517753149 1.0
78370 0.90895353779 1.0
376050 0.963307648676 1.0
2096 0.587765418231 1.0
152098 0.533229625631 1.0
17996 0.782049995345 1.0
342718 0.865204313341 1.0
240831 0.712243836174 1.0
272784 0.794363900415 1.0
44231 0.613611643134 1.0
273066 0.700931487052 1.0
38544 0.789047093553 1.0
170777 0.717496064771 1.0
280619 0.909697194601 1.0
386946 0.931322533021 1.0
79739 0.753942116095 1.0
397565 0.794695308914 1.0
261943 0.531904694854 1.0
205972 0.815489924756 1.0
373661 0.793468155326 1.0
213276 0.72179311743 1.0
186913 0.618506103107 1.0
205883 0.934442928079 1.0
32825 0.894820093231 1.0
45242 0.995674798362 1.0
79706 0.842059517876 1.0
6653 0.681999962254 1.0
321698 0.892213081952 1.0
34663 0.830331942867 1.0
185504 0.649678729008 1.0
42066 0.834469392536 1.0
84368 0.717697208205 1.0
231819 0.835934119561 1.0
12697 0.567625996177 1.0
25492 0.563312040341 1.0
273380 0.790527302036 1.0
215398 0.985148716161 1.0
339768 0.933613806181 1.0
152637 0.674766258106 1.0
242394 0.788144229738 1.0
168134 0.968115208183 1.0
346785 0.779932370077 1.0
397976 0.930327142029 1.0
90675 0.502736828697 1.0
157961 0.733628642542 1.0
148533 0.824623382709 1.0
110887 0.898857192009 1.0
8064 0.66432453328 1.0
244894 0.529775299713 1.0
39236 0.500374609974 1.0
199746 0.729206298845 1.0
78079 0.805981111215 1.0
141922 0.74932783865 1.0
353754 0.522255689962 1.0
32068 0.794028194321 1.0
355025 0.721916958045 1.0
176398 0.76478837907 1.0
370586 0.728462765097 1.0
203406 0.609104245906 1.0
330911 0.7187919101 1.0
218252 0.880487902389 1.0
144095 0.794976057899 1.0
219761 0.641907205581 1.0
105247 0.763416019905 1.0
30625 0.781269591123 1.0
7877 0.526918502719 1.0
243762 0.677161482603 1.0
296346 0.958168894037 1.0
93621 0.576153934937 1.0
100071 0.786211645757 1.0
56208 0.893833339951 1.0
192839 0.596447951607 1.0
385292 0.612032812058 1.0
43813 0.645969536836 1.0
191199 0.653694514922 1.0
57499 0.938534570904 1.0
393987 0.564232214888 1.0
5953 0.733119883594 1.0
319143 0.697419624804 1.0
326412 0.911821358158 1.0
397326 0.64963900401 1.0
282545 0.554791524286 1.0
253021 0.682221853002 1.0
294477 0.626077061959 1.0
389573 0.883173968174 1.0
350720 0.982088369297 1.0
209083 0.618963089402 1.0
328707 0.650498168215 1.0
51500 0.574113391225 1.0
75754 0.67035732804 1.0
192016 0.81373761573 1.0
59271 0.563211614014 1.0
140586 0.870011974609 1.0
250112 0.824709913908 1.0
75880 0.618936561054 1.0
267901 0.917225393101 1.0
65640 0.715977294851 1.0
283221 0.851954920171 1.0
277943 0.663659735996 1.0
