110742 1.86349440411 1.0
116682 1.2213778668 1.0
99106 1.77434365171 1.0
35866 1.37684226145 1.0
346629 1.63829731021 1.0
255876 1.60688350615 1.0
328900 1.67322930557 1.0
138189 1.9830297864 1.0
364150 1.35996998421 1.0
173554 1.57603417618 1.0
7799 1.37474261918 1.0
80104 1.5351928221 1.0
76792 1.48406986963 1.0
341722 1.82806462752 1.0
288773 1.70307088079 1.0
62976 1.59296527457 1.0
394625 1.80180682819 1.0
33089 1.73974390068 1.0
170831 1.27905486961 1.0
169183 1.95580951429 1.0
21479 1.41041324907 1.0
321716 1.86494342215 1.0
55089 1.64463781682 1.0
211489 1.1263681861 1.0
44385 1.99504201124 1.0
318003 1.11203107385 1.0
44992 1.01183386735 1.0
305351 1.64696648377 1.0
266959 1.47902385885 1.0
329454 1.5682727715 1.0
172707 1.19406530745 1.0
28737 1.00172179283 1.0
360036 1.61183719839 1.0
393449 1.32579431316 1.0
268009 1.3686533817 1.0
350880 1.06946526802 1.0
107733 1.3363561355 1.0
219604 1.11687628074 1.0
184582 1.62530238865 1.0
103524 1.17412887413 1.0
167766 1.41357245878 1.0
145171 1.7281107686 1.0
389522 1.40823121543 1.0
95497 1.80386142107 1.0
251080 1.7086789633 1.0
357483 1.06007217611 1.0
65353 1.34071763562 1.0
39436 1.97350784907 1.0
305612 1.21037171462 1.0
251761 1.42231151756 1.0
346645 1.22596759396 1.0
310517 1.47584798493 1.0
212652 1.00041503847 1.0
141248 1.99779847651 1.0
163424 1.2151850941 1.0
186333 1.44665336339 1.0
241063 1.48370017378 1.0
161528 1.46816766181 1.0
183638 1.98457786392 1.0
398851 1.52572257531 1.0
291205 1.17202881484 1.0
280075 1.2957930631 1.0
387989 1.98806314582 1.0
322717 1.9104898904 1.0
374630 1.48603434993 1.0
176036 1.43523466601 1.0
253799 1.98597368692 1.0
175352 1.35087839903 1.0
159895 1.65031875336 1.0
398230 1.12442860751 1.0
155768 1.9406951996 1.0
12676 1.19813293805 1.0
395941 1.95835875627 1.0
168632 1.51291089999 1.0
372549 1.41379986486 1.0
259356 1.5834455731 1.0
79214 1.0773988575 1.0
153863 1.8418658361 1.0
7119 1.16414597936 1.0
210607 1.19518172713 1.0
222053 1.75658986558 1.0
233250 1.28505275899 1.0
23940 1.68935160726 1.0
69886 1.54371179961 1.0
70041 1.33392597111 1.0
220415 1.46707786209 1.0
156554 1.91206321117 1.0
163229 1.19705630935 1.0
244692 1.09895860958 1.0
399569 1.06925561764 1.0
371379 1.08988640285 1.0
226521 1.85681394771 1.0
387341 1.07549545644 1.0
384552 1.9205713736 1.0
349944 1.42137859179 1.0
166406 1.96170942121 1.0
202100 1.58361576238 1.0
74254 1.8633059892 1.0
81924 1.00184809573 1.0
288934 1.27579618983 1.0
110864 1.89624887612 1.0
338035 1.18064023955 1.0
33773 1.8516718812 1.0
372594 1.86067586641 1.0
292299 1.6243210805 1.0
107593 1.87773144977 1.0
78594 1.00721485736 1.0
328207 1.75698043571 1.0
267709 1.11587668954 1.0
266723 1.58640916023 1.0
136950 1.3497755813 1.0
128812 1.06521533382 1.0
71389 1.49993086365 1.0
79717 1.59348449426 1.0
80183 1.43003921468 1.0
105074 1.14354808181 1.0
267303 1.59341651322 1.0
387720 1.63732418056 1.0
258799 1.95531639995 1.0
61879 1.53139415993 1.0
335750 1.83109505909 1.0
86407 1.52036818914 1.0
212266 1.6390665251 1.0
31035 1.32461655469 1.0
276738 1.26113688085 1.0
20576 1.92779274708 1.0
345478 1.73678957 1.0
3614 1.07882696865 1.0
309197 1.86617290725 1.0
247278 1.41591671801 1.0
238918 1.19726842577 1.0
390467 1.61009233884 1.0
77940 1.5209949027 1.0
227809 1.63760549879 1.0
396078 1.92386068786 1.0
133410 1.38620687558 1.0
174704 1.25057841632 1.0
189035 1.3453028265 1.0
69027 1.12546086016 1.0
97682 1.15093327782 1.0
163722 1.398299728 1.0
236031 1.77488348702 1.0
173261 1.53092295813 1.0
188694 1.73596359584 1.0
9193 1.7509180471 1.0
204560 1.24485566155 1.0
130436 1.29671848394 1.0
273097 1.377856297 1.0
257043 1.62782992609 1.0
21836 1.56305976299 1.0
359936 1.92853018325 1.0
33008 1.2328792896 1.0
341807 1.53794512592 1.0
156494 1.38598755775 1.0
347433 1.78588421207 1.0
389921 1.66512425552 1.0
219232 1.3689920082 1.0
253120 1.37838389018 1.0
33541 1.12985336141 1.0
5827 1.42415196867 1.0
124399 1.2467458727 1.0
27262 1.5101431419 1.0
231360 1.0297515755 1.0
78343 1.22376013935 1.0
147276 1.0235861723 1.0
40061 1.48850559303 1.0
319640 1.53590827388 1.0
284503 1.81587555587 1.0
45078 1.11627814568 1.0
86440 1.59319445332 1.0
121155 1.26850866095 1.0
213580 1.71237459408 1.0
178957 1.8453019609 1.0
286607 1.28300173111 1.0
313125 1.95169846539 1.0
60022 1.1870777191 1.0
200248 1.73218425305 1.0
18336 1.62389392556 1.0
172637 1.23240481352 1.0
17442 1.66706420312 1.0
236904 1.25588610658 1.0
45823 1.89991992143 1.0
178491 1.2738255544 1.0
258339 1.68452513534 1.0
95361 1.70837428116 1.0
51848 1.46435567213 1.0
293569 1.4868436441 1.0
181383 1.95359661489 1.0
385970 1.12281968853 1.0
242335 1.22466511629 1.0
129953 1.51508121377 1.0
13330 1.22335767674 1.0
266326 1.12034058661 1.0
31821 1.98073094637 1.0
259735 1.41876791837 1.0
176039 1.7398013694 1.0
155777 1.20551823047 1.0
295823 1.40653250689 1.0
216808 1.22811957188 1.0
229867 1.09926256928 1.0
43886 1.47971305195 1.0
102292 1.15938973752 1.0
234115 1.5432153811 1.0
65720 1.39154934663 1.0
199720 1.8601014543 1.0
58793 1.46659659429 1.0
109796 1.31420850067 1.0
29935 1.5994562044 1.0
67865 1.24422345571 1.0
188522 1.78896833594 1.0
106062 1.74713306217 1.0
357743 1.10063677383 1.0
318746 1.83164691437 1.0
388958 1.74848752063 1.0
87726 1.01164745951 1.0
344260 1.59846632494 1.0
365684 1.82796443028 1.0
313750 1.83190653294 1.0
256029 1.00454953514 1.0
8479 1.08538925757 1.0
248830 1.03132557055 1.0
246780 1.38899103928 1.0
389045 1.54452148861 1.0
60437 1.04435896341 1.0
287091 1.99622659735 1.0
276176 1.82884120926 1.0
92098 1.85565784953 1.0
195621 1.60306361734 1.0
127480 1.2934071754 1.0
34485 1.67634023979 1.0
284917 1.64519000881 1.0
218292 1.8998468562 1.0
355680 1.05806405245 1.0
305323 1.18198553401 1.0
121381 1.6014852643 1.0
357946 1.50941879601 1.0
103560 1.26251469068 1.0
364434 1.94031724028 1.0
290482 1.89577415826 1.0
167029 1.16699113432 1.0
362477 1.95246498241 1.0
291276 1.80176244169 1.0
164206 1.8306922704 1.0
325243 1.83945588094 1.0
339523 1.48804370732 1.0
163468 1.16770494636 1.0
101092 1.90241842656 1.0
242179 1.23640229556 1.0
56591 1.48068825962 1.0
80778 1.58674547108 1.0
387999 1.57647177281 1.0
15605 1.06418102164 1.0
215376 1.2765595989 1.0
202053 1.18250609484 1.0
399025 1.9274932188 1.0
247410 1.93239360448 1.0
62922 1.88293087148 1.0
179455 1.55832834856 1.0
334072 1.65184202545 1.0
134939 1.83510342441 1.0
74510 1.11691437774 1.0
21744 1.0269877105 1.0
282393 1.2005701428 1.0
351669 1.13309708529 1.0
224625 1.67637802901 1.0
300902 1.84938472911 1.0
164519 1.09583560451 1.0
119920 1.35279744753 1.0
103781 1.54201909913 1.0
326460 1.99288972949 1.0
103169 1.38579734212 1.0
130420 1.48998095983 1.0
302135 1.4596909502 1.0
214649 1.3550874415 1.0
325494 1.66859827559 1.0
262195 1.49659202976 1.0
93090 1.065587089 1.0
230481 1.911155441 1.0
108500 1.9377578626 1.0
230455 1.43301964325 1.0
27874 1.23711024656 1.0
295682 1.62453074741 1.0
31061 1.9748457529 1.0
53024 1.25621152681 1.0
65472 1.94515106428 1.0
318620 1.22319002367 1.0
117504 1.14075203444 1.0
396176 1.33208621488 1.0
294438 1.11418392739 1.0
324268 1.41834941494 1.0
268728 1.46682292051 1.0
263314 1.7193854541 1.0
240401 1.81011887292 1.0
382915 1.73422904787 1.0
299193 1.62364851778 1.0
326149 1.34713851038 1.0
65523 1.23967134352 1.0
226663 1.51675177866 1.0
189312 1.06499656136 1.0
135927 1.73446217669 1.0
373967 1.68615336296 1.0
364708 1.08718173919 1.0
328641 1.98882545457 1.0
371679 1.86693254881 1.0
271934 1.42187040268 1.0
89405 1.71907302152 1.0
61721 1.33529159423 1.0
275708 1.80756340366 1.0
68614 1.28503143407 1.0
259788 1.48603266867 1.0
120040 1.69781203541 1.0
387541 1.88957033502 1.0
144480 1.26043495549 1.0
61481 1.26461051881 1.0
177225 1.61390119979 1.0
297724 1.51349249131 1.0
129431 1.21356672663 1.0
271469 1.39652934982 1.0
122978 1.52666682811 1.0
303603 1.47761841916 1.0
219720 1.7587376367 1.0
273916 1.49907587575 1.0
387198 1.32599095665 1.0
360518 1.86033918893 1.0
227726 1.7836257321 1.0
266319 1.74691292681 1.0
66714 1.85662552158 1.0
263393 1.22242362827 1.0
62916 1.17754215408 1.0
264346 1.48211114919 1.0
127075 1.30190784183 1.0
372406 1.45910162507 1.0
294223 1.86287873733 1.0
154986 1.149554051 1.0
132862 1.25682279004 1.0
185617 1.52077935308 1.0
182104 1.66957020289 1.0
328336 1.06251063467 1.0
281890 1.12926368372 1.0
373869 1.91567709061 1.0
292463 1.4365063605 1.0
118051 1.32501367992 1.0
8907 1.26180586328 1.0
232335 1.7331218237 1.0
327779 1.35114383926 1.0
95721 1.02308657912 1.0
67362 1.16245056525 1.0
224585 1.24783585065 1.0
77821 1.46326284836 1.0
79750 1.69785226174 1.0
367265 1.51837407009 1.0
125072 1.28083274393 1.0
46109 1.64771634659 1.0
190592 1.56174626468 1.0
124908 1.03242152719 1.0
327153 1.80900686366 1.0
313725 1.70394731883 1.0
261190 1.4043610037 1.0
265090 1.30245297335 1.0
163410 1.27165352214 1.0
103185 1.77261608579 1.0
107646 1.351099182 1.0
36339 1.37276739995 1.0
250628 1.22595637363 1.0
44007 1.6862551176 1.0
88764 1.25265522246 1.0
145353 1.36068354391 1.0
126714 1.86335522943 1.0
244268 1.1086925563 1.0
204522 1.78001065877 1.0
152755 1.92070643122 1.0
23386 1.15998223419 1.0
296064 1.21381745142 1.0
381993 1.5603287254 1.0
379556 1.67621111195 1.0
333530 1.23985268843 1.0
44083 1.0220457346 1.0
194501 1.66468514589 1.0
289061 1.68879177726 1.0
387681 1.79218965343 1.0
69330 1.99832587931 1.0
198638 1.4671179905 1.0
330006 1.26151051605 1.0
262811 1.47553176434 1.0
22291 1.99076436161 1.0
50735 1.44163034133 1.0
172166 1.84554542028 1.0
15521 1.2094029641 1.0
100318 1.80578000968 1.0
108161 1.8992404049 1.0
189217 1.67362667062 1.0
210516 1.65836331797 1.0
302876 1.11942971924 1.0
187331 1.75534465155 1.0
103471 1.49472128416 1.0
264390 1.74862220393 1.0
371469 1.059319086 1.0
57278 1.82085801994 1.0
86804 1.4649603858 1.0
277100 1.5887016718 1.0
286873 1.38720573277 1.0
287062 1.71377277075 1.0
68878 1.78696095092 1.0
59635 1.98618917252 1.0
188073 1.63372025877 1.0
151681 1.41229127646 1.0
52906 1.25684944389 1.0
276011 1.41961691369 1.0
359141 1.50445717369 1.0
176219 1.78899019073 1.0
31855 1.12648715277 1.0
117059 1.85077982105 1.0
29730 1.09436967243 1.0
107218 1.94573214538 1.0
86668 1.69577518297 1.0
67595 1.50368121898 1.0
235842 1.1947793438 1.0
324244 1.81186926314 1.0
317429 1.04290532256 1.0
162749 1.92707078889 1.0
83814 1.37288311579 1.0
349246 1.59433083185 1.0
289554 1.16561697729 1.0
83011 1.45055206427 1.0
234140 1.93739022099 1.0
33765 1.26759277635 1.0
384865 1.09179048896 1.0
268888 1.79886857558 1.0
89183 1.90511170062 1.0
155631 1.45361511824 1.0
73382 1.1895791613 1.0
159318 1.65744221402 1.0
292309 1.27647610691 1.0
334146 1.24236967256 1.0
109158 1.18947102853 1.0
96755 1.76113832205 1.0
89908 1.45346413873 1.0
156081 1.19994964426 1.0
293188 1.48536802821 1.0
361774 1.55283794239 1.0
160187 1.71962922627 1.0
68015 1.11249640963 1.0
252699 1.29200219605 1.0
345405 1.28738237777 1.0
160327 1.09388736652 1.0
155772 1.35131531721 1.0
79448 1.1576579565 1.0
391901 1.20041441298 1.0
225745 1.48747261615 1.0
388077 1.67631472564 1.0
199514 1.54162173151 1.0
333106 1.46743075623 1.0
149643 1.26472904067 1.0
183876 1.57821595934 1.0
108229 1.0341648906 1.0
374078 1.3553607073 1.0
213885 1.5677864476 1.0
36659 1.08205772396 1.0
93790 1.9102718362 1.0
120624 1.49721741018 1.0
52976 1.53102249656 1.0
349991 1.56945220069 1.0
285379 1.631171156 1.0
95534 1.58466089453 1.0
157015 1.70765153465 1.0
170163 1.27726824662 1.0
250509 1.91864866776 1.0
191266 1.88127915666 1.0
253557 1.79599189986 1.0
209882 1.19585312252 1.0
267871 1.60088180383 1.0
354454 1.96401700632 1.0
34827 1.98437056998 1.0
35651 1.8904909902 1.0
343599 1.44928224719 1.0
119041 1.95295873065 1.0
293105 1.07583193587 1.0
87998 1.70063658742 1.0
381355 1.39923016315 1.0
34247 1.07002708026 1.0
392366 1.73979409412 1.0
108700 1.5230716723 1.0
46133 1.64939936217 1.0
38388 1.35257346451 1.0
223659 1.87570465617 1.0
281977 1.95059583223 1.0
278131 1.76327973205 1.0
133409 1.99422386187 1.0
124682 1.49874394772 1.0
351356 1.03806438533 1.0
100668 1.01451067049 1.0
353111 1.26475257729 1.0
324460 1.68768760906 1.0
82318 1.008799603 1.0
294378 1.49806414547 1.0
76234 1.06672537758 1.0
216458 1.71070514343 1.0
98775 1.70328328629 1.0
118398 1.17023463267 1.0
214412 1.20374279882 1.0
233459 1.15598868843 1.0
316738 1.67307224021 1.0
141814 1.36742978031 1.0
343601 1.43797145076 1.0
18357 1.34542450166 1.0
171368 1.24182675858 1.0
165036 1.12279961579 1.0
138629 1.41695188393 1.0
16406 1.40801859237 1.0
317029 1.86326596352 1.0
398438 1.46534513497 1.0
328890 1.6407020453 1.0
168136 1.35977237323 1.0
113734 1.7632697917 1.0
373285 1.45026241684 1.0
309679 1.16914372415 1.0
206679 1.37083317038 1.0
229073 1.80034724296 1.0
167428 1.88281773845 1.0
202563 1.94842226426 1.0
280126 1.49452638236 1.0
137488 1.0969901859 1.0
107064 1.15946186955 1.0
124785 1.90823658074 1.0
358149 1.23725901064 1.0
319034 1.18748777133 1.0
342692 1.1990978646 1.0
132961 1.68472402479 1.0
79656 1.89958603761 1.0
3852 1.04494263831 1.0
341054 1.51450926138 1.0
99926 1.89132917462 1.0
30221 1.67430130081 1.0
109243 1.668592669 1.0
47905 1.59030837693 1.0
267767 1.34936147935 1.0
340929 1.18148504663 1.0
254550 1.00158611149 1.0
382600 1.38975772649 1.0
294280 1.8485877094 1.0
160078 1.49652174749 1.0
306918 1.9898389126 1.0
366518 1.29222996124 1.0
158866 1.87017199565 1.0
176665 1.63270275591 1.0
266235 1.22071269521 1.0
223926 1.35314165658 1.0
336301 1.68322555252 1.0
129921 1.34736383292 1.0
149778 1.35186038947 1.0
70602 1.43908916764 1.0
75696 1.92468489012 1.0
99491 1.03182456315 1.0
16922 1.33272669349 1.0
23901 1.56053064918 1.0
63433 1.67638081422 1.0
238615 1.12532952045 1.0
6255 1.53641748117 1.0
256125 1.03427818691 1.0
114508 1.29289215526 1.0
90976 1.85739419948 1.0
59504 1.85106416659 1.0
71364 1.43550258335 1.0
318452 1.45805928026 1.0
146544 1.10748565549 1.0
144436 1.40432772937 1.0
220753 1.63007333094 1.0
281477 1.13497187041 1.0
146832 1.21028888884 1.0
341989 1.13066966308 1.0
151477 1.3583664482 1.0
98527 1.49034192623 1.0
361193 1.2599617766 1.0
382970 1.31870875466 1.0
375801 1.91514044792 1.0
91765 1.94067514495 1.0
5691 1.14881960731 1.0
202830 1.77044330242 1.0
173916 1.0419108421 1.0
281854 1.59066677792 1.0
84452 1.19782564849 1.0
53152 1.7703898523 1.0
77900 1.13525295406 1.0
200762 1.41145574015 1.0
244550 1.54170732878 1.0
41630 1.28400879996 1.0
28742 1.36714473103 1.0
111762 1.87544951644 1.0
309869 1.27663830543 1.0
137960 1.98306919328 1.0
218317 1.7597416502 1.0
30134 1.07367606313 1.0
94117 1.54922213169 1.0
131318 1.2954563447 1.0
190053 1.83391784291 1.0
360853 1.88812609767 1.0
318156 1.56938416263 1.0
30385 1.26133363746 1.0
361206 1.71846761755 1.0
221500 1.03442228326 1.0
249236 1.77991686976 1.0
213096 1.10749253997 1.0
138354 1.40257091031 1.0
107759 1.44635369725 1.0
266504 1.69549297764 1.0
53402 1.23952805121 1.0
30563 1.23508095159 1.0
113878 1.96447699558 1.0
260385 1.59263474418 1.0
249563 1.98922096076 1.0
379767 1.04194454223 1.0
180812 1.88624174884 1.0
42343 1.35968604926 1.0
254133 1.53858632581 1.0
199894 1.83702168326 1.0
224816 1.98477777274 1.0
215224 1.69852775968 1.0
259564 1.83044720692 1.0
40130 1.82071201582 1.0
925 1.12198556114 1.0
19825 1.93572050057 1.0
338028 1.03912438969 1.0
386129 1.08658420237 1.0
85633 1.3605400187 1.0
138297 1.70427962027 1.0
25250 1.06655614532 1.0
358476 1.27814031464 1.0
259777 1.37233445823 1.0
382535 1.21143447993 1.0
395879 1.74482761995 1.0
355050 1.61048675364 1.0
59465 1.02527687422 1.0
368245 1.5691093439 1.0
200004 1.93863215496 1.0
361028 1.81503801039 1.0
238823 1.85968246196 1.0
83703 1.37329257578 1.0
276684 1.59624372885 1.0
348183 1.75873340583 1.0
320168 1.58316346706 1.0
269114 1.01733275641 1.0
179409 1.14657088866 1.0
69066 1.18624056014 1.0
298359 1.61570419371 1.0
227959 1.48300955266 1.0
102428 1.74626799443 1.0
39853 1.33766036469 1.0
222464 1.48056943047 1.0
128881 1.97211003976 1.0
287292 1.5424693501 1.0
181603 1.31887187957 1.0
130212 1.84478312281 1.0
224583 1.81682533362 1.0
177228 1.01412832526 1.0
73415 1.66338097846 1.0
16448 1.93206038046 1.0
107173 1.02723233386 1.0
189875 1.56925772253 1.0
244134 1.71667519982 1.0
206752 1.5225481941 1.0
358556 1.84039596179 1.0
338240 1.73551124124 1.0
361476 1.94080959495 1.0
228947 1.21343974144 1.0
200068 1.04352795624 1.0
101557 1.83441858177 1.0
374651 1.63128116229 1.0
349690 1.69146026026 1.0
302613 1.38018424513 1.0
69019 1.89298024651 1.0
349436 1.56413943518 1.0
59915 1.18469988846 1.0
243997 1.07445480123 1.0
303260 1.78970498975 1.0
7612 1.6777330361 1.0
119753 1.14464468055 1.0
141603 1.10792477404 1.0
150932 1.39602855079 1.0
201290 1.70293031061 1.0
366635 1.84076645456 1.0
297431 1.06440020076 1.0
38781 1.28426163322 1.0
307511 1.7924878466 1.0
223695 1.53505799118 1.0
355692 1.72372675528 1.0
60874 1.52592977604 1.0
78217 1.81239608608 1.0
398372 1.02007921701 1.0
3553 1.7345843227 1.0
67535 1.69853850086 1.0
148748 1.21860886485 1.0
162540 1.10075350883 1.0
326859 1.49939352256 1.0
22439 1.93802317978 1.0
96236 1.1362434793 1.0
167909 1.77147252562 1.0
137725 1.51061640311 1.0
154116 1.1475698013 1.0
224907 1.58083607416 1.0
250874 1.50421104186 1.0
357357 1.27303116673 1.0
190575 1.18632808238 1.0
304972 1.69090963146 1.0
309014 1.29987293993 1.0
221405 1.26534254308 1.0
156023 1.73505373202 1.0
88814 1.59862483677 1.0
122694 1.6783103811 1.0
77509 1.0233710346 1.0
79863 1.92210071459 1.0
94736 1.24381335343 1.0
127957 1.69434346173 1.0
104716 1.09952818292 1.0
288709 1.25828402986 1.0
254586 1.76453732905 1.0
204244 1.75274458204 1.0
167059 1.61797848357 1.0
393968 1.19359997916 1.0
207376 1.61060652057 1.0
317513 1.29601876529 1.0
71481 1.58925051391 1.0
330396 1.58049312497 1.0
318610 1.0272652256 1.0
93909 1.71224611322 1.0
307258 1.06174160039 1.0
229322 1.81861898563 1.0
108720 1.90125023068 1.0
172523 1.75734381884 1.0
392634 1.84324457429 1.0
325972 1.27647673871 1.0
328804 1.08654358953 1.0
109371 1.3419809841 1.0
27806 1.00149273382 1.0
165428 1.49724012484 1.0
206585 1.90709013311 1.0
307797 1.34987226799 1.0
349570 1.63601835643 1.0
398112 1.25511021472 1.0
8275 1.74388190063 1.0
155748 1.41915423202 1.0
103054 1.41323326736 1.0
109749 1.72452645284 1.0
94151 1.5978677659 1.0
345041 1.66405741743 1.0
58292 1.75465228926 1.0
115574 1.21207681042 1.0
188065 1.63599693465 1.0
139342 1.27337736535 1.0
69055 1.00333102264 1.0
146793 1.00634678764 1.0
330516 1.23146569885 1.0
18881 1.88126155469 1.0
210426 1.97398698672 1.0
25410 1.89639525268 1.0
22214 1.57217669954 1.0
149346 1.8146131652 1.0
216194 1.39289386984 1.0
10248 1.45371082736 1.0
173994 1.42032536534 1.0
373832 1.42193464466 1.0
322100 1.07360389634 1.0
47449 1.92943140435 1.0
253740 1.77393885415 1.0
16756 1.16211087494 1.0
239014 1.15029673749 1.0
188562 1.5850305621 1.0
156230 1.08174610051 1.0
98766 1.67686813543 1.0
127618 1.69161806797 1.0
46814 1.25486026585 1.0
336447 1.74501103009 1.0
201154 1.05514687696 1.0
250727 1.59824624946 1.0
41845 1.09057431699 1.0
389977 1.87984352133 1.0
77639 1.13968850514 1.0
232151 1.1606916125 1.0
146316 1.10241278883 1.0
389639 1.53977912415 1.0
45594 1.97940730404 1.0
323569 1.28873049042 1.0
99916 1.09255671675 1.0
322841 1.92732525636 1.0
23496 1.47453882259 1.0
139465 1.87187756802 1.0
328583 1.83446468318 1.0
57722 1.88592811157 1.0
75682 1.64467919704 1.0
32162 1.86068367249 1.0
391859 1.00360322709 1.0
119282 1.74776508005 1.0
123173 1.2936039905 1.0
242243 1.23639951791 1.0
120512 1.73665777076 1.0
217115 1.21547459345 1.0
263442 1.34796499312 1.0
316490 1.73924093389 1.0
347385 1.06501568166 1.0
321990 1.43764830649 1.0
147759 1.44262783671 1.0
158697 1.44211852467 1.0
156992 1.44293285853 1.0
229291 1.58602432401 1.0
254818 1.12723004789 1.0
350775 1.32060289519 1.0
27655 1.06610397107 1.0
205720 1.80279686714 1.0
371378 1.98547662549 1.0
58104 1.11312486284 1.0
12331 1.33392644558 1.0
327135 1.83637612116 1.0
366267 1.68086416195 1.0
135445 1.12268291521 1.0
315041 1.14454294763 1.0
394242 1.66741795768 1.0
223537 1.3950388707 1.0
386627 1.62948121846 1.0
193921 1.97062515129 1.0
241178 1.22536602848 1.0
11110 1.30336739048 1.0
105203 1.12040286977 1.0
214240 1.94272860748 1.0
293944 1.86747530786 1.0
329948 1.34480679756 1.0
175525 1.78141151333 1.0
210163 1.59884755797 1.0
392986 1.86240135613 1.0
306853 1.19550191363 1.0
190353 1.64565222402 1.0
219430 1.60415407419 1.0
390381 1.55110625775 1.0
22696 1.8321505905 1.0
43849 1.74153920658 1.0
293959 1.47366726762 1.0
277068 1.74600660677 1.0
112901 1.46787887794 1.0
129406 1.41957675734 1.0
171126 1.33111329991 1.0
290430 1.980512887 1.0
399820 1.73490795582 1.0
1425 1.09505715033 1.0
330268 1.63622715744 1.0
26567 1.64172763861 1.0
230828 1.91207132779 1.0
90317 1.11863288837 1.0
325890 1.93785968429 1.0
297151 1.54430826145 1.0
304305 1.95553017529 1.0
171314 1.9153330546 1.0
263828 1.12293115259 1.0
301864 1.7081180497 1.0
134606 1.90970103545 1.0
355026 1.65925188862 1.0
32001 1.2337276761 1.0
304242 1.1018273316 1.0
129584 1.65237659835 1.0
225739 1.73110027765 1.0
174671 1.30849198946 1.0
58193 1.32585737438 1.0
106036 1.30399139575 1.0
74686 1.20222257128 1.0
230218 1.77626975074 1.0
255584 1.33471599653 1.0
233596 1.58018758539 1.0
129050 1.74640676043 1.0
8810 1.93052704865 1.0
182461 1.55547452382 1.0
269726 1.58778073973 1.0
176455 1.1328448344 1.0
63164 1.76942298883 1.0
221282 1.91996114756 1.0
244932 1.49831800988 1.0
26567 1.75807008765 1.0
62844 1.43319563508 1.0
246289 1.61382195952 1.0
338734 1.07678124886 1.0
106952 1.57108114317 1.0
39069 1.176583932 1.0
225417 1.11054469656 1.0
86886 1.53514791281 1.0
24390 1.79006670902 1.0
104770 1.16435539867 1.0
247106 1.34224626868 1.0
316030 1.764608726 1.0
59266 1.08529785769 1.0
250342 1.88430566354 1.0
281472 1.62576824474 1.0
206361 1.35526522382 1.0
69697 1.76251551779 1.0
83771 1.70814099685 1.0
175474 1.16313483999 1.0
62900 1.80195928971 1.0
77244 1.37824765915 1.0
31258 1.72729582302 1.0
241396 1.16796437828 1.0
108014 1.84932853542 1.0
257563 1.5166562487 1.0
139264 1.05959556884 1.0
214454 1.48137926145 1.0
186064 1.92726629844 1.0
137583 1.15254463617 1.0
328195 1.06898651229 1.0
144542 1.41171319443 1.0
182632 1.38449223847 1.0
20774 1.60604750377 1.0
50725 1.65345838264 1.0
178925 1.60868139633 1.0
107540 1.2566364666 1.0
391044 1.75240789107 1.0
176722 1.94450227658 1.0
357790 1.5127159048 1.0
341249 1.92699055639 1.0
56212 1.65324473108 1.0
272139 1.27967760577 1.0
171422 1.40768569688 1.0
93429 1.54694337052 1.0
40349 1.43906867724 1.0
127198 1.86644159624 1.0
276206 1.65117182403 1.0
159742 1.92931823154 1.0
239455 1.78859216204 1.0
354188 1.64200095758 1.0
61819 1.21624949298 1.0
47355 1.66029087751 1.0
266548 1.3638668433 1.0
310604 1.26071464037 1.0
388965 1.06719130271 1.0
16688 1.79290275935 1.0
19080 1.22574095902 1.0
80347 1.25402195926 1.0
207952 1.26222406093 1.0
244013 1.75789436632 1.0
355481 1.71244287497 1.0
399482 1.18282433941 1.0
103294 1.23925573857 1.0
132752 1.21272057272 1.0
97378 1.29038338343 1.0
145009 1.16754917804 1.0
191532 1.72820335938 1.0
106479 1.31037950017 1.0
229929 1.48880351193 1.0
16530 1.05691624143 1.0
51094 1.91348999044 1.0
58694 1.92856151297 1.0
198331 1.14945600481 1.0
183878 1.42718765363 1.0
160939 1.85983464229 1.0
193962 1.75753482546 1.0
139853 1.3763870492 1.0
282211 1.18131007064 1.0
54393 1.34133379412 1.0
353923 1.52163593571 1.0
316082 1.36884216424 1.0
357642 1.72083734863 1.0
236504 1.73245795254 1.0
182403 1.16628355991 1.0
368446 1.72625196414 1.0
157083 1.39545728092 1.0
94133 1.60019788959 1.0
24050 1.28661919962 1.0
227344 1.59013633468 1.0
41720 1.77256492495 1.0
138493 1.41805127329 1.0
19250 1.52986472053 1.0
199307 1.00353421548 1.0
341016 1.11741025108 1.0
299879 1.63030067387 1.0
202789 1.9936703737 1.0
9998 1.15587289462 1.0
286030 1.22758991256 1.0
177268 1.93671498916 1.0
336211 1.88278073516 1.0
220975 1.74498332583 1.0
187985 1.08041257282 1.0
299035 1.04533050457 1.0
321282 1.73954175578 1.0
325060 1.41872293091 1.0
116254 1.67692131996 1.0
329151 1.03087139606 1.0
40104 1.76283310164 1.0
69676 1.19105128507 1.0
58642 1.51894647395 1.0
353449 1.33645478124 1.0
362183 1.12250898206 1.0
125310 1.74393212307 1.0
351284 1.10049526236 1.0
396104 1.96524691623 1.0
95173 1.00207363311 1.0
398810 1.12898418279 1.0
122795 1.07013410469 1.0
88827 1.87619664305 1.0
160183 1.48298489081 1.0
368438 1.71652314507 1.0
183756 1.12694361032 1.0
312925 1.76635676301 1.0
166380 1.1457350186 1.0
52688 1.19712218248 1.0
386717 1.68621135923 1.0
385336 1.17100459126 1.0
15341 1.27585481407 1.0
