281376 1.0 1.4183561453
274645 1.0 1.12809394303
245051 1.0 1.58505696386
244705 1.0 1.85416385883
148064 1.0 1.6011888135
305213 1.0 1.01161400893
167559 1.0 1.03345790051
340296 1.0 1.51984166011
232043 1.0 1.69224093769
318142 1.0 1.75320961445
289506 1.0 1.48043585564
358173 1.0 1.57219085109
301677 1.0 1.87368262355
191969 1.0 1.20065290837
385703 1.0 1.73254486492
268805 1.0 1.02099327909
374467 1.0 1.11696319104
312707 1.0 1.44533769515
79470 1.0 1.16247137751
22400 1.0 1.37951699193
67691 1.0 1.11092629123
210094 1.0 1.48997888409
313923 1.0 1.81284055224
9905 1.0 1.14908340426
43870 1.0 1.60844045703
266027 1.0 1.48483419923
310914 1.0 1.89319013227
177467 1.0 1.52185064239
351461 1.0 1.64120792042
256556 1.0 1.29852618574
359161 1.0 1.89583969914
383179 1.0 1.37383304523
248411 1.0 1.96514339429
272635 1.0 1.39105603512
224699 1.0 1.63392462551
226110 1.0 1.96808619494
304998 1.0 1.87917420007
122410 1.0 1.74912762974
142530 1.0 1.31030249036
189246 1.0 1.01201376991
130064 1.0 1.82611023936
288443 1.0 1.94936981198
182937 1.0 1.69717158053
48160 1.0 1.46611693769
52871 1.0 1.27896162889
48739 1.0 1.13183479728
325253 1.0 1.28803089477
301735 1.0 1.31250947187
246032 1.0 1.72285594279
187569 1.0 1.71390754863
152644 1.0 1.77803447621
393812 1.0 1.30385671093
221047 1.0 1.23989031634
290069 1.0 1.2482611048
141538 1.0 1.02590410959
21813 1.0 1.78278997732
154143 1.0 1.33485124733
227623 1.0 1.85090237898
99836 1.0 1.28529813566
188223 1.0 1.60039589764
147773 1.0 1.41268430692
382132 1.0 1.81713479848
74265 1.0 1.250772884
211281 1.0 1.18072631741
391279 1.0 1.11528423278
110377 1.0 1.076556042
100578 1.0 1.85342131667
387470 1.0 1.37160897581
225710 1.0 1.56738399407
272348 1.0 1.59997594318
129996 1.0 1.48690251271
231983 1.0 1.84236038875
254379 1.0 1.37561783435
279628 1.0 1.64401686782
154030 1.0 1.89967757631
338148 1.0 1.12131637727
74242 1.0 1.57404523507
330813 1.0 1.07300224704
176437 1.0 1.76297826424
239062 1.0 1.04729441875
211790 1.0 1.65599593599
154956 1.0 1.09052386751
280998 1.0 1.59761678854
249746 1.0 1.53063575285
109323 1.0 1.73049989476
143011 1.0 1.16874885891
35611 1.0 1.52678949315
75602 1.0 1.48348614652
260615 1.0 1.77989007985
245768 1.0 1.50999568359
373606 1.0 1.65236960711
288681 1.0 1.26789622201
210137 1.0 1.13855600257
373657 1.0 1.33070560458
367527 1.0 1.6595511289
4334 1.0 1.89548975192
309225 1.0 1.92248477
219517 1.0 1.11757900231
271636 1.0 1.04241270061
352393 1.0 1.63775906387
158981 1.0 1.85253532992
50047 1.0 1.36834397819
315468 1.0 1.66705503573
146964 1.0 1.6975051355
107519 1.0 1.84404703272
46434 1.0 1.84621474312
312270 1.0 1.0621567071
24371 1.0 1.74510340245
369515 1.0 1.21815246472
44584 1.0 1.56881373863
23474 1.0 1.25636116744
380013 1.0 1.78965100179
369574 1.0 1.5564155127
111245 1.0 1.19258506077
258274 1.0 1.50623580267
64818 1.0 1.39907448434
197699 1.0 1.74934065914
48536 1.0 1.05502921202
120731 1.0 1.94203760738
309548 1.0 1.39346239803
198967 1.0 1.85339599508
200647 1.0 1.32972638724
30476 1.0 1.06298412656
89263 1.0 1.11066446278
100576 1.0 1.03907743997
148689 1.0 1.42197213564
53810 1.0 1.83804878531
19827 1.0 1.12859380069
345069 1.0 1.11113055152
121974 1.0 1.15542861279
173246 1.0 1.456907163
8439 1.0 1.19218542027
138430 1.0 1.46855355738
316933 1.0 1.45442668437
110969 1.0 1.23297969367
95603 1.0 1.82157832458
375274 1.0 1.85100950592
53606 1.0 1.96534779312
382971 1.0 1.59559779327
54715 1.0 1.17485616853
133293 1.0 1.34835400169
148362 1.0 1.75194744531
315522 1.0 1.84512454673
17658 1.0 1.3671409685
375905 1.0 1.3622577769
74164 1.0 1.97567162601
91891 1.0 1.76020335508
19942 1.0 1.74264237679
252018 1.0 1.55079234701
84436 1.0 1.29940268911
292600 1.0 1.13211109507
78966 1.0 1.12415926405
385999 1.0 1.18154031571
144483 1.0 1.24141984581
338954 1.0 1.82737470448
66690 1.0 1.61626929775
337746 1.0 1.8033216184
34686 1.0 1.59787427706
288555 1.0 1.4561845021
254056 1.0 1.01496176073
378739 1.0 1.4589295499
193959 1.0 1.75295495753
210944 1.0 1.4804515231
172214 1.0 1.68330937284
152230 1.0 1.40838847277
285281 1.0 1.5808494839
53748 1.0 1.61474859023
250669 1.0 1.95315443513
150885 1.0 1.62933718702
193375 1.0 1.60236445576
75379 1.0 1.31960548642
339206 1.0 1.58398660271
182576 1.0 1.98566876977
354398 1.0 1.1724700659
114371 1.0 1.93764161758
81118 1.0 1.50699075281
332772 1.0 1.46061312284
392189 1.0 1.29530475733
81730 1.0 1.79940564034
81002 1.0 1.95987584932
115148 1.0 1.02650967547
323427 1.0 1.94179769785
59159 1.0 1.63716145104
163540 1.0 1.65844341582
43759 1.0 1.01617767562
252298 1.0 1.54827304083
322043 1.0 1.29681593744
78606 1.0 1.63017235012
179080 1.0 1.68028345048
262552 1.0 1.43178067341
362223 1.0 1.39109162757
140001 1.0 1.2872290017
194274 1.0 1.20114617537
189885 1.0 1.3807398512
31643 1.0 1.86429259299
267482 1.0 1.7167908625
104823 1.0 1.16025273181
256557 1.0 1.37889585139
97402 1.0 1.89836448505
216696 1.0 1.17375369428
46635 1.0 1.07261033346
142314 1.0 1.78129107528
229912 1.0 1.91466593653
184881 1.0 1.70405621987
186429 1.0 1.96242336572
373732 1.0 1.50780696394
287896 1.0 1.89410912104
113304 1.0 1.51993981782
222127 1.0 1.69120204548
264589 1.0 1.11000039158
397858 1.0 1.98661293718
3503 1.0 1.00519548023
283489 1.0 1.58136195418
293369 1.0 1.5142379378
131560 1.0 1.95074249455
266217 1.0 1.10859533424
38004 1.0 1.32575837883
282293 1.0 1.65999487516
222869 1.0 1.1599913245
391855 1.0 1.93112407935
268554 1.0 1.76913403891
334336 1.0 1.35761396229
125282 1.0 1.82980328428
215434 1.0 1.44544234613
258942 1.0 1.09260334032
242995 1.0 1.04265806667
357696 1.0 1.50195156816
230824 1.0 1.34740254478
398075 1.0 1.83330052233
239020 1.0 1.99128839847
21561 1.0 1.36230024912
177214 1.0 1.02235101965
254197 1.0 1.24693296143
220364 1.0 1.66365519162
227785 1.0 1.93770866342
255317 1.0 1.28306663247
118268 1.0 1.40348049866
165965 1.0 1.4324227335
398551 1.0 1.34034984536
73237 1.0 1.57203081258
211902 1.0 1.02948202878
213055 1.0 1.47607872058
168986 1.0 1.6008887128
153840 1.0 1.72968020373
33304 1.0 1.20688209906
319334 1.0 1.09330043032
35608 1.0 1.32772105393
348126 1.0 1.80422296931
238269 1.0 1.91031362263
323303 1.0 1.89005642526
320130 1.0 1.02758860985
234472 1.0 1.37373995099
230585 1.0 1.86018559901
116508 1.0 1.86199274728
117831 1.0 1.08887588783
385519 1.0 1.46800523465
33538 1.0 1.60496631664
351792 1.0 1.53611023258
118059 1.0 1.65597545487
238377 1.0 1.19336865874
88087 1.0 1.87403219395
169200 1.0 1.70644823552
367972 1.0 1.23288264478
319299 1.0 1.62545060487
53763 1.0 1.65230956484
211242 1.0 1.117669387
117859 1.0 1.98289400665
280914 1.0 1.92707958352
172746 1.0 1.24506488471
242805 1.0 1.21596205317
120456 1.0 1.19187776491
14666 1.0 1.10840576987
236677 1.0 1.68174838087
287307 1.0 1.50267432226
301445 1.0 1.1763312983
26661 1.0 1.07979437958
225417 1.0 1.97235686725
271631 1.0 1.95176100333
250764 1.0 1.88722184495
123401 1.0 1.16528489733
325956 1.0 1.29256736372
29837 1.0 1.73989816367
221916 1.0 1.00443819524
192334 1.0 1.11582957899
107806 1.0 1.56225766273
280188 1.0 1.83842888485
217909 1.0 1.84739759438
336900 1.0 1.9008474216
50702 1.0 1.21438059692
127352 1.0 1.7814168543
26471 1.0 1.47689835918
135949 1.0 1.1320707724
339968 1.0 1.72303576629
292637 1.0 1.95215738777
165269 1.0 1.5825337379
354094 1.0 1.07372018688
200925 1.0 1.63931372001
66302 1.0 1.40300264794
78296 1.0 1.87273606491
108262 1.0 1.28209906851
118328 1.0 1.4277175093
333409 1.0 1.25275522404
396342 1.0 1.33757036986
308888 1.0 1.49511166952
199208 1.0 1.59922461714
238252 1.0 1.20384672482
123387 1.0 1.12249167115
381513 1.0 1.26522054917
210884 1.0 1.13058209464
111613 1.0 1.51867811265
82342 1.0 1.98516045071
57824 1.0 1.43077585467
131465 1.0 1.83438595452
224316 1.0 1.28709909052
102163 1.0 1.2234568158
364791 1.0 1.21119470505
74709 1.0 1.62425314501
70838 1.0 1.31410528302
66813 1.0 1.44807176493
6244 1.0 1.01066247832
68074 1.0 1.97053000241
78201 1.0 1.84743002646
146574 1.0 1.99309367726
85803 1.0 1.23284947973
26077 1.0 1.2096153263
179799 1.0 1.01279128319
258739 1.0 1.6154549921
168885 1.0 1.55041025051
13023 1.0 1.57988697276
234209 1.0 1.22105083496
87769 1.0 1.22381176351
311617 1.0 1.90588533097
184218 1.0 1.01509462233
124970 1.0 1.90159898609
366599 1.0 1.99360863551
343573 1.0 1.63205087443
306654 1.0 1.25456191677
28386 1.0 1.35126039329
206458 1.0 1.81178589545
106758 1.0 1.25970918135
30433 1.0 1.87829823237
39047 1.0 1.03949181499
280450 1.0 1.62968559117
142080 1.0 1.96081678227
86371 1.0 1.67839076777
37928 1.0 1.12425495337
295527 1.0 1.46826501825
367480 1.0 1.39284665961
171748 1.0 1.13727866182
185784 1.0 1.32119653255
294140 1.0 1.57309684212
119700 1.0 1.36932672449
71275 1.0 1.34272056347
289586 1.0 1.96580594665
107678 1.0 1.02995791054
99238 1.0 1.08645250218
55879 1.0 1.42377036453
156023 1.0 1.25169638124
149232 1.0 1.55658487606
244850 1.0 1.57816875668
99169 1.0 1.52411160981
57346 1.0 1.12670526504
173167 1.0 1.84362132154
64379 1.0 1.19705290486
95254 1.0 1.80498167757
30306 1.0 1.70213500009
146934 1.0 1.7835955539
169121 1.0 1.07255756029
242780 1.0 1.91063359141
131108 1.0 1.9691137676
77790 1.0 1.72453230988
9374 1.0 1.85340465492
302235 1.0 1.95261824687
133952 1.0 1.37764152094
233468 1.0 1.73644809643
105367 1.0 1.39725396381
183422 1.0 1.79259618296
56807 1.0 1.13846136992
141593 1.0 1.03444680612
266044 1.0 1.01210588586
49187 1.0 1.17045475177
137612 1.0 1.15010607036
308707 1.0 1.3254643975
316010 1.0 1.49392752689
194681 1.0 1.21364893163
66772 1.0 1.11080681196
206725 1.0 1.82421915955
346434 1.0 1.8142483026
126073 1.0 1.111402194
232002 1.0 1.32979171913
376298 1.0 1.48808077671
170184 1.0 1.46772536306
210478 1.0 1.53574353948
33942 1.0 1.43891727727
205439 1.0 1.14267819712
176006 1.0 1.2763313372
154916 1.0 1.70411382761
279005 1.0 1.38587889025
216298 1.0 1.30487229201
72695 1.0 1.23498474909
59490 1.0 1.59461634698
334432 1.0 1.33574695449
395090 1.0 1.52983531392
163363 1.0 1.89411316638
102057 1.0 1.56338978165
183408 1.0 1.67700932731
347770 1.0 1.51289865601
384383 1.0 1.66978443801
148887 1.0 1.89824399154
35559 1.0 1.56821405917
36333 1.0 1.07726808621
3709 1.0 1.74161391066
350477 1.0 1.88829821401
234931 1.0 1.11136508353
1812 1.0 1.81233088089
64981 1.0 1.57564324102
16735 1.0 1.10039849741
154489 1.0 1.23729787281
11872 1.0 1.20820632685
168399 1.0 1.37988451953
121892 1.0 1.72042171543
38829 1.0 1.60747758738
242930 1.0 1.70996804996
194744 1.0 1.555685231
342563 1.0 1.08114372967
189952 1.0 1.63772084947
325415 1.0 1.03166319652
47106 1.0 1.37450346193
212347 1.0 1.01958974279
253419 1.0 1.95934013619
59710 1.0 1.84816778823
323786 1.0 1.68493064301
214201 1.0 1.80847614841
232712 1.0 1.06863086684
136454 1.0 1.56026994031
119506 1.0 1.02765232379
128641 1.0 1.82418327435
45666 1.0 1.50017612238
107791 1.0 1.81376959642
133801 1.0 1.52350682283
76034 1.0 1.75601951813
286234 1.0 1.42428464034
28255 1.0 1.54898853821
204778 1.0 1.1552651302
170365 1.0 1.963315875
69688 1.0 1.49796467525
66519 1.0 1.46894561734
354608 1.0 1.79349027953
351391 1.0 1.78567147671
6530 1.0 1.22713832671
146480 1.0 1.24896606758
86569 1.0 1.62273582177
191115 1.0 1.30427018316
278485 1.0 1.97977973888
13073 1.0 1.50195224818
219429 1.0 1.38185144885
243359 1.0 1.72651191952
31401 1.0 1.59093074856
38651 1.0 1.49572372831
72464 1.0 1.22953406363
292893 1.0 1.7334631996
133602 1.0 1.77660920164
184761 1.0 1.39960020674
301914 1.0 1.09523890602
43554 1.0 1.46873839448
61313 1.0 1.43108380729
94037 1.0 1.01824657568
226084 1.0 1.55593396558
262907 1.0 1.88040400451
116826 1.0 1.77117745857
125056 1.0 1.48159637983
320018 1.0 1.98225632076
327509 1.0 1.28968754615
229097 1.0 1.08161131902
211495 1.0 1.50887332554
353016 1.0 1.19646577636
283977 1.0 1.50801905061
29141 1.0 1.64929421263
330585 1.0 1.22813342066
309018 1.0 1.27973924814
161851 1.0 1.14570080704
364657 1.0 1.96133022818
171622 1.0 1.37722838203
183582 1.0 1.49500447065
164192 1.0 1.36591699864
181152 1.0 1.43044397689
363337 1.0 1.00687949554
193578 1.0 1.94447821127
281618 1.0 1.30657275269
154121 1.0 1.71821167953
289811 1.0 1.8070294104
307760 1.0 1.76971204633
339831 1.0 1.85539964721
354574 1.0 1.87614970287
62255 1.0 1.46808024535
259792 1.0 1.4779361814
238676 1.0 1.4150363135
256070 1.0 1.04172531736
13160 1.0 1.92264601412
297353 1.0 1.68943144818
106719 1.0 1.27768013043
177616 1.0 1.6682930724
213679 1.0 1.63512334569
202305 1.0 1.10704506601
263461 1.0 1.42092849988
247202 1.0 1.64503043147
126638 1.0 1.76223074862
340345 1.0 1.82248639444
310291 1.0 1.68126137798
136512 1.0 1.21153313598
189757 1.0 1.07074544083
126195 1.0 1.695427353
281673 1.0 1.77337199205
40252 1.0 1.66281150687
207319 1.0 1.73161723405
204116 1.0 1.58792040359
357890 1.0 1.26633503392
160045 1.0 1.31983949468
4726 1.0 1.49036496318
52868 1.0 1.59732804255
128384 1.0 1.76206329138
364825 1.0 1.46105219863
346834 1.0 1.7647601322
221647 1.0 1.23908183473
136965 1.0 1.3335280853
166709 1.0 1.80307060779
75352 1.0 1.24554848781
189882 1.0 1.5768799837
168346 1.0 1.50497913366
290510 1.0 1.1563733468
213939 1.0 1.55892107389
347920 1.0 1.77891983196
180993 1.0 1.46693481284
79048 1.0 1.06534202522
399799 1.0 1.81199780487
382173 1.0 1.73122451864
334394 1.0 1.40731030257
237444 1.0 1.94924981985
273401 1.0 1.50968854516
25055 1.0 1.9704125112
83579 1.0 1.64330974485
55179 1.0 1.89501340455
349748 1.0 1.35813482587
358879 1.0 1.79404376267
238610 1.0 1.16356996834
267311 1.0 1.44855453697
165557 1.0 1.49923296399
35781 1.0 1.38327617497
376154 1.0 1.98908445221
21129 1.0 1.28434074239
59000 1.0 1.95907726248
111338 1.0 1.25730836382
205440 1.0 1.98682275316
372305 1.0 1.11530156945
384835 1.0 1.46119588674
21484 1.0 1.97904415356
243803 1.0 1.84639332867
215672 1.0 1.6256269576
334314 1.0 1.54757676867
55901 1.0 1.63235485647
12128 1.0 1.81313982541
37281 1.0 1.58349868702
345978 1.0 1.593569441
361624 1.0 1.05855672452
16628 1.0 1.03641426022
1686 1.0 1.61752549242
17778 1.0 1.53147173987
89567 1.0 1.70080226339
40815 1.0 1.32139911329
315165 1.0 1.58164478656
188776 1.0 1.54182442335
217460 1.0 1.24777760773
397480 1.0 1.43509038318
284089 1.0 1.03107683314
200227 1.0 1.29468933347
212281 1.0 1.07124887524
37590 1.0 1.57239927607
14004 1.0 1.6406715432
182637 1.0 1.02687959475
95030 1.0 1.87811729923
264958 1.0 1.71582551599
379311 1.0 1.55838469611
204175 1.0 1.68910793803
140838 1.0 1.85209843924
135657 1.0 1.28748904425
268385 1.0 1.29435985992
273249 1.0 1.19701393762
82034 1.0 1.8362237462
252752 1.0 1.57353896215
316701 1.0 1.77428691659
125317 1.0 1.34339089051
383276 1.0 1.11851168089
166210 1.0 1.50891391709
4314 1.0 1.12971425481
85115 1.0 1.82506689835
8759 1.0 1.15641538046
176414 1.0 1.04085911427
180296 1.0 1.58647243114
232767 1.0 1.30821740779
41045 1.0 1.48186597634
295136 1.0 1.38994308116
165496 1.0 1.12652019538
151995 1.0 1.98362804376
288006 1.0 1.54612677807
195817 1.0 1.03638701723
306388 1.0 1.50484766658
160645 1.0 1.40574497082
140000 1.0 1.41414580929
250358 1.0 1.43233624773
270494 1.0 1.86619771618
291346 1.0 1.0302639591
135572 1.0 1.81737461383
332811 1.0 1.34252929899
337285 1.0 1.57022870282
349532 1.0 1.01705732375
277379 1.0 1.68546689411
77440 1.0 1.78873742195
299681 1.0 1.93021581012
390818 1.0 1.8498594182
337111 1.0 1.68548203791
286462 1.0 1.69891496947
397493 1.0 1.06390292478
193021 1.0 1.70254993101
23687 1.0 1.24147229237
149159 1.0 1.30523062333
204177 1.0 1.62267024842
201271 1.0 1.16659475648
102127 1.0 1.97795630368
324845 1.0 1.90839495231
53093 1.0 1.8862827668
286432 1.0 1.02661927891
387428 1.0 1.87863095406
260761 1.0 1.35944555583
365664 1.0 1.97065786057
5008 1.0 1.58369003413
331075 1.0 1.03076150056
89264 1.0 1.00821114719
39036 1.0 1.68322275732
177058 1.0 1.61585342231
315216 1.0 1.33855474163
288813 1.0 1.95601147967
79051 1.0 1.19163994465
287236 1.0 1.62063404721
291449 1.0 1.53907421932
21180 1.0 1.30982403215
179129 1.0 1.72007724736
1006 1.0 1.32415489604
317362 1.0 1.75681580006
57247 1.0 1.72436905554
284575 1.0 1.36130176347
217730 1.0 1.6444083843
333286 1.0 1.5539918718
361506 1.0 1.3548281402
298004 1.0 1.98680798141
201997 1.0 1.69012503856
376901 1.0 1.13158067442
179131 1.0 1.52596106162
351546 1.0 1.01565092095
119708 1.0 1.79862963544
329176 1.0 1.86212747983
168296 1.0 1.61270800745
298634 1.0 1.49716462975
135515 1.0 1.61045061768
29178 1.0 1.19480802991
383492 1.0 1.7896153164
173131 1.0 1.52655147521
167048 1.0 1.17400175914
56338 1.0 1.38521624662
366309 1.0 1.47880777402
358783 1.0 1.26699647359
201667 1.0 1.12924011545
214006 1.0 1.0547625033
363449 1.0 1.27519841977
355939 1.0 1.62065648138
277122 1.0 1.46217486881
324747 1.0 1.01332586889
181984 1.0 1.82494747502
348266 1.0 1.57584078526
188470 1.0 1.98243806742
84264 1.0 1.16784986317
77148 1.0 1.87774087489
78449 1.0 1.41315184529
223655 1.0 1.83236666581
123109 1.0 1.53075867458
161770 1.0 1.42387938496
38090 1.0 1.13767196285
58261 1.0 1.05396017728
384886 1.0 1.84052690091
295097 1.0 1.78029139184
106126 1.0 1.97646989443
99150 1.0 1.67053194964
158163 1.0 1.55484737871
298126 1.0 1.01394676106
325060 1.0 1.09125144106
331861 1.0 1.33814191267
162511 1.0 1.7305305169
233622 1.0 1.58385934198
62180 1.0 1.40927896974
46861 1.0 1.18594232353
85787 1.0 1.10929934898
185378 1.0 1.67905107075
347923 1.0 1.10217627864
27619 1.0 1.25707644854
151454 1.0 1.69638252527
349549 1.0 1.56193493426
312795 1.0 1.14003342928
55188 1.0 1.06003299443
282093 1.0 1.4028270953
8075 1.0 1.19877399875
352437 1.0 1.02658890925
258228 1.0 1.00802886101
369224 1.0 1.43908747598
293154 1.0 1.60194277011
128644 1.0 1.03478793258
295044 1.0 1.95348752966
39284 1.0 1.78318198333
239255 1.0 1.72359794386
174028 1.0 1.16891053654
355055 1.0 1.18660764898
190813 1.0 1.09718710453
58202 1.0 1.88645969745
398535 1.0 1.39021286762
23307 1.0 1.20306240034
352676 1.0 1.06266122522
31035 1.0 1.83748549614
93388 1.0 1.40924695107
199469 1.0 1.45885718149
373215 1.0 1.53997752701
224550 1.0 1.37317458022
66776 1.0 1.96828268946
379042 1.0 1.5363854059
90468 1.0 1.29481752518
336848 1.0 1.86417842227
353312 1.0 1.91163855879
81059 1.0 1.91975658888
320603 1.0 1.05775625325
47732 1.0 1.27532204195
166143 1.0 1.69633399114
250756 1.0 1.85831748144
207960 1.0 1.30787693408
113552 1.0 1.42277250222
372812 1.0 1.45118605162
307255 1.0 1.09935656022
141718 1.0 1.7497469969
83452 1.0 1.6552750157
161876 1.0 1.55513419853
318956 1.0 1.44762724386
122645 1.0 1.36061876298
7984 1.0 1.74028285278
246421 1.0 1.47576443593
385225 1.0 1.66940569882
284225 1.0 1.20899380714
115745 1.0 1.20926929328
362802 1.0 1.97628148399
297367 1.0 1.8674289615
25098 1.0 1.10415086703
41720 1.0 1.50854667424
393898 1.0 1.99715651842
352032 1.0 1.32573292042
81757 1.0 1.58177279854
148434 1.0 1.65929938716
271784 1.0 1.25314985648
66611 1.0 1.22699662165
137967 1.0 1.50457399228
232612 1.0 1.94416240709
332125 1.0 1.58722982342
293873 1.0 1.54895048401
357425 1.0 1.8628159192
253247 1.0 1.63786839297
163967 1.0 1.2870032371
162455 1.0 1.66669683254
257979 1.0 1.23770827834
112178 1.0 1.91025874029
387858 1.0 1.0432576981
54992 1.0 1.39120333021
287068 1.0 1.08502817524
186423 1.0 1.09440970746
164907 1.0 1.81640466335
205718 1.0 1.81766459126
239289 1.0 1.20498987286
220196 1.0 1.48433403854
77699 1.0 1.8867565868
189436 1.0 1.2010679023
145763 1.0 1.93666856028
331825 1.0 1.06252905638
222395 1.0 1.35764387832
17136 1.0 1.60018709035
43012 1.0 1.76303436516
58976 1.0 1.68996092686
27858 1.0 1.22033068343
243767 1.0 1.68409635922
103394 1.0 1.89282006346
274122 1.0 1.33872247029
217155 1.0 1.46412444352
51965 1.0 1.51141533618
399205 1.0 1.38482968651
216815 1.0 1.56116921201
329874 1.0 1.72110020643
367423 1.0 1.97428795696
136750 1.0 1.88956835998
35127 1.0 1.37638656078
213233 1.0 1.27278573007
188048 1.0 1.1177471926
244615 1.0 1.30709332452
220356 1.0 1.70754776971
120446 1.0 1.41684608194
10400 1.0 1.02892767714
226884 1.0 1.83868625336
3264 1.0 1.03881646799
95455 1.0 1.48811085388
241814 1.0 1.02775557573
209817 1.0 1.10228603487
217081 1.0 1.29817652644
188167 1.0 1.66136612826
339802 1.0 1.46122403384
392890 1.0 1.28407371391
315523 1.0 1.45346358632
201856 1.0 1.23476454029
178849 1.0 1.90503080229
93002 1.0 1.62165095064
105521 1.0 1.41361635205
43294 1.0 1.00587607751
107962 1.0 1.06864897249
108495 1.0 1.06595089834
336317 1.0 1.42411507518
381862 1.0 1.6632645853
113970 1.0 1.83080915063
207823 1.0 1.36631160624
158638 1.0 1.69293469808
397791 1.0 1.37745517509
15624 1.0 1.66484832354
343687 1.0 1.67889456284
384721 1.0 1.85238636931
308683 1.0 1.03957995047
395058 1.0 1.6971410144
379961 1.0 1.45842758118
22380 1.0 1.33426199098
353176 1.0 1.14138721721
323510 1.0 1.18968309555
154906 1.0 1.47637980999
72542 1.0 1.92861813514
199896 1.0 1.90248254035
385645 1.0 1.04591449792
6182 1.0 1.51872512028
380759 1.0 1.09308323603
50097 1.0 1.44836530397
399091 1.0 1.22952654283
222181 1.0 1.83954996192
127630 1.0 1.56330648358
90314 1.0 1.35412860019
132215 1.0 1.92568432114
67008 1.0 1.26001824171
47670 1.0 1.97632440224
53795 1.0 1.01289568946
195717 1.0 1.66950016724
365866 1.0 1.49018216701
272623 1.0 1.90919433787
5960 1.0 1.49263608198
64323 1.0 1.06826222687
298687 1.0 1.02677526954
309848 1.0 1.95255640612
150484 1.0 1.05466322961
142061 1.0 1.79925661267
281996 1.0 1.11874465901
153832 1.0 1.26410672629
80353 1.0 1.54441886886
91209 1.0 1.45619688441
347363 1.0 1.55090508411
109060 1.0 1.13420910493
111112 1.0 1.17085332806
133309 1.0 1.7468518186
130701 1.0 1.40339241859
27584 1.0 1.46155540373
355080 1.0 1.42062797381
138838 1.0 1.29225624806
226118 1.0 1.45264552932
375878 1.0 1.20132181882
303942 1.0 1.08686356221
187913 1.0 1.86199572305
55267 1.0 1.16992318741
398022 1.0 1.1545597832
173014 1.0 1.32941249621
280677 1.0 1.11436231591
218763 1.0 1.02664797516
204148 1.0 1.22354151203
49877 1.0 1.96397258439
10973 1.0 1.81316453939
63450 1.0 1.80289848473
201508 1.0 1.75970681883
298131 1.0 1.95482215352
180004 1.0 1.48487447041
240432 1.0 1.37906103586
103333 1.0 1.90611972782
378400 1.0 1.8182910965
42687 1.0 1.25172910262
350245 1.0 1.71924650858
64497 1.0 1.60235687525
38096 1.0 1.37912979341
58934 1.0 1.25498608585
193260 1.0 1.95080357548
133736 1.0 1.80617511942
175873 1.0 1.39001368505
140336 1.0 1.1312062924
153515 1.0 1.00113040302
243261 1.0 1.47317618062
57424 1.0 1.11180323083
200682 1.0 1.24099806822
163063 1.0 1.71835436884
135001 1.0 1.98158253302
104827 1.0 1.6934484124
321228 1.0 1.41140100159
105001 1.0 1.33153814362
143542 1.0 1.0817951598
126822 1.0 1.78521482216
16479 1.0 1.55760210196
67638 1.0 1.01493306655
294914 1.0 1.8767464028
272217 1.0 1.87120942889
56974 1.0 1.37268960302
80679 1.0 1.02887331235
390535 1.0 1.53817882529
374118 1.0 1.37820231376
27183 1.0 1.92214948345
194449 1.0 1.76485872297
71898 1.0 1.84463534621
11762 1.0 1.61269749744
341003 1.0 1.76063800115
20588 1.0 1.36847122919
140499 1.0 1.02318875692
148482 1.0 1.37348830189
123898 1.0 1.58853386268
83431 1.0 1.81983719469
272783 1.0 1.00006900714
277101 1.0 1.38143711809
284567 1.0 1.70592363781
367908 1.0 1.76184012139
169743 1.0 1.80814342254
66301 1.0 1.54674909813
372731 1.0 1.77956295623
174875 1.0 1.41407708426
200670 1.0 1.46888670182
115237 1.0 1.79036813661
242086 1.0 1.76249352763
8018 1.0 1.41238415399
215795 1.0 1.15270255391
331932 1.0 1.67768312064
89339 1.0 1.13976898008
94202 1.0 1.72843901083
171113 1.0 1.09280015235
242083 1.0 1.32613283744
115352 1.0 1.75729612711
52080 1.0 1.37725326016
287815 1.0 1.45558009513
73180 1.0 1.23290850843
384076 1.0 1.27787309191
79684 1.0 1.79231668138
63157 1.0 1.8994412928
119980 1.0 1.8142069735
301066 1.0 1.28032704477
99739 1.0 1.94353503932
138866 1.0 1.44655443013
376299 1.0 1.53299728231
296014 1.0 1.84595359847
86615 1.0 1.58445278321
331016 1.0 1.91483858589
169810 1.0 1.36751396987
318468 1.0 1.62692418214
38690 1.0 1.80284513267
118686 1.0 1.39974369496
70736 1.0 1.72138848608
238296 1.0 1.80370882093
224071 1.0 1.0558995048
68945 1.0 1.47926081151
173291 1.0 1.11922711635
115680 1.0 1.22546765029
143766 1.0 1.96403152872
5178 1.0 1.96442900256
44496 1.0 1.94245238189
288228 1.0 1.63718620248
199895 1.0 1.27031114796
177310 1.0 1.54748863466
270552 1.0 1.83205523561
156734 1.0 1.1481389055
85056 1.0 1.62983235851
95718 1.0 1.80229571752
348178 1.0 1.68218009856
105988 1.0 1.83625702674
101624 1.0 1.7399383721
161590 1.0 1.05078576923
63763 1.0 1.7820646439
57653 1.0 1.50285049673
354461 1.0 1.85234430751
174206 1.0 1.15131594052
91911 1.0 1.81092905712
66065 1.0 1.32417183286
192225 1.0 1.26815491835
397336 1.0 1.57338134132
335087 1.0 1.97339575283
258463 1.0 1.52096537754
123632 1.0 1.97406948562
