96679 1.0 0.89502379425
333365 1.0 0.885329660827
333285 1.0 0.912607415593
2094 1.0 0.634044590685
238286 1.0 0.947143837916
202925 1.0 0.749260184155
30953 1.0 0.809667136681
165923 1.0 0.950768667617
165464 1.0 0.716706222289
253348 1.0 0.833003483464
339295 1.0 0.7020716971
148538 1.0 0.716740081505
21590 1.0 0.777524732576
296025 1.0 0.86410072846
177410 1.0 0.798353330157
63104 1.0 0.765965715162
226381 1.0 0.776644925115
7590 1.0 0.719460462254
57416 1.0 0.582714301813
31968 1.0 0.812195534127
256974 1.0 0.551679856562
68596 1.0 0.520525209438
127515 1.0 0.5145317388
330763 1.0 0.717975761201
378378 1.0 0.913190062044
381587 1.0 0.916105627091
323721 1.0 0.616788506264
261170 1.0 0.600692410277
101085 1.0 0.946657386826
286249 1.0 0.684251769383
66066 1.0 0.540456692001
373903 1.0 0.528778254724
289153 1.0 0.845004504761
208499 1.0 0.520158556281
246373 1.0 0.614353038663
260481 1.0 0.594838991113
201318 1.0 0.8213959348
181614 1.0 0.928598979614
46632 1.0 0.628686717477
175175 1.0 0.726515399507
93001 1.0 0.901498287883
98425 1.0 0.837067535534
250913 1.0 0.973249607494
189027 1.0 0.931610613508
120215 1.0 0.917626063774
21968 1.0 0.791414783767
170299 1.0 0.570918276786
314963 1.0 0.511290206197
289340 1.0 0.77087294951
175928 1.0 0.506103759608
5114 1.0 0.747874679738
262242 1.0 0.531715476671
55517 1.0 0.75223507001
313045 1.0 0.932505083571
374506 1.0 0.933081416831
334129 1.0 0.658946521166
276716 1.0 0.660991076786
3752 1.0 0.578955769024
137678 1.0 0.97936432449
104047 1.0 0.865627176032
156612 1.0 0.537065482596
140709 1.0 0.714622016836
175703 1.0 0.549612153359
257938 1.0 0.837872057198
155165 1.0 0.565175515242
352258 1.0 0.618834818668
135975 1.0 0.959367325099
40604 1.0 0.667729527828
332423 1.0 0.911639329325
232487 1.0 0.993402771519
241609 1.0 0.823790865606
147718 1.0 0.700929347763
141197 1.0 0.589280699925
339132 1.0 0.777138484943
233717 1.0 0.689879348537
81568 1.0 0.821047227241
83574 1.0 0.900671546775
300049 1.0 0.771900552983
251649 1.0 0.840874469268
174001 1.0 0.741105291324
100155 1.0 0.654513394996
269768 1.0 0.612494255331
378797 1.0 0.646535489036
397428 1.0 0.698072109274
32007 1.0 0.712605694446
382443 1.0 0.596291492541
186114 1.0 0.580138527919
57637 1.0 0.631210821599
311217 1.0 0.501728141876
138450 1.0 0.921075495079
164690 1.0 0.702312371419
154579 1.0 0.682556955125
259688 1.0 0.929307754939
358940 1.0 0.61030178402
263612 1.0 0.761003502637
293204 1.0 0.538938560282
220201 1.0 0.665802244128
231819 1.0 0.776069486626
306062 1.0 0.538628950505
363925 1.0 0.924598305189
57866 1.0 0.640199016809
116359 1.0 0.863981530496
128140 1.0 0.908231353552
277316 1.0 0.626125109002
227741 1.0 0.847630874569
234373 1.0 0.647356778897
261331 1.0 0.572418865077
305288 1.0 0.598941355278
257589 1.0 0.573705711344
281024 1.0 0.939534268245
195181 1.0 0.613617785168
68106 1.0 0.789588159349
386423 1.0 0.992907281265
198552 1.0 0.81350074496
345510 1.0 0.805532011302
162442 1.0 0.784222205866
369444 1.0 0.927199622821
240111 1.0 0.907880118728
107504 1.0 0.733208364976
182619 1.0 0.502927384393
69391 1.0 0.945802073438
18720 1.0 0.676162359306
220731 1.0 0.942233851402
63143 1.0 0.921611178975
185189 1.0 0.917750886913
169841 1.0 0.955046045152
349778 1.0 0.807007607393
42908 1.0 0.601905159816
382565 1.0 0.758793362278
24528 1.0 0.563141004473
356821 1.0 0.602541508282
325790 1.0 0.8540970292
275706 1.0 0.720899416788
66574 1.0 0.736183171057
79307 1.0 0.644225963052
181365 1.0 0.794848836847
195047 1.0 0.607866219235
199589 1.0 0.878862094338
236391 1.0 0.982624201641
175058 1.0 0.590747247793
200738 1.0 0.876804889292
39994 1.0 0.666819430163
74472 1.0 0.678873233342
295214 1.0 0.7465291799
391448 1.0 0.61958990907
259389 1.0 0.988991212701
273555 1.0 0.756863547784
231628 1.0 0.93796441541
210529 1.0 0.89098422885
4796 1.0 0.718126192487
14900 1.0 0.535040760266
62107 1.0 0.925513517534
252 1.0 0.748131662262
277225 1.0 0.793290734956
16325 1.0 0.728521994014
378857 1.0 0.972223508275
269424 1.0 0.664763733262
172850 1.0 0.759913384305
141089 1.0 0.811458633391
291814 1.0 0.981399044652
133669 1.0 0.594333478256
28349 1.0 0.849687539922
212187 1.0 0.669168002981
283694 1.0 0.932991744786
386137 1.0 0.54949123407
156195 1.0 0.661555253436
329080 1.0 0.595388897667
336392 1.0 0.96701178929
335358 1.0 0.50957769417
30928 1.0 0.537133297797
248196 1.0 0.941314038379
145810 1.0 0.853981180357
357933 1.0 0.751969389215
166864 1.0 0.907583960197
270059 1.0 0.653833360404
324717 1.0 0.743582281709
192946 1.0 0.95783114625
329429 1.0 0.554559621474
221854 1.0 0.589952230328
148861 1.0 0.903765587443
177329 1.0 0.577996600399
264960 1.0 0.689003603444
239979 1.0 0.960560166829
237468 1.0 0.835366821321
112 1.0 0.73962555401
378217 1.0 0.898075051507
237437 1.0 0.764002732036
389508 1.0 0.54544943161
355387 1.0 0.753595655637
225997 1.0 0.936531996708
260331 1.0 0.710832479186
257163 1.0 0.648236655213
155947 1.0 0.613812458523
27432 1.0 0.833356770928
84458 1.0 0.617146827986
11033 1.0 0.629430373325
130986 1.0 0.668999026254
196658 1.0 0.927266938475
160068 1.0 0.722653318634
367908 1.0 0.681061493762
52457 1.0 0.897711033477
211087 1.0 0.805687487584
110465 1.0 0.988085238844
362214 1.0 0.851121196908
370763 1.0 0.730208415601
354560 1.0 0.538072554042
153460 1.0 0.570650839626
295548 1.0 0.585254120041
350223 1.0 0.72609629024
328071 1.0 0.700014689777
387348 1.0 0.778249544739
173462 1.0 0.808794788471
352068 1.0 0.652851396746
120758 1.0 0.726939771743
209438 1.0 0.850937002752
43788 1.0 0.666386306923
178515 1.0 0.54269363008
76434 1.0 0.692165379841
260532 1.0 0.912487998311
227098 1.0 0.590799598602
360723 1.0 0.947161706507
333954 1.0 0.796605478285
98767 1.0 0.701818131945
16228 1.0 0.626605282714
257707 1.0 0.718299178649
303635 1.0 0.857050060847
230778 1.0 0.765173132734
63616 1.0 0.627971314445
311486 1.0 0.503873043043
266976 1.0 0.909473174607
340346 1.0 0.695171357437
169560 1.0 0.637278750936
334303 1.0 0.882238684008
320035 1.0 0.949009767483
325269 1.0 0.652458719921
117920 1.0 0.694795881424
326540 1.0 0.698147760191
156874 1.0 0.85864166284
144667 1.0 0.882504272871
34633 1.0 0.5581236757
52550 1.0 0.72889036588
18274 1.0 0.51057723783
243050 1.0 0.598479898814
112201 1.0 0.584281973091
190873 1.0 0.809948835484
333165 1.0 0.806333500694
317284 1.0 0.605369279863
319963 1.0 0.623332199354
225817 1.0 0.50565329078
13509 1.0 0.932395511247
332498 1.0 0.875061416867
115395 1.0 0.986181271642
110821 1.0 0.73529937592
262197 1.0 0.855720758722
390354 1.0 0.794668353104
107241 1.0 0.982668840868
258046 1.0 0.674405555223
376993 1.0 0.795537630837
217676 1.0 0.781680102554
163224 1.0 0.805547559258
288596 1.0 0.82130147297
318502 1.0 0.86437877525
52219 1.0 0.85101228577
342400 1.0 0.669702370615
362379 1.0 0.70548598023
381442 1.0 0.938292814703
314633 1.0 0.925560058731
91869 1.0 0.706344287013
155127 1.0 0.516608423524
201707 1.0 0.693471666068
212696 1.0 0.62145365011
301582 1.0 0.822222797315
4227 1.0 0.590116885295
167009 1.0 0.823380020511
19298 1.0 0.847374087279
343374 1.0 0.534399287452
51844 1.0 0.978766177897
157992 1.0 0.703194022478
91044 1.0 0.804039718651
67714 1.0 0.689359662678
397564 1.0 0.516449841103
102223 1.0 0.772635212871
302476 1.0 0.913725384154
323995 1.0 0.869263758379
92058 1.0 0.931360706665
335026 1.0 0.909220260725
36099 1.0 0.78324852823
97273 1.0 0.618491059833
320209 1.0 0.968326878729
174230 1.0 0.574407511462
131639 1.0 0.905770222021
15528 1.0 0.532684897827
291995 1.0 0.900469220034
105222 1.0 0.884539731459
254507 1.0 0.767528176361
20924 1.0 0.532061449121
58014 1.0 0.797543790994
14243 1.0 0.698391316192
383412 1.0 0.871450557071
321538 1.0 0.718426112371
334511 1.0 0.773048383076
113773 1.0 0.952038804153
317526 1.0 0.844692769428
353362 1.0 0.568632287542
267506 1.0 0.709845224682
298568 1.0 0.849799655802
205040 1.0 0.664469297625
56143 1.0 0.787771799369
385413 1.0 0.856594701146
384075 1.0 0.967996067868
143131 1.0 0.577733446598
355081 1.0 0.58566835447
190077 1.0 0.548628079346
18175 1.0 0.533104335146
29813 1.0 0.520514524215
335100 1.0 0.946237645376
357061 1.0 0.855077959721
44237 1.0 0.862493830383
359869 1.0 0.687159958713
244037 1.0 0.581760825891
226620 1.0 0.848924638345
153724 1.0 0.540427110471
373927 1.0 0.792879227194
117181 1.0 0.835127513994
357463 1.0 0.63228263939
121557 1.0 0.679488428329
328160 1.0 0.643589709408
151019 1.0 0.717473870628
29512 1.0 0.860750247624
346529 1.0 0.585510729299
92152 1.0 0.658215697923
37765 1.0 0.851365038209
179603 1.0 0.521374712266
53678 1.0 0.902409897136
242954 1.0 0.56367094875
288017 1.0 0.804570547522
13721 1.0 0.543608891222
89434 1.0 0.664868285943
309161 1.0 0.755640333613
332612 1.0 0.573414141275
24364 1.0 0.788334679778
190175 1.0 0.890735276054
58064 1.0 0.749335800903
47125 1.0 0.652382998111
32493 1.0 0.622007292211
350084 1.0 0.883069554956
187339 1.0 0.706925037027
204419 1.0 0.953497665413
304480 1.0 0.672528576227
165698 1.0 0.780284427055
281361 1.0 0.649996263509
349941 1.0 0.876681015478
13211 1.0 0.880354786145
291771 1.0 0.895300259006
281709 1.0 0.791183678924
339123 1.0 0.957633550346
42024 1.0 0.866033548638
33348 1.0 0.93775685495
241200 1.0 0.902986364354
40249 1.0 0.982472955605
62606 1.0 0.72634439026
155019 1.0 0.975482649405
236512 1.0 0.514376579293
355251 1.0 0.557262749174
184374 1.0 0.599740637886
26206 1.0 0.875039197603
316976 1.0 0.999797178772
353743 1.0 0.925989138723
362548 1.0 0.511474643629
8403 1.0 0.712733054253
180173 1.0 0.724805566339
180232 1.0 0.608350897919
205864 1.0 0.971512756894
88233 1.0 0.844290098118
310840 1.0 0.804852029815
176457 1.0 0.65683776664
125131 1.0 0.855400793369
249740 1.0 0.500415939177
103387 1.0 0.926090859733
393091 1.0 0.959061601295
30920 1.0 0.522142681325
22188 1.0 0.560547479554
197128 1.0 0.889961471853
138460 1.0 0.786502937394
323758 1.0 0.666289424483
389059 1.0 0.812900533454
242578 1.0 0.545532496591
54655 1.0 0.875645536317
257029 1.0 0.64756284529
243999 1.0 0.706814918614
243401 1.0 0.743676967151
394659 1.0 0.876745589341
293358 1.0 0.566533845537
134945 1.0 0.59352618816
273166 1.0 0.986976019934
254624 1.0 0.526615713534
161703 1.0 0.961124943699
374114 1.0 0.590097239302
200121 1.0 0.730730691081
123837 1.0 0.827971663839
220627 1.0 0.968067442391
216378 1.0 0.548789031391
44740 1.0 0.989469798444
66110 1.0 0.937300023451
180210 1.0 0.76448868832
319090 1.0 0.767948972411
282105 1.0 0.687728501551
322301 1.0 0.740929716495
176459 1.0 0.721633029245
185422 1.0 0.653910759455
156068 1.0 0.868280936362
175965 1.0 0.58018833401
16855 1.0 0.924546973749
99305 1.0 0.500512140367
240731 1.0 0.802622985322
150227 1.0 0.529910114471
90573 1.0 0.701579370695
330695 1.0 0.784308012313
75090 1.0 0.515857148068
357526 1.0 0.808210534456
36612 1.0 0.675675604696
331520 1.0 0.786848834801
46268 1.0 0.897147208998
307200 1.0 0.987337967725
6011 1.0 0.834284656725
393844 1.0 0.693621103163
161855 1.0 0.917007603952
258969 1.0 0.747015484567
12431 1.0 0.927958541772
188139 1.0 0.659190356615
227404 1.0 0.536115269633
74258 1.0 0.707006237765
44915 1.0 0.994145785556
62745 1.0 0.576647489987
150390 1.0 0.805840868519
283603 1.0 0.584892461209
110943 1.0 0.826978492038
122182 1.0 0.709280663815
284133 1.0 0.720641491846
396415 1.0 0.754115976393
8750 1.0 0.598915396115
67013 1.0 0.961360318944
269715 1.0 0.916150221116
301384 1.0 0.636090170202
66702 1.0 0.734255751009
113629 1.0 0.949086064461
389931 1.0 0.76939883069
167563 1.0 0.740881538802
166970 1.0 0.867497791044
165249 1.0 0.561164744231
13322 1.0 0.510892262781
91734 1.0 0.939197419746
390008 1.0 0.521053012406
389861 1.0 0.866243822352
307116 1.0 0.975768587882
340220 1.0 0.923757159178
14987 1.0 0.859909027311
14220 1.0 0.734577786179
357886 1.0 0.918679958103
396679 1.0 0.719728798551
202339 1.0 0.702825280407
201089 1.0 0.588361434856
264771 1.0 0.732655904151
195141 1.0 0.620036792124
294813 1.0 0.689547842916
154934 1.0 0.666536549742
164271 1.0 0.777290549732
198093 1.0 0.684827889185
352947 1.0 0.687053390023
344624 1.0 0.727517068828
46541 1.0 0.716137325543
17844 1.0 0.942639384956
142851 1.0 0.696882254317
85008 1.0 0.854448911666
139876 1.0 0.695516453245
140656 1.0 0.681044465417
397648 1.0 0.711417112029
282905 1.0 0.752601781294
266537 1.0 0.897296687881
219794 1.0 0.818140836248
391271 1.0 0.752249706233
218617 1.0 0.565631422162
389857 1.0 0.596188694334
323551 1.0 0.820181500698
253346 1.0 0.66161589133
219696 1.0 0.919756126029
112955 1.0 0.989458865902
69996 1.0 0.902825236879
314318 1.0 0.904365747689
300931 1.0 0.578554076178
177684 1.0 0.927070645458
233714 1.0 0.863865206662
94929 1.0 0.730707036687
54439 1.0 0.656240820041
292371 1.0 0.643726869994
270242 1.0 0.593228067248
280454 1.0 0.531917568713
133856 1.0 0.639587561693
162770 1.0 0.717877132514
228348 1.0 0.848555013955
365745 1.0 0.954380985625
239614 1.0 0.663795495816
370621 1.0 0.877294054403
304246 1.0 0.862476046324
14888 1.0 0.829445347271
351868 1.0 0.702316307772
144397 1.0 0.608531023464
58065 1.0 0.764042602928
172204 1.0 0.579441819253
305447 1.0 0.955413836042
140296 1.0 0.520693934037
224070 1.0 0.854506701759
98368 1.0 0.908574596235
142382 1.0 0.798292434352
92681 1.0 0.868184015152
127338 1.0 0.501873887151
68059 1.0 0.691708228769
320639 1.0 0.891105285291
360410 1.0 0.593541991313
132256 1.0 0.842909684693
46719 1.0 0.949442046919
51091 1.0 0.661491188017
25755 1.0 0.620470109363
284791 1.0 0.538029955614
20836 1.0 0.699581503457
317316 1.0 0.747383992395
65419 1.0 0.953714834484
135995 1.0 0.796856961529
253319 1.0 0.596007820259
37481 1.0 0.539739805471
306327 1.0 0.734673035658
333015 1.0 0.963242043291
327351 1.0 0.579120896106
376357 1.0 0.753208239156
53501 1.0 0.524726321701
236749 1.0 0.745848722146
34412 1.0 0.578136554664
287607 1.0 0.650949502579
316636 1.0 0.887183801323
53194 1.0 0.782233365562
109882 1.0 0.773282176228
103858 1.0 0.896424613188
154538 1.0 0.528832404099
174719 1.0 0.796737167451
265695 1.0 0.839820108176
226723 1.0 0.855461551553
167741 1.0 0.800202374766
328881 1.0 0.852661135986
278868 1.0 0.623395659437
19269 1.0 0.641539035448
20022 1.0 0.903925897531
306341 1.0 0.60048558362
81852 1.0 0.645756416494
248109 1.0 0.999385875671
130049 1.0 0.584974761799
196422 1.0 0.50066531072
317573 1.0 0.525408805592
1773 1.0 0.638354283047
121929 1.0 0.504381659676
348773 1.0 0.765747083301
259838 1.0 0.89190026448
347042 1.0 0.832269552593
135487 1.0 0.930837846281
340049 1.0 0.904524980778
73971 1.0 0.524191325305
21377 1.0 0.741241618171
330634 1.0 0.927862783425
329550 1.0 0.627930262469
82718 1.0 0.755017366727
188538 1.0 0.781939670047
260850 1.0 0.783800765403
283894 1.0 0.623825769772
398197 1.0 0.716709259584
210417 1.0 0.989410131917
233854 1.0 0.724433931664
59199 1.0 0.548562178296
254902 1.0 0.826497524903
273466 1.0 0.636395421986
96921 1.0 0.955923408695
282147 1.0 0.668580702249
61402 1.0 0.770565026225
19100 1.0 0.85538713422
141026 1.0 0.558177291746
90762 1.0 0.559610476676
293449 1.0 0.822493122632
128683 1.0 0.923580573417
57031 1.0 0.52135366597
120862 1.0 0.863730150692
104472 1.0 0.966676482116
286800 1.0 0.507574486333
133635 1.0 0.618764481892
376578 1.0 0.60879662088
269192 1.0 0.634132596227
21235 1.0 0.623409040701
2391 1.0 0.539589856267
305452 1.0 0.522065185201
85573 1.0 0.968933550666
313397 1.0 0.819278570688
63493 1.0 0.935547676675
81441 1.0 0.919143312665
123360 1.0 0.819980625458
170579 1.0 0.610056956557
331976 1.0 0.62917784663
287073 1.0 0.519468466765
262124 1.0 0.909989752354
76107 1.0 0.585928356418
257484 1.0 0.782641776041
237940 1.0 0.517379462057
140287 1.0 0.705368441944
335060 1.0 0.884472740579
31845 1.0 0.66437156831
12032 1.0 0.719307093177
238704 1.0 0.733047293393
359340 1.0 0.593978343092
263130 1.0 0.994732002871
53288 1.0 0.879062122798
289132 1.0 0.894436778538
68823 1.0 0.640292327194
140688 1.0 0.750441053125
365075 1.0 0.615062644803
279021 1.0 0.838129654572
21848 1.0 0.537233361761
364242 1.0 0.548416455867
238326 1.0 0.543486355034
90813 1.0 0.681341357705
268078 1.0 0.855059513984
178541 1.0 0.95453088398
306145 1.0 0.637536108866
302225 1.0 0.612220254439
114656 1.0 0.810899710883
30009 1.0 0.786910041701
241562 1.0 0.768425367102
268332 1.0 0.921626969054
330669 1.0 0.978735384336
239013 1.0 0.752261042081
126302 1.0 0.556717946794
1889 1.0 0.751959264863
191605 1.0 0.527690162919
155944 1.0 0.822092444153
365620 1.0 0.843674281356
175267 1.0 0.868075904626
286786 1.0 0.980753394158
69062 1.0 0.887538333441
306297 1.0 0.847808171473
231815 1.0 0.833554567631
258919 1.0 0.794064747909
338278 1.0 0.675837358847
137511 1.0 0.5659459029
240215 1.0 0.588432365291
237949 1.0 0.522617978099
331521 1.0 0.777249076894
365791 1.0 0.863572095477
346482 1.0 0.579797452442
161785 1.0 0.98617376327
384882 1.0 0.829398754747
229160 1.0 0.599561586522
14955 1.0 0.607018404343
386587 1.0 0.573085192418
122430 1.0 0.878739836234
122784 1.0 0.511435980257
228545 1.0 0.945430081293
316537 1.0 0.94661351265
198208 1.0 0.73300528399
188147 1.0 0.994752936149
220022 1.0 0.656419996472
167688 1.0 0.630592773486
214413 1.0 0.958711499135
19338 1.0 0.815876524047
47827 1.0 0.578399231235
58729 1.0 0.948855400464
367561 1.0 0.910419077408
258676 1.0 0.820866470839
80595 1.0 0.535749213502
260788 1.0 0.642241448869
213688 1.0 0.54565860765
357067 1.0 0.862295659227
276696 1.0 0.968995704662
221898 1.0 0.608228984499
52457 1.0 0.820318218296
3201 1.0 0.635806665897
352741 1.0 0.517863474602
125259 1.0 0.585322391338
335836 1.0 0.723288784561
70217 1.0 0.566424610823
290236 1.0 0.878663277157
190030 1.0 0.572451600349
390647 1.0 0.739327923946
212978 1.0 0.54746578838
137720 1.0 0.525276056919
159021 1.0 0.589069774637
311489 1.0 0.790267672494
360012 1.0 0.718896723994
171782 1.0 0.825829649759
83549 1.0 0.746024739426
166083 1.0 0.73187838685
155043 1.0 0.816210646252
34600 1.0 0.970486956943
396064 1.0 0.559141499411
2803 1.0 0.916449096018
17193 1.0 0.959890714312
287825 1.0 0.801653193468
154037 1.0 0.669743068565
202477 1.0 0.526207212658
142586 1.0 0.530376803586
86041 1.0 0.728643999634
89154 1.0 0.751404216633
54998 1.0 0.858830433528
31407 1.0 0.906650736346
148842 1.0 0.761850091817
98441 1.0 0.540060910219
180147 1.0 0.829054870905
380397 1.0 0.804235663788
192101 1.0 0.770092384884
305773 1.0 0.878548570077
203958 1.0 0.786772197507
222875 1.0 0.808783291984
350017 1.0 0.945950026875
18596 1.0 0.785290823369
24047 1.0 0.977098514169
65553 1.0 0.938418049763
1121 1.0 0.940066282755
140789 1.0 0.624383077695
68736 1.0 0.849723052176
347889 1.0 0.863774169426
133518 1.0 0.54224650847
104709 1.0 0.53616743056
169844 1.0 0.883602712656
32259 1.0 0.758965555586
190321 1.0 0.654901325311
227866 1.0 0.750406807385
35115 1.0 0.769232304648
246392 1.0 0.758303898431
206597 1.0 0.947895424215
155208 1.0 0.714810853995
317447 1.0 0.996760753401
296333 1.0 0.558764424694
394231 1.0 0.538907067678
306210 1.0 0.553344564559
179323 1.0 0.770590215258
371747 1.0 0.639444049641
148030 1.0 0.777212914052
208907 1.0 0.550790822131
154177 1.0 0.738279618213
155839 1.0 0.57919882189
87201 1.0 0.61360840753
291564 1.0 0.720835111251
243944 1.0 0.86452887773
266169 1.0 0.771630564009
354642 1.0 0.908663969633
372160 1.0 0.78459600929
374899 1.0 0.782565987539
387495 1.0 0.711008159612
14127 1.0 0.711373607435
25005 1.0 0.57044391822
180536 1.0 0.783098978109
277347 1.0 0.654255010164
66551 1.0 0.555502553973
229287 1.0 0.976463996621
272161 1.0 0.660939926857
364651 1.0 0.694520361272
198798 1.0 0.940068194579
104636 1.0 0.790596923848
118640 1.0 0.813598100835
390279 1.0 0.796666107958
288257 1.0 0.515738797971
284799 1.0 0.862536292695
320216 1.0 0.643543935369
80958 1.0 0.770949669261
300720 1.0 0.503753196593
366622 1.0 0.721043981125
346766 1.0 0.604891150562
56783 1.0 0.570163596941
217620 1.0 0.93527771224
247022 1.0 0.85525380828
124130 1.0 0.797334442561
117305 1.0 0.893549889499
243571 1.0 0.761877537235
175347 1.0 0.790314303024
248558 1.0 0.580296661806
354000 1.0 0.548508770735
4550 1.0 0.86213032307
92566 1.0 0.574788874752
352459 1.0 0.854356920408
164964 1.0 0.69544566538
124868 1.0 0.866202425048
24035 1.0 0.937057933871
112655 1.0 0.748387275088
206789 1.0 0.741062907972
255951 1.0 0.536773974182
33483 1.0 0.890826222649
206617 1.0 0.991790536024
334911 1.0 0.942259981519
183196 1.0 0.971013522616
89775 1.0 0.666021542908
160414 1.0 0.875048873081
120228 1.0 0.827160002244
265025 1.0 0.637145307259
51908 1.0 0.63006321908
84889 1.0 0.677403288058
354336 1.0 0.854905665058
348679 1.0 0.549729629941
182880 1.0 0.637152538903
120775 1.0 0.911345411807
16116 1.0 0.717022269062
386389 1.0 0.907641336752
12017 1.0 0.958916481692
302910 1.0 0.820615667379
243292 1.0 0.799440328217
78228 1.0 0.892046041716
211914 1.0 0.583084685875
39370 1.0 0.652200115149
178406 1.0 0.602535697884
99207 1.0 0.859352687965
54170 1.0 0.854231444959
114117 1.0 0.655213031681
376694 1.0 0.589892525722
368783 1.0 0.529671409117
308355 1.0 0.850973203416
328733 1.0 0.796998829039
286862 1.0 0.937500358881
205925 1.0 0.675218229362
223929 1.0 0.641358130927
54659 1.0 0.686406446275
155591 1.0 0.78624105264
375218 1.0 0.748862624838
351903 1.0 0.840047852021
90698 1.0 0.925012560497
97801 1.0 0.778490176094
89605 1.0 0.88269548582
58667 1.0 0.565241467146
47379 1.0 0.649501565362
201008 1.0 0.500194371664
30817 1.0 0.508258118199
266001 1.0 0.687049400609
174323 1.0 0.797877765751
250434 1.0 0.601064956964
204801 1.0 0.82009555536
307395 1.0 0.987673339259
219345 1.0 0.956549962739
102898 1.0 0.841840490973
60161 1.0 0.971293654469
273208 1.0 0.501469521094
337058 1.0 0.64288762954
373340 1.0 0.581194859735
14257 1.0 0.57418755077
126310 1.0 0.647406873572
228347 1.0 0.938994063688
5206 1.0 0.936461428604
261461 1.0 0.905897225823
200438 1.0 0.675587031157
201798 1.0 0.67514211952
385942 1.0 0.932979935926
217950 1.0 0.806760460158
204848 1.0 0.784248430423
199517 1.0 0.848532035132
309435 1.0 0.766942019697
23628 1.0 0.672177396634
127874 1.0 0.63467452138
156870 1.0 0.782912262431
15425 1.0 0.782605553779
92568 1.0 0.536780575154
154129 1.0 0.608135238331
62390 1.0 0.676648337161
69280 1.0 0.693508834263
358346 1.0 0.927718728784
114368 1.0 0.876193589912
175601 1.0 0.961000268597
60267 1.0 0.791427529363
219733 1.0 0.876088351251
215107 1.0 0.682472352363
69602 1.0 0.58174568729
154552 1.0 0.792173086572
239817 1.0 0.698507497624
316940 1.0 0.739444132119
73578 1.0 0.515004249349
31659 1.0 0.614029192389
1086 1.0 0.524598682541
20530 1.0 0.938080860349
63870 1.0 0.593752299498
182137 1.0 0.993009449757
175262 1.0 0.835932021085
144897 1.0 0.797948451981
300946 1.0 0.878391266498
346924 1.0 0.747364960442
357206 1.0 0.678175435155
289995 1.0 0.629834744678
384552 1.0 0.568849301657
225776 1.0 0.960100785987
166796 1.0 0.994576141104
316614 1.0 0.818680408725
325282 1.0 0.834530278393
277416 1.0 0.884055370743
373531 1.0 0.817010205459
23097 1.0 0.946566021318
315831 1.0 0.511336184827
311102 1.0 0.996131705849
102130 1.0 0.649278284924
195311 1.0 0.712922779563
4518 1.0 0.543259680952
54179 1.0 0.762850274091
304273 1.0 0.841051495204
328276 1.0 0.798952422455
338808 1.0 0.861223834292
302171 1.0 0.949950333218
222938 1.0 0.784724225386
4170 1.0 0.986047244058
297701 1.0 0.728931529025
279660 1.0 0.558009871703
46547 1.0 0.529106609633
252358 1.0 0.82839839798
333004 1.0 0.732586554117
124326 1.0 0.668474000828
94063 1.0 0.528815490618
347503 1.0 0.669753040898
398369 1.0 0.716960502037
166518 1.0 0.580630567571
31250 1.0 0.820160244576
394826 1.0 0.97818047632
187843 1.0 0.749452801944
17217 1.0 0.77199330081
129607 1.0 0.626164488317
267378 1.0 0.570057516771
221444 1.0 0.929836746328
233262 1.0 0.730205979775
279749 1.0 0.602892356508
373439 1.0 0.511681625122
375813 1.0 0.65408814313
69881 1.0 0.974844106431
130650 1.0 0.914079461515
13463 1.0 0.586686856029
73257 1.0 0.775048387612
363225 1.0 0.667436875079
222830 1.0 0.81570557161
374429 1.0 0.579076652478
181822 1.0 0.874871617389
287449 1.0 0.634418475555
186692 1.0 0.893522151673
122054 1.0 0.970828221716
124432 1.0 0.643701198917
48862 1.0 0.561207503136
100306 1.0 0.971337979424
181091 1.0 0.839797152518
55888 1.0 0.758373798294
383085 1.0 0.830947361976
310053 1.0 0.551560527641
88716 1.0 0.800558133642
70934 1.0 0.509895787339
134582 1.0 0.623956980977
131980 1.0 0.634693037479
370628 1.0 0.801200351633
200555 1.0 0.694982387401
8077 1.0 0.730833768152
8608 1.0 0.697231716115
143973 1.0 0.800249467435
73109 1.0 0.884101068399
394582 1.0 0.839494803997
14614 1.0 0.735822424555
363364 1.0 0.770919475205
7738 1.0 0.504417803522
283955 1.0 0.537522209758
3222 1.0 0.836522384068
355049 1.0 0.788265572328
373634 1.0 0.74821770515
121274 1.0 0.558166716413
282571 1.0 0.564912974444
169565 1.0 0.809772153501
348763 1.0 0.534569490006
240229 1.0 0.966075513072
255747 1.0 0.830350781468
81973 1.0 0.981015602224
145945 1.0 0.586079344945
286870 1.0 0.6564465234
123394 1.0 0.535025688648
95861 1.0 0.765217822054
384115 1.0 0.719931235558
81073 1.0 0.991439432107
246955 1.0 0.975879918189
216510 1.0 0.775480978961
57099 1.0 0.599899977772
132465 1.0 0.737097934393
44334 1.0 0.633744872272
336292 1.0 0.897646614331
306135 1.0 0.894890847327
216174 1.0 0.607687875966
189963 1.0 0.835105667732
135270 1.0 0.636199630117
349554 1.0 0.81043092889
97348 1.0 0.930591345146
286079 1.0 0.665926743958
243884 1.0 0.67915383298
237401 1.0 0.61202301111
58458 1.0 0.604452171661
23801 1.0 0.917416943771
150200 1.0 0.531333770689
160798 1.0 0.749738459833
12236 1.0 0.966363638315
49956 1.0 0.504911268001
225800 1.0 0.859380295528
227565 1.0 0.9640262444
87673 1.0 0.999273649147
