347948 221272 0.691490048552
167824 73179 0.672071089403
413750 403113 0.668246412103
166421 30856 0.66099930224
145881 237410 0.62250520868
385545 129704 0.67165411656
211737 133875 0.625413884557
188252 412355 0.688001818641
255147 214327 0.618789271797
158798 57527 0.698615806826
138495 102943 0.621427359322
125091 265972 0.669146851618
324911 302534 0.673812581087
385789 352216 0.660143244186
104245 66862 0.659775285844
247060 394821 0.69601006503
206297 157112 0.652588795377
227937 370239 0.634062329217
50721 331375 0.681957726914
202148 74719 0.669903837787
154193 59087 0.646505770488
184788 416619 0.603122337882
36981 68294 0.68335974403
190 403091 0.627830979784
251525 36646 0.649345786769
390187 176491 0.621713347345
282715 206026 0.622413217808
152585 398830 0.605871653573
68924 325859 0.690397952312
358773 87610 0.630928929305
220149 362450 0.673504875254
72298 336676 0.652450635657
373024 143921 0.682844819239
250894 266083 0.667696866602
431389 11596 0.680537073651
158739 22917 0.600917363759
134819 185797 0.618285209793
359904 19075 0.692455540937
253665 287549 0.662284539908
409616 115206 0.678363668499
75862 169614 0.63812959153
10593 149383 0.640202905043
88939 16953 0.670981337304
255506 121169 0.676060428404
204687 273205 0.618754517818
226354 413818 0.699370948023
53758 408621 0.649518800439
72773 20704 0.657129022495
141239 188036 0.676237900115
220824 154966 0.605245144782
158716 414101 0.684165435208
102740 252967 0.652503481179
176027 97024 0.667382712535
78739 196663 0.61982802093
344218 149077 0.621653193393
283477 429138 0.668137475387
401237 408004 0.68986394772
272603 1181 0.647690996798
73924 271574 0.648115218726
287885 263986 0.602505455978
106150 288149 0.644924156577
38786 250927 0.652707868229
428286 163887 0.671800038568
88550 18684 0.637919777319
265152 386684 0.643732930358
106844 399636 0.682602002006
213379 128018 0.621739874655
335026 155036 0.65461596273
283032 211650 0.638964007051
103954 156394 0.611072062569
23642 255047 0.675879467717
345660 211277 0.697621364321
418891 145086 0.667794154119
69379 208596 0.64776462944
317390 70266 0.631655488088
63831 155710 0.677012614488
71240 360685 0.641477792188
263376 120091 0.608108451675
141984 230898 0.65752424625
154294 104126 0.658645889208
327664 153459 0.651448144786
272792 27547 0.678840464581
296064 393210 0.64267619211
191791 142386 0.617686066894
133849 30952 0.691036549025
188532 55296 0.681506642255
105160 368061 0.650457652989
362973 213050 0.609454332252
202652 309244 0.626646606036
368008 87783 0.672024368912
128804 60009 0.661799838227
271609 329880 0.600887299211
27328 262591 0.61157306414
275023 365110 0.643395346901
129025 295202 0.648687796762
346991 413780 0.633635398221
66972 77755 0.669220698714
245062 319575 0.652580715
125085 361848 0.666154038014
69903 219177 0.660474169369
132666 334841 0.688679957494
282662 364402 0.643979887096
132834 341301 0.667678028704
371548 45251 0.621340024854
51476 400709 0.659054567809
188184 402215 0.658281384215
365335 282949 0.668063949346
49802 132228 0.684915613609
284152 274033 0.668380472917
365118 79803 0.669884553341
109410 425725 0.608031144694
227586 282308 0.689304799877
376382 318197 0.605060597732
60409 188364 0.653115933518
167563 36184 0.681332418323
73110 426541 0.608935599626
401244 55410 0.627746414261
412102 147315 0.688271845701
133839 224157 0.617162751964
39666 237334 0.69305881293
101786 154123 0.615687812366
381958 77752 0.675164665225
210748 165054 0.630673105112
123161 264649 0.639489565677
296353 325550 0.664641191363
185786 181826 0.601457354668
13138 282433 0.659515273325
190693 322025 0.677486769011
22854 271394 0.661869071647
216865 186649 0.615493232138
27128 262444 0.692417933919
313657 248848 0.656607928653
390314 388374 0.671161793231
260231 20166 0.601696130213
364091 221071 0.662402564556
164412 270671 0.606517939819
104772 165701 0.672759422138
160834 69435 0.60239544219
221845 269909 0.630835443731
122253 90886 0.653624560706
216242 252981 0.69432986693
134812 411767 0.632531924101
340846 14892 0.600935236296
256326 30528 0.655535650504
88822 35197 0.671092950256
185352 353793 0.675992895022
142929 54193 0.687600559958
231144 260218 0.618436985831
322641 95680 0.629191706669
37416 371696 0.634255911312
395763 239849 0.632529660992
405400 51774 0.618617008227
150628 51514 0.622846281088
411629 273427 0.685964787103
273385 153325 0.627108030851
20613 151518 0.630871163549
109966 75440 0.690354238236
284401 261293 0.670804818642
290797 323005 0.693873505301
274228 154452 0.663263614677
37662 431506 0.6085714915
73150 265420 0.66607845395
94745 128396 0.663256044478
151909 276189 0.651410884603
104511 128253 0.601460274346
256167 113724 0.655009376441
149027 212887 0.690329135841
216654 424395 0.620447608123
162117 272322 0.634803713274
266030 401192 0.659143039662
366701 33946 0.656799662516
403081 60402 0.695645339738
56745 342321 0.676772023358
74162 67831 0.682643491763
250652 58013 0.634424541941
170495 115418 0.603678046081
361234 335090 0.652286832267
406191 64555 0.678278729866
60434 398961 0.613832306029
420292 152746 0.68829495983
163937 13465 0.691723417745
301708 373578 0.643351960188
377427 291919 0.688073908598
67235 154525 0.611743553424
228941 160321 0.675103540911
54338 184881 0.611443668323
164053 51777 0.63465978171
393651 192310 0.661447175884
274824 372100 0.689694184075
277072 167459 0.654021570295
184238 237692 0.616532073924
410697 142790 0.642050657235
130341 34548 0.611900098819
9671 406290 0.629832176942
16733 137498 0.619961202686
348718 36433 0.635320492099
385181 273527 0.619496617727
25518 373059 0.665852873997
80983 171111 0.663013049631
182161 164033 0.677879025626
399464 170380 0.660559058123
233661 37300 0.630082579212
373246 198267 0.64057319472
90024 278668 0.699671684225
103223 344562 0.671929992875
131786 9319 0.618255442511
424398 328904 0.634356592341
415797 410466 0.604303736271
281736 135983 0.652617054252
276998 387329 0.632715939097
341338 185947 0.604825748649
236739 409988 0.600321000852
407528 228216 0.691575045473
362939 276882 0.640050083791
151337 271259 0.606934285129
317831 297396 0.63229800287
220024 138601 0.608961646648
23447 341467 0.679773659128
382695 311355 0.615211610793
121297 270354 0.676682776027
128299 27918 0.68471536635
341136 8473 0.643514692557
105985 69158 0.647124826522
151632 228523 0.695328071399
7835 327883 0.690115403548
413048 417786 0.69413081047
368705 28862 0.629419098463
104079 128012 0.654123540423
288194 29204 0.694804287007
430397 251984 0.604234046473
411478 235136 0.610609829426
71741 149404 0.630067226592
168437 227387 0.697833194756
69286 131177 0.667518515868
24890 184290 0.6342082699
332488 181948 0.610014478173
122776 283119 0.69372129635
24068 414858 0.674310664137
261164 249911 0.683209689538
404671 6841 0.658652033275
282779 6717 0.629124570655
129695 374883 0.634623939357
279387 84665 0.636272130026
140228 349188 0.65654550074
145282 13992 0.603090762128
371431 125335 0.611602405713
86288 365335 0.667542926779
140317 100130 0.601742255537
340130 282319 0.694237245079
153678 106106 0.628478751888
88446 85760 0.600502366362
416506 160781 0.692570558121
327843 215725 0.69806358819
392542 406324 0.672702489476
103467 417361 0.69206524027
109942 128527 0.654671382818
382285 172437 0.672619663725
412756 33778 0.627231213357
128483 307911 0.679581988652
139616 58026 0.654841981109
3803 251813 0.672862173189
252661 214767 0.648784281177
413056 119485 0.602213376021
366553 69974 0.693825133754
365969 138582 0.628674316071
347751 364767 0.605923632753
165519 164160 0.625377616779
433558 418413 0.610335472811
303184 43993 0.638862724684
157265 8671 0.673783686614
405206 391920 0.611153337053
129369 173191 0.617262582437
217677 159982 0.677370817935
254186 221112 0.677629874531
342610 102821 0.684209477247
353261 302294 0.655524129985
254619 339818 0.651755936845
208220 167163 0.639061121626
344920 53873 0.602454495043
209209 204303 0.697038684067
121670 332524 0.699313234542
221438 253230 0.68214165497
59540 186101 0.672819426839
139763 8724 0.659266206289
340667 75222 0.627494319455
346618 106623 0.644273395535
129823 69341 0.677070874762
1509 169453 0.634616414322
209783 403265 0.688878517171
66759 230709 0.673800150047
181334 330846 0.667659467453
87835 132195 0.67953550984
140055 407460 0.612288626496
104615 264272 0.622013340535
243518 326314 0.653336953608
209087 139735 0.674999555116
140408 334850 0.691575494129
204898 340549 0.638905044557
107472 398926 0.699193574554
70899 212703 0.639849476773
271988 107997 0.681781485005
54941 117720 0.688379930748
265014 329206 0.617616105624
157674 38087 0.690729138096
292583 175893 0.621740494363
103569 328119 0.639091702409
341128 422703 0.670074157975
49541 155342 0.643012207327
410365 36718 0.608576912977
225357 263323 0.665694373196
415077 146885 0.698940689577
396078 339133 0.64861191266
160792 73229 0.662772690954
333059 275687 0.680863771162
364030 274227 0.649783131686
364528 115849 0.670114160972
141279 67519 0.614619950537
130594 55464 0.655036768814
182765 3122 0.612577385092
265452 146967 0.63512357331
270757 157511 0.614083029132
70765 117259 0.673979409414
319448 293753 0.681854146051
10821 149449 0.67695699891
64109 238830 0.629492614626
368691 36570 0.681451524287
125296 361124 0.689775784955
406604 26390 0.651643707286
72151 409592 0.697066012272
401915 422850 0.604797232973
343450 156964 0.681015659246
44279 357536 0.689791308668
406671 281875 0.659839067174
422737 120938 0.601998900229
95049 378055 0.617254124142
159653 278440 0.687904039904
230 115406 0.655219560517
165403 361811 0.612489082354
239518 183483 0.609853002086
38097 139959 0.611648992347
157363 429975 0.671005147715
197032 42578 0.662398436311
24666 184552 0.600007357769
257789 332579 0.632176477347
327854 29080 0.627444219749
102718 141701 0.645447983473
193473 317744 0.65727043103
203529 65569 0.687391699958
80753 370979 0.60300426852
324075 290791 0.633360489221
168060 57433 0.691985116564
343707 131963 0.695110504008
361941 83838 0.687502580795
15139 162747 0.655068133644
180920 127639 0.661805163665
192533 338080 0.686770591996
102160 141512 0.62792584644
365685 117658 0.663857150948
334182 19277 0.617001689719
162219 4474 0.656759484061
225925 414210 0.617061577594
171093 231161 0.636780069451
414320 150591 0.636916443787
391427 193351 0.697598494723
89758 344688 0.646298573607
394676 314127 0.667706912498
257679 123607 0.652795861348
289244 212339 0.610503506837
133709 150309 0.678623748024
155821 229712 0.639110840272
425211 111263 0.607438581811
286789 105588 0.601855917137
261118 136809 0.606058538741
250357 8573 0.672437316445
13159 154752 0.646412925127
418342 155969 0.691732581169
174875 92519 0.69052687952
259521 118076 0.621119041181
237951 182026 0.679199548661
150698 53708 0.675637084248
158523 209289 0.671825786252
282452 225456 0.609654300772
264358 207980 0.621660120974
205009 3947 0.627659811551
399136 254895 0.63758114181
137909 180845 0.683518477815
109190 341031 0.652375568857
99448 414941 0.652986944624
131435 406318 0.663555810698
140007 209957 0.691920564644
213019 341005 0.657182656286
217995 408097 0.647360631364
238304 164715 0.654376551464
342342 100023 0.649869600848
251902 32750 0.681128106432
430287 118803 0.694877448904
204345 4509 0.679878701325
327580 339859 0.696280188819
184583 272134 0.692103999801
289725 267456 0.626145647956
228270 166764 0.663557031396
328328 221726 0.630452390631
425439 1038 0.625678854234
183963 347247 0.614742025571
31164 68793 0.685501283484
158439 90208 0.633260452265
365352 206961 0.651845144764
222310 153856 0.621810384677
300675 394837 0.617387376844
20749 180673 0.605925237469
134535 74876 0.613892103687
18939 405963 0.631269012995
161593 6864 0.666199219029
78925 159141 0.60324784317
226481 283539 0.638222976151
182729 22775 0.692143011954
368114 2509 0.656520633691
34772 207091 0.665291739831
163382 33509 0.607383263527
237738 227934 0.613192680817
139981 370487 0.623571809418
340754 176572 0.693133114744
327117 258272 0.633058168189
152469 87993 0.651470345356
98778 426604 0.673660389715
116272 87464 0.65331727897
303340 91849 0.689827511076
60915 204757 0.681891371883
415477 149513 0.633172544289
408760 12857 0.620813459839
6660 408925 0.629684560178
266483 146295 0.671113879791
105054 252435 0.601769098257
366762 354950 0.680022334082
353584 290237 0.62323844504
289544 33622 0.68298440191
296168 173786 0.613395245442
69082 74487 0.633724314364
25566 262203 0.650338974618
200720 139474 0.616249702515
234656 287775 0.619365295031
377354 298325 0.687578029251
209284 410563 0.63067510475
351279 428639 0.620125910389
16481 401481 0.647315730143
214937 412747 0.646038414635
406126 54583 0.602189440045
182803 219274 0.61999704087
321021 177112 0.683533576232
138130 58042 0.646346142901
153848 82281 0.694971620386
174021 184690 0.688437967926
225145 265997 0.671521310988
156364 49872 0.686286734597
97385 371802 0.628821911626
90671 333999 0.626422987157
434141 72189 0.649736018182
219787 351400 0.661967059094
88672 336920 0.632366640369
272307 140842 0.697960372204
32160 329986 0.608566134305
253878 133911 0.688420890091
38349 267852 0.678752791217
410815 108775 0.634537269959
129932 179687 0.699005541647
157416 238419 0.67389546754
134562 270695 0.661952960189
255784 341186 0.633809147422
64771 283870 0.691169510362
102697 67999 0.68266129204
2137 289220 0.616630214502
54351 144229 0.612293889523
157183 258398 0.655243057247
239800 395870 0.635541206274
128519 208067 0.65988314738
149688 53585 0.679550525968
225359 255305 0.654372600188
13562 158568 0.675938371238
195635 70726 0.695705952991
363542 69532 0.613369572159
93210 354440 0.686150372684
140382 59266 0.640275018203
116437 331016 0.656414687473
402502 141681 0.608166706348
334400 169748 0.652196838199
16803 344354 0.607314248375
144290 54129 0.691408154712
254135 23322 0.627067795832
254443 347335 0.627664375175
330485 431251 0.60163832378
115559 405994 0.641800627099
197172 293537 0.698855112795
65381 128136 0.612217382986
368818 60551 0.641557539317
224175 152790 0.656043584362
428428 148512 0.667037284966
378871 89642 0.63576095579
341905 14997 0.688022325969
345103 197564 0.637685600493
118819 372353 0.605570831576
422758 407715 0.694988664785
115583 272363 0.699386373284
354809 171934 0.604227440732
343045 59264 0.651022559024
40227 19980 0.688816289533
187722 12289 0.624386722522
400594 97466 0.676105749189
192523 378751 0.680463643802
260839 146674 0.660107689424
198037 403933 0.661223407524
372005 343175 0.628302251498
205509 23580 0.671033638767
35541 424887 0.668370014429
412386 183935 0.681639090429
150081 199818 0.619669612248
140142 348387 0.616924792245
179203 191669 0.671403197035
214918 183339 0.698938975642
347082 116198 0.691064848718
137484 364717 0.694974328839
329226 100879 0.662593728773
340242 209456 0.651208914866
69466 79704 0.647566712142
399003 416781 0.628615654079
127361 265078 0.660010595437
382504 377642 0.638427916449
152767 267448 0.652677535208
406197 58392 0.698200834112
92176 393067 0.622807491276
69917 79452 0.646657596716
262431 347104 0.654984456276
77575 68665 0.653549023989
94470 297346 0.637642151543
56208 329851 0.619670413292
159788 427086 0.617585005224
350696 330608 0.606914661731
32056 398565 0.685240910729
35197 187954 0.692450158012
230600 127885 0.698246395295
257456 329687 0.66380166233
171759 9149 0.664513982165
343722 31025 0.609878645593
410440 136593 0.689254008069
399363 386137 0.6557664922
136774 235999 0.662284069786
113297 92670 0.677090241231
3587 153217 0.649111888855
182374 111288 0.661455322734
32501 185030 0.613828702956
123906 420636 0.695505241173
183059 384473 0.648501370201
432027 355967 0.694429885822
149491 429352 0.629108119619
251265 59710 0.629346319888
297046 323273 0.670873160946
341320 26723 0.623625332373
369258 3059 0.601229822022
188139 106687 0.620847177776
352566 68878 0.61033468643
430535 400812 0.694480644847
311450 298180 0.606316805354
289383 211124 0.652354574282
187460 227936 0.666019425756
84696 166311 0.637809741866
27490 165671 0.696774541009
380439 70649 0.653561670483
374463 385325 0.692646218261
409365 15028 0.692011083829
343378 218772 0.629022384857
121146 421168 0.626887852029
231991 346441 0.691160444268
429343 27915 0.631114210718
166707 3139 0.641216048863
39640 130243 0.698082767345
374934 95918 0.672618294731
229934 68250 0.647689454395
370987 117167 0.606770070972
406985 191549 0.649061047198
82505 90907 0.625864453439
69379 142631 0.684957206655
135350 253693 0.677332522814
421429 138122 0.639639476649
150424 168783 0.614553822403
171638 205790 0.666454835698
332366 109481 0.690733458696
137157 57728 0.648170523601
281243 106596 0.600861666231
9539 145630 0.612571929095
158551 90751 0.621607998676
288396 425189 0.656208804495
137852 56436 0.650556753039
238883 226532 0.633024953997
269639 124673 0.671943444972
119193 362318 0.632138103427
250891 184149 0.637496832398
348996 184054 0.612555170467
121055 426487 0.681768923375
408103 25208 0.694532706956
161337 37211 0.606235920899
30338 170203 0.663520940922
141071 360967 0.664751602542
332449 24004 0.619215322297
220523 167848 0.684215699048
430260 212771 0.685790517538
250382 213605 0.622981507191
239409 391209 0.666018380444
320675 173488 0.666644804341
184676 266536 0.689023489406
306146 308689 0.604248029547
122524 257595 0.632031385498
52926 140011 0.605242389187
418623 185732 0.669287216091
129170 204108 0.68836310451
12305 346049 0.609207289801
54423 410575 0.66752760202
273548 403051 0.683062884994
135884 264635 0.628984792312
416102 164674 0.620195043609
185813 125096 0.600517191357
129477 214687 0.681593209177
372397 335567 0.660139182087
168140 210915 0.693121772166
344165 136181 0.689066634668
189611 91685 0.638707009038
34767 54564 0.652929777994
184108 118675 0.613723136034
137765 209893 0.61999201145
362588 35042 0.691746408039
53994 135019 0.617387927676
106468 368046 0.629554560059
404012 13453 0.656799849352
35826 157651 0.609284341542
142561 26310 0.653184163953
153084 197698 0.662343300853
238912 389524 0.632435139104
311324 173650 0.609938135454
201193 50000 0.694430619541
409249 38196 0.678575008307
27266 205357 0.611542708838
360515 159081 0.615864348608
371293 138863 0.656956405995
259063 340325 0.669525693249
183989 134358 0.68026400767
370194 123643 0.615867127294
252167 104446 0.607973838587
143116 216952 0.604468207129
150768 213373 0.629735122974
99205 251833 0.676884788306
104996 238754 0.600933473236
391715 40570 0.698050721634
131069 192600 0.640480367367
207885 405802 0.641118219555
159812 197833 0.647655221422
142812 416243 0.697591883855
73812 170760 0.622682104921
330480 411136 0.679970954891
414973 231227 0.693171880859
330997 256784 0.613824046608
158591 37385 0.629031464587
71119 104386 0.622904084096
167925 14694 0.637720048849
130402 382887 0.68660293188
155909 54099 0.692882788853
367791 111787 0.689677282917
153654 371871 0.642997906269
435432 235546 0.606054328717
218074 144466 0.629770809996
24237 131159 0.695381840382
163443 29685 0.671647402683
425894 161816 0.674600415311
355778 199946 0.618353645945
256511 75044 0.645898112278
50671 144600 0.601837789689
186231 214723 0.637420583338
49404 140770 0.646562830422
348639 407372 0.674462836525
54990 328906 0.682220255224
187459 162137 0.655620838251
204184 253671 0.647080084854
105547 411921 0.627251240284
265999 204499 0.612043839539
69777 221996 0.65855858784
405309 392189 0.676954795801
180070 294561 0.611252884699
413111 220150 0.611333408107
83304 373153 0.671485240524
330756 123012 0.642574943051
285190 431851 0.651545183766
259586 123501 0.680815953245
157256 195742 0.692152338023
137054 422550 0.655244262344
291505 377370 0.639974944019
402659 270484 0.638913828725
79149 276973 0.669390316191
344440 392477 0.661828329301
170570 415285 0.644436449778
368235 17556 0.671907003164
340362 273165 0.682676750211
239231 5071 0.686072895341
214793 327187 0.699004557641
171700 145950 0.636172695554
400084 106244 0.607650368836
2302 425710 0.693567537528
366302 343042 0.608511098249
187975 24210 0.655759994862
146255 34807 0.600180653582
26991 282305 0.688982300218
94912 128114 0.670069848094
61570 328905 0.62133744332
59015 408828 0.619006298429
138254 405896 0.627943446118
159827 20475 0.668931164234
71409 290103 0.625783710734
12989 399735 0.604792890295
3817 363337 0.628996766887
332267 140734 0.654889048397
251081 107211 0.651719533733
259887 12563 0.688986240972
161284 50745 0.646919761416
187071 173279 0.620999661099
272433 332234 0.68521327837
423044 132210 0.66093948173
328670 268673 0.664228085695
27332 251848 0.696052450046
265223 113458 0.671596422925
209267 151580 0.639943633826
234691 288649 0.693866429267
238079 367862 0.694110114964
226525 340671 0.606878634213
119989 166583 0.650974017723
98056 204422 0.62316720098
216 226862 0.690290909239
401662 14976 0.609088397938
224388 187593 0.677468311129
359719 193815 0.607074625266
189255 323145 0.608238106608
140739 104227 0.608861857752
73468 239384 0.63839596856
158533 12961 0.634961511256
251582 421611 0.643719051114
353592 195207 0.622535950112
185789 216052 0.625692899264
181494 159723 0.683481858293
277038 162130 0.611397442214
151383 101274 0.645492478511
82509 390971 0.604808093348
168980 389813 0.695880152253
153662 63423 0.690751521366
226670 270808 0.602189230512
89383 335188 0.652431211961
9887 286793 0.682741596732
160454 336359 0.601218601933
5420 159653 0.653115157959
378414 43271 0.626868147691
333046 407089 0.645302875388
370738 403512 0.602941739881
133815 113521 0.657740873421
259006 207721 0.62718412016
133705 411113 0.662190701592
258321 118275 0.670481851136
68610 365111 0.60915848297
28164 89494 0.618360933154
147862 167642 0.674678739215
327086 111221 0.618130143815
126488 385279 0.644907829119
400144 220752 0.665575298099
418189 282748 0.684017145673
1410 263405 0.697914325494
121749 340569 0.664292550551
217639 280778 0.65639750607
372400 37040 0.602406628354
134941 270361 0.693453934623
161384 336388 0.668509659513
348390 220218 0.667227436343
266950 206359 0.621377956865
328438 120333 0.67757776884
186672 383055 0.660550615244
166931 114699 0.608686364247
89099 159473 0.659081227588
138514 88605 0.683364172497
347125 262721 0.635788890802
150941 422645 0.62442305385
132309 361407 0.689641090143
399720 263616 0.679370920349
356114 86861 0.695183331649
347872 61520 0.698167980277
79458 303502 0.629172903803
152944 359748 0.626907449601
147408 282676 0.684844870408
196354 321691 0.605999792685
118466 90064 0.678730211473
144076 265921 0.634172397847
356213 133453 0.683208987023
391882 353982 0.697774398196
405721 211032 0.620180922839
399519 269648 0.624625783507
132857 163530 0.637472144902
209562 171524 0.640053235213
156557 169901 0.63599624973
126467 184616 0.600624759173
181176 407586 0.60366060532
322990 303653 0.642719304985
135504 326969 0.699383986568
69048 131802 0.64484509336
1281 150738 0.614154031586
71119 192032 0.653884735264
201136 147824 0.618249452893
343600 369033 0.659981253114
371559 278412 0.652680870506
165676 201129 0.693638162666
147969 67446 0.687249892689
277086 47337 0.61746766216
183340 11380 0.606096159357
158107 215446 0.669896088467
250233 268236 0.638173242756
88012 160494 0.638758449462
23843 157840 0.627194337388
106049 158779 0.630040847757
199786 147681 0.686564467264
205405 34016 0.641971111363
104053 143161 0.640020828754
295536 195583 0.630343563266
261616 118141 0.690749657888
184428 26425 0.671221883685
68476 197573 0.604275863847
149469 169878 0.628071380236
67097 354404 0.642519183558
166510 29540 0.605781161416
354000 295500 0.643750802071
328185 264725 0.692298756977
283070 217858 0.685828627926
282553 422438 0.6594094581
181 214216 0.649910398208
256965 340098 0.601042321832
363913 84828 0.642618963943
221242 128345 0.654307529487
211588 412878 0.630146157048
208537 185727 0.654705051085
280709 156199 0.693199496146
60256 269197 0.669624672591
211439 251250 0.622189476812
206033 128324 0.606280161486
71739 152884 0.614077856551
399293 36751 0.612341887101
108146 370320 0.656566020274
415198 143804 0.686271872488
133659 231080 0.684397028054
172998 318726 0.630332400122
121877 410456 0.67133861321
30645 273115 0.658997566872
204738 31535 0.621172786222
283544 158677 0.633281378289
195580 68748 0.629714161195
203975 309137 0.623327549196
401762 7397 0.627200130351
63358 159447 0.650018470174
105747 273962 0.681301088376
366377 349258 0.643432757978
157915 109579 0.671839854382
250746 230891 0.616145668982
210038 369783 0.64742758894
192610 353881 0.648672019113
403128 272369 0.614570663147
219317 365631 0.699322251456
155648 7263 0.613265708984
346359 20049 0.688804431521
331057 282193 0.68224080667
363397 388669 0.650994881215
421697 229537 0.679842649583
402005 31072 0.628376512174
119740 166153 0.685477414343
140743 74197 0.69142737521
169592 146010 0.653270125363
70018 139404 0.630954672447
9226 368889 0.644456958716
342126 21546 0.624623785356
219780 152835 0.673471085896
216067 426815 0.695845398237
129667 68332 0.660503038645
170752 343673 0.62877312864
92937 179858 0.662718589776
137948 170917 0.699108386828
306152 307562 0.66708605494
385256 271176 0.628348304783
418935 287062 0.66667405438
124667 348861 0.628152434391
379658 362560 0.683321445096
144209 413230 0.63003623347
31369 331740 0.630801742445
344953 12599 0.685515973184
420402 219632 0.671611994381
142680 55444 0.638116220936
198399 160903 0.611204850497
49243 44797 0.69843469218
200979 155544 0.663210983228
55 116856 0.65959701108
267483 124810 0.653843839943
144916 73117 0.623474584447
113543 70031 0.624378589228
344842 63370 0.685912937238
202789 259546 0.665151770011
392373 365179 0.656715207417
182008 424271 0.606973659954
200574 50491 0.613235627048
360468 83425 0.609164159853
210893 254880 0.681604329027
246310 320390 0.656355679302
16095 187130 0.600544604781
155145 64167 0.628419183783
332536 51247 0.697547643893
365048 208458 0.608344462501
288070 108528 0.641589260494
60550 400220 0.615833374143
272333 122642 0.678059126176
399859 100350 0.641699279032
366420 221762 0.692989532617
359129 237366 0.648477074863
133815 368247 0.669752533992
79141 372245 0.667131706304
257438 73300 0.603307175949
184112 261562 0.633782846083
199241 151158 0.68464763878
253950 225689 0.653325021747
359255 356761 0.665494520682
55697 137232 0.636627738531
13840 373163 0.69179878344
200641 69187 0.689591141242
283051 222984 0.605762991805
222285 430286 0.671556175969
419210 157700 0.635836409448
408185 132900 0.614933524848
259102 154670 0.698178734346
80657 166526 0.638688524245
180748 424440 0.664675929954
260477 74554 0.656342994951
68787 80166 0.673026639614
422635 254930 0.634102648505
364906 85810 0.611234940174
54133 145128 0.685344194617
8306 131504 0.662585047229
591 133820 0.643227741755
231795 184302 0.699234799176
156865 250262 0.631715865394
170842 122860 0.663661816695
369024 335082 0.673051261748
377597 177767 0.699977948955
160435 221196 0.627787271628
215899 237417 0.653516796646
225958 237403 0.648542238267
160533 6805 0.651354017501
333026 159488 0.688728998629
64968 12582 0.668569495133
164147 367538 0.646686356431
125027 281970 0.696409226582
118516 283759 0.691820105752
406949 104764 0.634225311934
35840 237461 0.601164270094
221729 150637 0.654819916481
368118 34961 0.685072251715
29405 157098 0.605368955181
410497 153801 0.634166590469
373084 220839 0.613767504215
101158 157480 0.606381216556
182861 23322 0.621128984424
346569 6358 0.6555932673
115393 348488 0.630195337222
379204 80212 0.607364131024
84288 170363 0.617568392291
332415 38542 0.691269400781
272153 36622 0.676403141597
115048 170770 0.664243076339
368511 345876 0.677514866786
312742 292365 0.666904266747
330845 271443 0.666729770449
130064 205307 0.645843384695
84356 171110 0.672994575228
411192 32106 0.690876444796
339057 245792 0.686086127906
53883 135845 0.62728141974
236222 48722 0.672074273948
130965 52848 0.680666186378
408057 236390 0.650197997823
68718 380973 0.681461655559
29168 272346 0.651530471717
216247 186616 0.658931884142
182111 420970 0.633793005701
70113 109204 0.694128725246
171368 32853 0.686796149044
168862 103109 0.682200869818
409634 57948 0.662695296177
22231 406426 0.642889278687
20139 233451 0.62634875657
331743 144001 0.638535287933
418872 289865 0.636691145101
151623 261916 0.651314807615
187094 260742 0.689355443718
67712 32758 0.681828749931
372185 347591 0.693780945644
388318 43244 0.60952712809
296831 195198 0.653495116536
