347948 221272 0.95938029471
167824 73179 0.919917357162
413750 403113 0.986225571653
166421 30856 0.985856492787
145881 237410 0.922446074019
385545 129704 0.923572763368
211737 133875 0.950567024341
188252 412355 0.968863484071
255147 214327 0.943259759345
158798 57527 0.98732802083
138495 102943 0.947720479901
125091 265972 0.9777189479
324911 302534 0.986434397413
385789 352216 0.926505616818
104245 66862 0.9210428908
247060 394821 0.921565888005
206297 157112 0.989800489897
227937 370239 0.999091419236
50721 331375 0.967111747481
202148 74719 0.937557287179
154193 59087 0.907762955211
184788 416619 0.962169595323
36981 68294 0.939729282284
190 403091 0.990350710281
251525 36646 0.913172468333
390187 176491 0.918729299772
282715 206026 0.937355069895
152585 398830 0.956556301257
68924 325859 0.915419622003
358773 87610 0.90982101387
220149 362450 0.979719207488
72298 336676 0.972732798334
373024 143921 0.923033675523
250894 266083 0.930028737354
431389 11596 0.968409115692
158739 22917 0.995716306619
134819 185797 0.98194411411
359904 19075 0.937988071365
253665 287549 0.978362454488
409616 115206 0.917600681238
75862 169614 0.946572044292
10593 149383 0.955499098151
88939 16953 0.988729107439
255506 121169 0.929688022593
204687 273205 0.914243603973
226354 413818 0.962693653082
53758 408621 0.977522311902
72773 20704 0.964832052032
141239 188036 0.932304728338
220824 154966 0.957513595196
158716 414101 0.991593363841
102740 252967 0.979048630353
176027 97024 0.965911801034
78739 196663 0.923833502044
344218 149077 0.998946775046
283477 429138 0.990744949614
401237 408004 0.981492394765
272603 1181 0.907414524191
73924 271574 0.931440875248
287885 263986 0.971742440926
106150 288149 0.975542857064
38786 250927 0.982855678616
428286 163887 0.909703949981
88550 18684 0.957315618731
265152 386684 0.976289223929
106844 399636 0.929585324257
213379 128018 0.976288510254
335026 155036 0.914591253008
283032 211650 0.967424647444
103954 156394 0.976039067397
23642 255047 0.972182191715
345660 211277 0.909631730842
418891 145086 0.951815885431
69379 208596 0.907607061674
317390 70266 0.942583078553
63831 155710 0.916916420378
71240 360685 0.923778094311
263376 120091 0.945013138026
141984 230898 0.946155117876
154294 104126 0.938303381217
327664 153459 0.987101732066
272792 27547 0.925732036463
296064 393210 0.904239652434
191791 142386 0.98173593658
133849 30952 0.912518969543
188532 55296 0.90194020443
105160 368061 0.99906821966
362973 213050 0.900310962935
202652 309244 0.962831404484
368008 87783 0.939295027597
128804 60009 0.99926875573
271609 329880 0.951255778831
27328 262591 0.943225022553
275023 365110 0.930676370766
129025 295202 0.983260962418
346991 413780 0.97907375184
66972 77755 0.953709211176
245062 319575 0.921605116294
125085 361848 0.910709629083
69903 219177 0.994868536443
132666 334841 0.966705240566
282662 364402 0.940210340388
132834 341301 0.927423910613
371548 45251 0.96187416913
51476 400709 0.966456534154
188184 402215 0.937750012922
365335 282949 0.969219977662
49802 132228 0.988485876148
284152 274033 0.97554537895
365118 79803 0.995334495692
109410 425725 0.98923042788
227586 282308 0.9047900253
376382 318197 0.984177937035
60409 188364 0.920716211527
167563 36184 0.920357690816
73110 426541 0.914777104479
401244 55410 0.956078415333
412102 147315 0.925711770953
133839 224157 0.957461357613
39666 237334 0.940489071316
101786 154123 0.929342919338
381958 77752 0.981071290252
210748 165054 0.965764526205
123161 264649 0.961387364067
296353 325550 0.941697249942
185786 181826 0.997611471858
13138 282433 0.998821872529
190693 322025 0.981614337408
22854 271394 0.952918563124
216865 186649 0.90018650175
27128 262444 0.942384792944
313657 248848 0.930792625248
390314 388374 0.903159552916
260231 20166 0.913759166452
364091 221071 0.931164162387
164412 270671 0.910352151779
104772 165701 0.992508325885
160834 69435 0.958440134228
221845 269909 0.99038394106
122253 90886 0.922212838875
216242 252981 0.916613654262
134812 411767 0.977602440666
340846 14892 0.943527492294
256326 30528 0.949731599496
88822 35197 0.95178076681
185352 353793 0.95601517732
142929 54193 0.943108269615
231144 260218 0.91342200387
322641 95680 0.964588975905
37416 371696 0.947835720693
395763 239849 0.963029482403
405400 51774 0.911939366135
150628 51514 0.92660540663
411629 273427 0.983008822533
273385 153325 0.989456572995
20613 151518 0.911243298349
109966 75440 0.930324524359
284401 261293 0.95239062317
290797 323005 0.988419018504
274228 154452 0.908271719667
37662 431506 0.940970681997
73150 265420 0.983527927782
94745 128396 0.970196123963
151909 276189 0.939123643235
104511 128253 0.91070413243
256167 113724 0.947496732315
149027 212887 0.906549329114
216654 424395 0.939099531426
162117 272322 0.946657017042
266030 401192 0.9824524887
366701 33946 0.910677759724
403081 60402 0.995118109902
56745 342321 0.962497053561
74162 67831 0.965109392075
250652 58013 0.917340392161
170495 115418 0.937011290105
361234 335090 0.979690884401
406191 64555 0.991617175577
60434 398961 0.92391145979
420292 152746 0.912025530197
163937 13465 0.926533932531
301708 373578 0.91682608027
377427 291919 0.954401459062
67235 154525 0.936358932629
228941 160321 0.902315749414
54338 184881 0.913951958672
164053 51777 0.926033586249
393651 192310 0.937589985607
274824 372100 0.963087005652
277072 167459 0.926805968804
184238 237692 0.988578223785
410697 142790 0.998905986585
130341 34548 0.935787136188
9671 406290 0.990535722254
16733 137498 0.931079702115
348718 36433 0.963215419249
385181 273527 0.927174282486
25518 373059 0.949503990814
80983 171111 0.972185040667
182161 164033 0.941127695637
399464 170380 0.956447558552
233661 37300 0.917532386689
373246 198267 0.993414370817
90024 278668 0.90839383655
103223 344562 0.962180005151
131786 9319 0.96043437093
424398 328904 0.927900199693
415797 410466 0.996846573348
281736 135983 0.973251898476
276998 387329 0.950556177639
341338 185947 0.968875075481
236739 409988 0.924236231144
407528 228216 0.949291382599
362939 276882 0.915213691842
151337 271259 0.914308556336
317831 297396 0.903362149303
220024 138601 0.949351742957
23447 341467 0.916168717499
382695 311355 0.970730745849
121297 270354 0.976990277834
128299 27918 0.957340716997
341136 8473 0.902163907991
105985 69158 0.988214974347
151632 228523 0.935386144529
7835 327883 0.908366484869
413048 417786 0.925339781912
368705 28862 0.937333598445
104079 128012 0.977925931927
288194 29204 0.983421083068
430397 251984 0.978884816895
411478 235136 0.958139279536
71741 149404 0.914020892818
168437 227387 0.943177860497
69286 131177 0.964363446439
24890 184290 0.913842023926
332488 181948 0.906888360332
122776 283119 0.956156867362
24068 414858 0.997159499266
261164 249911 0.978721756398
404671 6841 0.947006188269
282779 6717 0.937578016101
129695 374883 0.92460187684
279387 84665 0.997849306345
140228 349188 0.977204605296
145282 13992 0.932096939596
371431 125335 0.974969179803
86288 365335 0.92734442054
140317 100130 0.93079164165
340130 282319 0.996314557914
153678 106106 0.958084569521
88446 85760 0.945441203376
416506 160781 0.910781193801
327843 215725 0.969053610986
392542 406324 0.926956121046
103467 417361 0.934515329393
109942 128527 0.987543079445
382285 172437 0.926816049299
412756 33778 0.959517288285
128483 307911 0.919108402527
139616 58026 0.996896044416
3803 251813 0.947255081775
252661 214767 0.901259127866
413056 119485 0.920705991468
366553 69974 0.920481310214
365969 138582 0.916708804238
347751 364767 0.912908431598
165519 164160 0.994371486819
433558 418413 0.933182498834
303184 43993 0.939301098392
157265 8671 0.978530472046
405206 391920 0.958859490306
129369 173191 0.960241060456
217677 159982 0.965924531251
254186 221112 0.906777885353
342610 102821 0.975913802425
353261 302294 0.918389696238
254619 339818 0.973984335259
208220 167163 0.958577955864
344920 53873 0.934251997789
209209 204303 0.994807574024
121670 332524 0.948801366772
221438 253230 0.989007128076
59540 186101 0.971021366384
139763 8724 0.99842202616
340667 75222 0.991741887529
346618 106623 0.969038990218
129823 69341 0.910502828129
1509 169453 0.903236915751
209783 403265 0.984818325226
66759 230709 0.996746328494
181334 330846 0.997353081044
87835 132195 0.929132758917
140055 407460 0.978860994931
104615 264272 0.90819113802
243518 326314 0.94583995049
209087 139735 0.964533994196
140408 334850 0.946365208919
204898 340549 0.905381049458
107472 398926 0.961339809101
70899 212703 0.976946440672
271988 107997 0.970912711218
54941 117720 0.947153824104
265014 329206 0.985173515902
157674 38087 0.996229157663
292583 175893 0.950490684153
103569 328119 0.92180716854
341128 422703 0.949407368315
49541 155342 0.98908700616
410365 36718 0.944794414712
225357 263323 0.926852875686
415077 146885 0.953990164123
396078 339133 0.937369891121
160792 73229 0.968975289936
333059 275687 0.916292362071
364030 274227 0.964696484242
364528 115849 0.953592449771
141279 67519 0.929510274072
130594 55464 0.913609024575
182765 3122 0.922038911186
265452 146967 0.971879359422
270757 157511 0.946534475802
70765 117259 0.914371216361
319448 293753 0.918337222627
10821 149449 0.966715545829
64109 238830 0.992901852751
368691 36570 0.90439067704
125296 361124 0.930923876218
406604 26390 0.991159763628
72151 409592 0.971667548255
401915 422850 0.99097985987
343450 156964 0.980683359331
44279 357536 0.963187278292
406671 281875 0.987032674593
422737 120938 0.986406306621
95049 378055 0.994553890368
159653 278440 0.949662317058
230 115406 0.936511712791
165403 361811 0.966147167314
239518 183483 0.946087241151
38097 139959 0.963491142795
157363 429975 0.978915966672
197032 42578 0.910191342415
24666 184552 0.954374738156
257789 332579 0.918717328241
327854 29080 0.999092057553
102718 141701 0.929388090166
193473 317744 0.952218149809
203529 65569 0.948346736361
80753 370979 0.956138721206
324075 290791 0.985078502126
168060 57433 0.938107241395
343707 131963 0.943855363788
361941 83838 0.967996802054
15139 162747 0.988625264927
180920 127639 0.90297788821
192533 338080 0.997821004013
102160 141512 0.940360894504
365685 117658 0.922455873469
334182 19277 0.998283716396
162219 4474 0.973007086129
225925 414210 0.909980470566
171093 231161 0.931002369932
414320 150591 0.982214649406
391427 193351 0.991722514733
89758 344688 0.967008754291
394676 314127 0.920457786445
257679 123607 0.98067523216
289244 212339 0.93175320033
133709 150309 0.94909474324
155821 229712 0.965495678639
425211 111263 0.985115607302
286789 105588 0.94099001671
261118 136809 0.93238048249
250357 8573 0.947654659822
13159 154752 0.9719360738
418342 155969 0.988915040758
174875 92519 0.955863915781
259521 118076 0.940521520125
237951 182026 0.904785498016
150698 53708 0.911969031781
158523 209289 0.942292217049
282452 225456 0.955901783865
264358 207980 0.981653031072
205009 3947 0.986161903368
399136 254895 0.967147303994
137909 180845 0.975735249646
109190 341031 0.956385384177
99448 414941 0.941727488779
131435 406318 0.910713890346
140007 209957 0.95253729951
213019 341005 0.922804011163
217995 408097 0.950120475721
238304 164715 0.92549075999
342342 100023 0.976497936571
251902 32750 0.905201266887
430287 118803 0.945076019083
204345 4509 0.981470534398
327580 339859 0.936590035425
184583 272134 0.939169613773
289725 267456 0.95792186794
228270 166764 0.938343474979
328328 221726 0.996672802035
425439 1038 0.925377046823
183963 347247 0.926152635394
31164 68793 0.990327019636
158439 90208 0.967035326497
365352 206961 0.972475280681
222310 153856 0.945644363182
300675 394837 0.952707490528
20749 180673 0.945280543376
134535 74876 0.964604239419
18939 405963 0.914643385565
161593 6864 0.978050747638
78925 159141 0.913260657553
226481 283539 0.913789024698
182729 22775 0.944366640229
368114 2509 0.969472789924
34772 207091 0.972765858078
163382 33509 0.947537094142
237738 227934 0.94809122441
139981 370487 0.988692144047
340754 176572 0.962916463466
327117 258272 0.937896086164
152469 87993 0.992560690165
98778 426604 0.959898961237
116272 87464 0.977742572903
303340 91849 0.924537474867
60915 204757 0.974108469523
415477 149513 0.950462112405
408760 12857 0.926277056546
6660 408925 0.930465334967
266483 146295 0.977979785509
105054 252435 0.91458532002
366762 354950 0.909386358641
353584 290237 0.900704911319
289544 33622 0.972246299908
296168 173786 0.933631166717
69082 74487 0.908898053179
25566 262203 0.961197123375
200720 139474 0.912126899385
234656 287775 0.995532683053
377354 298325 0.98862209262
209284 410563 0.933021776115
351279 428639 0.99277112883
16481 401481 0.981990220399
214937 412747 0.916773269333
406126 54583 0.900191324584
182803 219274 0.917859588653
321021 177112 0.97973155357
138130 58042 0.990540693827
153848 82281 0.943949480348
174021 184690 0.997451961054
225145 265997 0.952071055884
156364 49872 0.996912402803
97385 371802 0.954513588325
90671 333999 0.966838090869
434141 72189 0.952646482468
219787 351400 0.911875342934
88672 336920 0.932817095514
272307 140842 0.92141002685
32160 329986 0.914492920791
253878 133911 0.938906236716
38349 267852 0.936152981599
410815 108775 0.995350919631
129932 179687 0.963373687737
157416 238419 0.907942609582
134562 270695 0.933726256739
255784 341186 0.94651498958
64771 283870 0.998627191192
102697 67999 0.947831859046
2137 289220 0.95499902253
54351 144229 0.96799460566
157183 258398 0.90480615231
239800 395870 0.906412279564
128519 208067 0.958199679388
149688 53585 0.942125145516
225359 255305 0.921103788489
13562 158568 0.927143336166
195635 70726 0.943961625229
363542 69532 0.914737836461
93210 354440 0.962757444699
140382 59266 0.970031429794
116437 331016 0.919963247636
402502 141681 0.988836804022
334400 169748 0.951554260519
16803 344354 0.902509956521
144290 54129 0.990396503603
254135 23322 0.942441987604
254443 347335 0.908882416088
330485 431251 0.972769839077
115559 405994 0.972934467296
197172 293537 0.923564046301
65381 128136 0.936093988932
368818 60551 0.91750456273
224175 152790 0.977897853279
428428 148512 0.973543383242
378871 89642 0.943336043189
341905 14997 0.949135138407
345103 197564 0.902760580206
118819 372353 0.922747460129
422758 407715 0.906416055737
115583 272363 0.931849763648
354809 171934 0.951421443732
343045 59264 0.939119047708
40227 19980 0.990787260781
187722 12289 0.90901760916
400594 97466 0.92314597368
192523 378751 0.988307343715
260839 146674 0.95900588089
198037 403933 0.940460143715
372005 343175 0.952179651449
205509 23580 0.94794735898
35541 424887 0.991170615538
412386 183935 0.938720306394
150081 199818 0.925967170376
140142 348387 0.990098096941
179203 191669 0.938235369426
214918 183339 0.958471122019
347082 116198 0.980775179517
137484 364717 0.911832217133
329226 100879 0.955382978278
340242 209456 0.928858461128
69466 79704 0.915218690515
399003 416781 0.973805617625
127361 265078 0.913055970475
382504 377642 0.972432369596
152767 267448 0.925518244035
406197 58392 0.914726164836
92176 393067 0.99718270658
69917 79452 0.992113450313
262431 347104 0.959349203333
77575 68665 0.929279240919
94470 297346 0.991846045176
56208 329851 0.92949256033
159788 427086 0.914526889162
350696 330608 0.969482211989
32056 398565 0.978383384407
35197 187954 0.95700968754
230600 127885 0.971635540189
257456 329687 0.995331888042
171759 9149 0.934120589808
343722 31025 0.907812918211
410440 136593 0.982246481438
399363 386137 0.960105287596
136774 235999 0.904531120644
113297 92670 0.935227440447
3587 153217 0.974575910207
182374 111288 0.922189718939
32501 185030 0.931229911974
123906 420636 0.982105641393
183059 384473 0.945423401024
432027 355967 0.980699105738
149491 429352 0.962753363055
251265 59710 0.966140134871
297046 323273 0.949451517949
341320 26723 0.920990957173
369258 3059 0.93546580459
188139 106687 0.957959936613
352566 68878 0.944620348757
430535 400812 0.92269741919
311450 298180 0.966395246478
289383 211124 0.918084518842
187460 227936 0.905291800797
84696 166311 0.908201653336
27490 165671 0.917953766158
380439 70649 0.961779031013
374463 385325 0.947418027352
409365 15028 0.921104593818
343378 218772 0.974439719265
121146 421168 0.96072021438
231991 346441 0.975257955441
429343 27915 0.93023303196
166707 3139 0.909449013841
39640 130243 0.996697321224
374934 95918 0.920793327535
229934 68250 0.93166638806
370987 117167 0.914625528786
406985 191549 0.92847931017
82505 90907 0.951208495795
69379 142631 0.923062724374
135350 253693 0.973892773296
421429 138122 0.98278688807
150424 168783 0.91295071714
171638 205790 0.904298220903
332366 109481 0.937956605423
137157 57728 0.957678867947
281243 106596 0.906031264951
9539 145630 0.98976066363
158551 90751 0.965103754859
288396 425189 0.960522973188
137852 56436 0.948543980936
238883 226532 0.90883868639
269639 124673 0.906111261708
119193 362318 0.910711257307
250891 184149 0.967426880892
348996 184054 0.914950515718
121055 426487 0.936931540436
408103 25208 0.923182351496
161337 37211 0.91040421684
30338 170203 0.937273408483
141071 360967 0.975953389152
332449 24004 0.906643641306
220523 167848 0.94151295149
430260 212771 0.939907389467
250382 213605 0.929151244781
239409 391209 0.975298957804
320675 173488 0.98300086506
184676 266536 0.936690337243
306146 308689 0.968251812301
122524 257595 0.915565584232
52926 140011 0.929248791152
418623 185732 0.987747343809
129170 204108 0.985201775893
12305 346049 0.930193102656
54423 410575 0.910269527516
273548 403051 0.953614097244
135884 264635 0.91666910381
416102 164674 0.924678049922
185813 125096 0.974169307274
129477 214687 0.928225487835
372397 335567 0.935750688752
168140 210915 0.988887748957
344165 136181 0.912580332286
189611 91685 0.917894940852
34767 54564 0.924055769539
184108 118675 0.912646907656
137765 209893 0.984192715818
362588 35042 0.998605962542
53994 135019 0.909510231431
106468 368046 0.992189843025
404012 13453 0.978896841769
35826 157651 0.978796912114
142561 26310 0.915111428443
153084 197698 0.90880025045
238912 389524 0.918415492047
311324 173650 0.927156769862
201193 50000 0.917328938531
409249 38196 0.961157192773
27266 205357 0.929196046447
360515 159081 0.927763817955
371293 138863 0.987604954848
259063 340325 0.941618393342
183989 134358 0.996843479603
370194 123643 0.90554044889
252167 104446 0.991814196038
143116 216952 0.945878778896
150768 213373 0.979602429626
99205 251833 0.947524795669
104996 238754 0.934938876632
391715 40570 0.928217410834
131069 192600 0.969993481298
207885 405802 0.994806500824
159812 197833 0.99615982826
142812 416243 0.915956210952
73812 170760 0.918087103768
330480 411136 0.994752924706
414973 231227 0.954630530328
330997 256784 0.998297888132
158591 37385 0.902724474589
71119 104386 0.930338407762
167925 14694 0.985833283343
130402 382887 0.933072458895
155909 54099 0.98364180149
367791 111787 0.94382064513
153654 371871 0.934696582022
435432 235546 0.976190248343
218074 144466 0.911779599527
24237 131159 0.965991422682
163443 29685 0.917323714094
425894 161816 0.981902501053
355778 199946 0.947667351153
256511 75044 0.985887226485
50671 144600 0.939309090618
186231 214723 0.944594274145
49404 140770 0.91610438652
348639 407372 0.944528612264
54990 328906 0.966177492533
187459 162137 0.911042833991
204184 253671 0.960898101599
105547 411921 0.972507333771
265999 204499 0.951269653036
69777 221996 0.996824727963
405309 392189 0.943174608036
180070 294561 0.955599604983
413111 220150 0.938600599149
83304 373153 0.932923354935
330756 123012 0.976125583657
285190 431851 0.951211573273
259586 123501 0.932156026504
157256 195742 0.980240394332
137054 422550 0.930398061883
291505 377370 0.909993741002
402659 270484 0.999222203172
79149 276973 0.952155292253
344440 392477 0.935557218098
170570 415285 0.959279756996
368235 17556 0.932145729942
340362 273165 0.966101062142
239231 5071 0.912222471816
214793 327187 0.953396886573
171700 145950 0.909526410622
400084 106244 0.907668708956
2302 425710 0.950435184743
366302 343042 0.983224600166
187975 24210 0.993075818918
146255 34807 0.913744288304
26991 282305 0.975625530792
94912 128114 0.987063469737
61570 328905 0.90866672676
59015 408828 0.927315661854
138254 405896 0.988635870887
159827 20475 0.916925770336
71409 290103 0.914286004177
12989 399735 0.996478164976
3817 363337 0.950583445901
332267 140734 0.976828214548
251081 107211 0.957749843043
259887 12563 0.965668406723
161284 50745 0.976675613805
187071 173279 0.962692346479
272433 332234 0.949930721692
423044 132210 0.921399134094
328670 268673 0.984742192962
27332 251848 0.912643110153
265223 113458 0.989116381507
209267 151580 0.920946297698
234691 288649 0.967909791972
238079 367862 0.927530960276
226525 340671 0.951364314873
119989 166583 0.921988917808
98056 204422 0.917841041678
216 226862 0.93959498752
401662 14976 0.935333259515
224388 187593 0.902456209165
359719 193815 0.907989426848
189255 323145 0.977007986688
140739 104227 0.941161006137
73468 239384 0.994832735115
158533 12961 0.979248687563
251582 421611 0.962413259072
353592 195207 0.92602040574
185789 216052 0.959581947165
181494 159723 0.906725532595
277038 162130 0.932815119981
151383 101274 0.994110126289
82509 390971 0.977657885045
168980 389813 0.941411897337
153662 63423 0.963058000708
226670 270808 0.980709373961
89383 335188 0.966194869551
9887 286793 0.949119101868
160454 336359 0.964610762413
5420 159653 0.968506366063
378414 43271 0.975166721617
333046 407089 0.950184753077
370738 403512 0.977470412471
133815 113521 0.935107198043
259006 207721 0.902464315275
133705 411113 0.9970005319
258321 118275 0.915141043588
68610 365111 0.955568737641
28164 89494 0.951328887576
147862 167642 0.990156726642
327086 111221 0.959612588478
126488 385279 0.944862390046
400144 220752 0.90936910224
418189 282748 0.939291496982
1410 263405 0.963520740245
121749 340569 0.980409110257
217639 280778 0.9764900948
372400 37040 0.937181831264
134941 270361 0.922722728875
161384 336388 0.908894472526
348390 220218 0.978002228497
266950 206359 0.95691804142
328438 120333 0.960483498552
186672 383055 0.99884219448
166931 114699 0.963854321363
89099 159473 0.962050907838
138514 88605 0.924998755502
347125 262721 0.913385803555
150941 422645 0.998593468414
132309 361407 0.918333561443
399720 263616 0.955986553403
356114 86861 0.957787164426
347872 61520 0.911950772533
79458 303502 0.90764605583
152944 359748 0.947946145393
147408 282676 0.992951414629
196354 321691 0.91192408575
118466 90064 0.917757586042
144076 265921 0.968619179319
356213 133453 0.97496999684
391882 353982 0.960749030411
405721 211032 0.980666859406
399519 269648 0.964965058569
132857 163530 0.908131990261
209562 171524 0.947221732113
156557 169901 0.972818563192
126467 184616 0.949059042551
181176 407586 0.989734759303
322990 303653 0.966147263052
135504 326969 0.936146878567
69048 131802 0.919269069959
1281 150738 0.916503845993
71119 192032 0.904495069807
201136 147824 0.917834807521
343600 369033 0.937455379616
371559 278412 0.955718365359
165676 201129 0.975701639101
147969 67446 0.980649939258
277086 47337 0.927632557881
183340 11380 0.94836806312
158107 215446 0.945630066179
250233 268236 0.915035485589
88012 160494 0.949506876519
23843 157840 0.937366036168
106049 158779 0.917646562013
199786 147681 0.937456115673
205405 34016 0.942497890268
104053 143161 0.981246425199
295536 195583 0.924765162203
261616 118141 0.955616164214
184428 26425 0.947519905391
68476 197573 0.934619202365
149469 169878 0.979097307188
67097 354404 0.94190009443
166510 29540 0.922959483524
354000 295500 0.925502671917
328185 264725 0.957059705989
283070 217858 0.905295769679
282553 422438 0.995285669418
181 214216 0.972018801685
256965 340098 0.94906345879
363913 84828 0.959906777462
221242 128345 0.9743178494
211588 412878 0.995677783424
208537 185727 0.982389896949
280709 156199 0.989649964975
60256 269197 0.939451552867
211439 251250 0.913544158086
206033 128324 0.923075418498
71739 152884 0.912627677932
399293 36751 0.953133943626
108146 370320 0.928104101501
415198 143804 0.973745710603
133659 231080 0.995108536808
172998 318726 0.983924354875
121877 410456 0.974340956305
30645 273115 0.928566023718
204738 31535 0.91355102208
283544 158677 0.917505392241
195580 68748 0.922111751793
203975 309137 0.968062355527
401762 7397 0.914523690771
63358 159447 0.911345920481
105747 273962 0.92870238246
366377 349258 0.919467592838
157915 109579 0.921499997019
250746 230891 0.972486344509
210038 369783 0.969219404927
192610 353881 0.973694524579
403128 272369 0.990279686449
219317 365631 0.924288152561
155648 7263 0.90855884176
346359 20049 0.941087737019
331057 282193 0.915872542
363397 388669 0.993491005841
421697 229537 0.951877257829
402005 31072 0.914759327574
119740 166153 0.968228037619
140743 74197 0.976292797121
169592 146010 0.943327485489
70018 139404 0.922843598554
9226 368889 0.983152089175
342126 21546 0.965987782723
219780 152835 0.983120416119
216067 426815 0.993630622388
129667 68332 0.958412506567
170752 343673 0.966585671815
92937 179858 0.975067028146
137948 170917 0.940950297241
306152 307562 0.908265693105
385256 271176 0.913165036008
418935 287062 0.952573410613
124667 348861 0.976232588145
379658 362560 0.980907160749
144209 413230 0.937931139796
31369 331740 0.950807644101
344953 12599 0.984794047265
420402 219632 0.995172404794
142680 55444 0.997624520171
198399 160903 0.921406336706
49243 44797 0.933435290604
200979 155544 0.965300008638
55 116856 0.906766915744
267483 124810 0.969151203727
144916 73117 0.930531289613
113543 70031 0.906619448075
344842 63370 0.920588334897
202789 259546 0.92150635931
392373 365179 0.971149090766
182008 424271 0.913478996094
200574 50491 0.903657394919
360468 83425 0.936473730375
210893 254880 0.929924663
246310 320390 0.948555730653
16095 187130 0.909228147587
155145 64167 0.926778705032
332536 51247 0.93491281348
365048 208458 0.974744156153
288070 108528 0.988317553522
60550 400220 0.98997783669
272333 122642 0.903234230724
399859 100350 0.958679217471
366420 221762 0.969773018719
359129 237366 0.906573365847
133815 368247 0.952669013797
79141 372245 0.918029207998
257438 73300 0.966286002453
184112 261562 0.90059075435
199241 151158 0.972191794521
253950 225689 0.982968037454
359255 356761 0.957617062578
55697 137232 0.948438475616
13840 373163 0.917941732792
200641 69187 0.968559835853
283051 222984 0.993722892559
222285 430286 0.991754588422
419210 157700 0.954031781056
408185 132900 0.930625727656
259102 154670 0.908614437921
80657 166526 0.927789192182
180748 424440 0.964011432497
260477 74554 0.922723720977
68787 80166 0.97148068975
422635 254930 0.931776618359
364906 85810 0.964674968109
54133 145128 0.998125195485
8306 131504 0.924560676153
591 133820 0.996437136064
231795 184302 0.927297407269
156865 250262 0.930492385586
170842 122860 0.924267522735
369024 335082 0.917487374679
377597 177767 0.934526066207
160435 221196 0.962332129526
215899 237417 0.934725342413
225958 237403 0.968110431696
160533 6805 0.943100018158
333026 159488 0.956320090465
64968 12582 0.993983917167
164147 367538 0.912299934448
125027 281970 0.959097936875
118516 283759 0.908761869719
406949 104764 0.915362325811
35840 237461 0.943529811648
221729 150637 0.992719825088
368118 34961 0.992230589075
29405 157098 0.960571867128
410497 153801 0.945146107639
373084 220839 0.969504779281
101158 157480 0.960316260803
182861 23322 0.990717238703
346569 6358 0.966057895361
115393 348488 0.991125710514
379204 80212 0.969650835545
84288 170363 0.902150128544
332415 38542 0.986830802872
272153 36622 0.91137890533
115048 170770 0.991557309612
368511 345876 0.979029986869
312742 292365 0.941138037767
330845 271443 0.942326909819
130064 205307 0.974374610476
84356 171110 0.914240721529
411192 32106 0.964286348483
339057 245792 0.941822932531
53883 135845 0.962823010349
236222 48722 0.906177279362
130965 52848 0.956112191987
408057 236390 0.946015795836
68718 380973 0.90006348845
29168 272346 0.969350092396
216247 186616 0.90044540984
182111 420970 0.950121827085
70113 109204 0.944820902207
171368 32853 0.927346969979
168862 103109 0.902235530181
409634 57948 0.902302767829
22231 406426 0.963087916811
20139 233451 0.919885893465
331743 144001 0.964899131312
418872 289865 0.951979824358
151623 261916 0.986646250024
187094 260742 0.916046725991
67712 32758 0.915295167827
372185 347591 0.958501985609
388318 43244 0.935135761916
296831 195198 0.987102311624
