347948 221272 0.844197766522
167824 73179 0.851161384107
413750 403113 0.842828822343
166421 30856 0.899972652594
145881 237410 0.830606337263
385545 129704 0.835602605222
211737 133875 0.853201115296
188252 412355 0.859801077108
255147 214327 0.807460862245
158798 57527 0.849613706917
138495 102943 0.81386502207
125091 265972 0.862378145814
324911 302534 0.843773302448
385789 352216 0.84262266997
104245 66862 0.864007356026
247060 394821 0.844018234191
206297 157112 0.835615635234
227937 370239 0.876529827624
50721 331375 0.888836589178
202148 74719 0.858701620116
154193 59087 0.809755756439
184788 416619 0.887468222176
36981 68294 0.865280901927
190 403091 0.857530961868
251525 36646 0.862999870757
390187 176491 0.848342957535
282715 206026 0.844633014817
152585 398830 0.870220295898
68924 325859 0.89680867544
358773 87610 0.846755462672
220149 362450 0.829912173084
72298 336676 0.818358366253
373024 143921 0.802960205636
250894 266083 0.817901367205
431389 11596 0.84893216819
158739 22917 0.851109899551
134819 185797 0.829904310188
359904 19075 0.84262244261
253665 287549 0.818272448278
409616 115206 0.82931994211
75862 169614 0.839137517483
10593 149383 0.832837422859
88939 16953 0.841735474807
255506 121169 0.881520651228
204687 273205 0.832241367685
226354 413818 0.847408233612
53758 408621 0.883521718233
72773 20704 0.803865239957
141239 188036 0.850551907806
220824 154966 0.811207615444
158716 414101 0.877497408018
102740 252967 0.844024714321
176027 97024 0.834004416646
78739 196663 0.860379141752
344218 149077 0.854867425602
283477 429138 0.897200066609
401237 408004 0.806539525253
272603 1181 0.889117925767
73924 271574 0.81240886638
287885 263986 0.888782290198
106150 288149 0.813039137744
38786 250927 0.800849089115
428286 163887 0.885343499545
88550 18684 0.810295956808
265152 386684 0.841308619001
106844 399636 0.800804103018
213379 128018 0.861302114009
335026 155036 0.87563244642
283032 211650 0.846238162845
103954 156394 0.858459086565
23642 255047 0.887461293884
345660 211277 0.802634184406
418891 145086 0.88614289386
69379 208596 0.878244024568
317390 70266 0.886687745036
63831 155710 0.824934600258
71240 360685 0.833295008627
263376 120091 0.893164833633
141984 230898 0.859085345256
154294 104126 0.89884962218
327664 153459 0.853486543379
272792 27547 0.814905354882
296064 393210 0.813338678443
191791 142386 0.848419782287
133849 30952 0.829263253264
188532 55296 0.801094823948
105160 368061 0.878210948015
362973 213050 0.818820517948
202652 309244 0.849991466565
368008 87783 0.805592997556
128804 60009 0.869650801415
271609 329880 0.887796127815
27328 262591 0.828367556472
275023 365110 0.836529617235
129025 295202 0.888993444335
346991 413780 0.873837351859
66972 77755 0.849396193279
245062 319575 0.887250842743
125085 361848 0.882687252035
69903 219177 0.840856063185
132666 334841 0.839874872309
282662 364402 0.807127774686
132834 341301 0.811927594845
371548 45251 0.860501354267
51476 400709 0.891093570023
188184 402215 0.864994158278
365335 282949 0.887146318289
49802 132228 0.811090876221
284152 274033 0.863907996156
365118 79803 0.879742688713
109410 425725 0.854059545507
227586 282308 0.820939156259
376382 318197 0.887999106339
60409 188364 0.813018472904
167563 36184 0.805477654305
73110 426541 0.84032625311
401244 55410 0.846981660224
412102 147315 0.871080079829
133839 224157 0.876107655729
39666 237334 0.805391604893
101786 154123 0.890843907336
381958 77752 0.800968952575
210748 165054 0.87950818985
123161 264649 0.899035700852
296353 325550 0.83270129395
185786 181826 0.898982453241
13138 282433 0.873219976875
190693 322025 0.804080279793
22854 271394 0.867883324509
216865 186649 0.885994301631
27128 262444 0.899685917303
313657 248848 0.820316745357
390314 388374 0.837255917312
260231 20166 0.803362560598
364091 221071 0.88122334258
164412 270671 0.819821745956
104772 165701 0.833200715258
160834 69435 0.842431051742
221845 269909 0.838855454193
122253 90886 0.856594733589
216242 252981 0.897332004639
134812 411767 0.874351542965
340846 14892 0.828564391289
256326 30528 0.81688294708
88822 35197 0.842774049711
185352 353793 0.852768878718
142929 54193 0.825029124228
231144 260218 0.84649276915
322641 95680 0.804473375993
37416 371696 0.821802746481
395763 239849 0.884197412477
405400 51774 0.893456334247
150628 51514 0.82792060193
411629 273427 0.813723830556
273385 153325 0.862491652606
20613 151518 0.894958603413
109966 75440 0.849489830196
284401 261293 0.886026901049
290797 323005 0.887967132421
274228 154452 0.858817976504
37662 431506 0.803308351714
73150 265420 0.823269054644
94745 128396 0.89279109448
151909 276189 0.878482664741
104511 128253 0.813171127878
256167 113724 0.819584713668
149027 212887 0.885723297183
216654 424395 0.833835063791
162117 272322 0.873668007606
266030 401192 0.815001500937
366701 33946 0.896462500344
403081 60402 0.885925002898
56745 342321 0.832372513928
74162 67831 0.838903158172
250652 58013 0.861701070739
170495 115418 0.849234520966
361234 335090 0.892115858576
406191 64555 0.847650652342
60434 398961 0.8797734716
420292 152746 0.838752551801
163937 13465 0.843879361669
301708 373578 0.847029988714
377427 291919 0.861471507748
67235 154525 0.890681092007
228941 160321 0.848332155694
54338 184881 0.870806397745
164053 51777 0.810594906418
393651 192310 0.803311618001
274824 372100 0.856135486089
277072 167459 0.893594449166
184238 237692 0.800875540785
410697 142790 0.84237084957
130341 34548 0.887850815377
9671 406290 0.887411688872
16733 137498 0.887122700772
348718 36433 0.830000334393
385181 273527 0.819273515433
25518 373059 0.826135599447
80983 171111 0.860420993348
182161 164033 0.866245315212
399464 170380 0.882470759411
233661 37300 0.835554060981
373246 198267 0.89270668112
90024 278668 0.804230476215
103223 344562 0.808391559905
131786 9319 0.874039320809
424398 328904 0.855577889585
415797 410466 0.898361196179
281736 135983 0.871701446038
276998 387329 0.866898773344
341338 185947 0.838785885708
236739 409988 0.804868164344
407528 228216 0.862014062817
362939 276882 0.88248173952
151337 271259 0.830695477541
317831 297396 0.824310891958
220024 138601 0.898838284543
23447 341467 0.858044042031
382695 311355 0.880135324047
121297 270354 0.84183728046
128299 27918 0.84872562156
341136 8473 0.827761856174
105985 69158 0.888993679373
151632 228523 0.878713229548
7835 327883 0.84997999806
413048 417786 0.869269304743
368705 28862 0.819927531611
104079 128012 0.809958028295
288194 29204 0.870852278432
430397 251984 0.878466014023
411478 235136 0.842112610853
71741 149404 0.861726067036
168437 227387 0.868264547302
69286 131177 0.824190727515
24890 184290 0.885779210983
332488 181948 0.888238819898
122776 283119 0.89542119504
24068 414858 0.887700211761
261164 249911 0.801476342665
404671 6841 0.804645137198
282779 6717 0.800043926341
129695 374883 0.825128803242
279387 84665 0.811338523056
140228 349188 0.899566951863
145282 13992 0.820450933012
371431 125335 0.806724640507
86288 365335 0.876242214145
140317 100130 0.805728363259
340130 282319 0.866129572795
153678 106106 0.802360972994
88446 85760 0.829049074719
416506 160781 0.848579174938
327843 215725 0.841017586859
392542 406324 0.894219365111
103467 417361 0.816865981563
109942 128527 0.872578019623
382285 172437 0.840231945962
412756 33778 0.88241004393
128483 307911 0.82269112867
139616 58026 0.831119663045
3803 251813 0.863557655479
252661 214767 0.802674897131
413056 119485 0.818304168183
366553 69974 0.874957573597
365969 138582 0.887736133863
347751 364767 0.855953007012
165519 164160 0.879549193077
433558 418413 0.893986087077
303184 43993 0.849619039143
157265 8671 0.870536801582
405206 391920 0.828295676534
129369 173191 0.874674365843
217677 159982 0.858954891557
254186 221112 0.813718309388
342610 102821 0.858612075151
353261 302294 0.826820197421
254619 339818 0.824130799173
208220 167163 0.861573447711
344920 53873 0.856631631021
209209 204303 0.869514424252
121670 332524 0.823627585633
221438 253230 0.890861726504
59540 186101 0.849104351958
139763 8724 0.850646815684
340667 75222 0.892607872559
346618 106623 0.855524130694
129823 69341 0.892065912398
1509 169453 0.886083268257
209783 403265 0.817626152874
66759 230709 0.833318923623
181334 330846 0.858987765682
87835 132195 0.868926304096
140055 407460 0.813843052464
104615 264272 0.895398325772
243518 326314 0.837885310466
209087 139735 0.890036577428
140408 334850 0.826555003044
204898 340549 0.848029148981
107472 398926 0.88619526175
70899 212703 0.861895778621
271988 107997 0.808019098359
54941 117720 0.862863538211
265014 329206 0.875147377915
157674 38087 0.843255767757
292583 175893 0.802673047811
103569 328119 0.860863525991
341128 422703 0.866100130128
49541 155342 0.898950798091
410365 36718 0.876794753912
225357 263323 0.838675973409
415077 146885 0.811828904392
396078 339133 0.878542931441
160792 73229 0.898744226539
333059 275687 0.852337373502
364030 274227 0.87904102561
364528 115849 0.87018680296
141279 67519 0.806695255833
130594 55464 0.803586763874
182765 3122 0.853337459097
265452 146967 0.819045469181
270757 157511 0.890861756585
70765 117259 0.811372495269
319448 293753 0.855304935449
10821 149449 0.809283558456
64109 238830 0.81345034946
368691 36570 0.826804502615
125296 361124 0.859293324329
406604 26390 0.819772883686
72151 409592 0.870100981133
401915 422850 0.885602821489
343450 156964 0.801288252852
44279 357536 0.842478515299
406671 281875 0.887508208302
422737 120938 0.865748083793
95049 378055 0.875839890804
159653 278440 0.826137828332
230 115406 0.846979025411
165403 361811 0.809351173522
239518 183483 0.837821173835
38097 139959 0.87893127334
157363 429975 0.813928658735
197032 42578 0.848886322812
24666 184552 0.80620360314
257789 332579 0.810429199173
327854 29080 0.805558923073
102718 141701 0.86040421282
193473 317744 0.834227590947
203529 65569 0.878053889087
80753 370979 0.849058993601
324075 290791 0.832467767213
168060 57433 0.819025381018
343707 131963 0.8923389335
361941 83838 0.814539959661
15139 162747 0.823372502079
180920 127639 0.896305131747
192533 338080 0.887716443399
102160 141512 0.861164381339
365685 117658 0.856937301628
334182 19277 0.831659645019
162219 4474 0.811657613682
225925 414210 0.857791414226
171093 231161 0.802888368355
414320 150591 0.898703894453
391427 193351 0.808126779574
89758 344688 0.832719503948
394676 314127 0.828480510499
257679 123607 0.871319754281
289244 212339 0.823055747412
133709 150309 0.860744827114
155821 229712 0.870378029274
425211 111263 0.851703813024
286789 105588 0.81407958281
261118 136809 0.841736205706
250357 8573 0.813369534996
13159 154752 0.85647682057
418342 155969 0.826985401081
174875 92519 0.855394725098
259521 118076 0.857087836746
237951 182026 0.89384103318
150698 53708 0.869457902062
158523 209289 0.884503837705
282452 225456 0.80480709186
264358 207980 0.871220154093
205009 3947 0.848120567835
399136 254895 0.803387586693
137909 180845 0.871614583034
109190 341031 0.828524196656
99448 414941 0.811686634208
131435 406318 0.878518258143
140007 209957 0.851223589554
213019 341005 0.881803992144
217995 408097 0.838032967565
238304 164715 0.878578016862
342342 100023 0.854073112522
251902 32750 0.898309249672
430287 118803 0.865455500151
204345 4509 0.871967541891
327580 339859 0.828260596935
184583 272134 0.822690845825
289725 267456 0.862796377902
228270 166764 0.816478848502
328328 221726 0.81314476784
425439 1038 0.84068893513
183963 347247 0.87098071775
31164 68793 0.830998226864
158439 90208 0.826739555916
365352 206961 0.874520595337
222310 153856 0.816375135512
300675 394837 0.844081578542
20749 180673 0.812134165898
134535 74876 0.819081541829
18939 405963 0.821540523261
161593 6864 0.836884359024
78925 159141 0.886462124226
226481 283539 0.816342818895
182729 22775 0.845653046345
368114 2509 0.843260477969
34772 207091 0.870350273466
163382 33509 0.803818013572
237738 227934 0.899843279241
139981 370487 0.815557195537
340754 176572 0.873081116914
327117 258272 0.836302093386
152469 87993 0.826352347414
98778 426604 0.802488198309
116272 87464 0.873982960245
303340 91849 0.827011949315
60915 204757 0.888057454979
415477 149513 0.860629188238
408760 12857 0.851378742904
6660 408925 0.807003404053
266483 146295 0.832646736897
105054 252435 0.896511115949
366762 354950 0.834770407398
353584 290237 0.850923287933
289544 33622 0.813354290138
296168 173786 0.871269049252
69082 74487 0.830314859504
25566 262203 0.899489938897
200720 139474 0.803385537643
234656 287775 0.872259875602
377354 298325 0.805006611171
209284 410563 0.865613188243
351279 428639 0.849718920106
16481 401481 0.899704573971
214937 412747 0.800665657641
406126 54583 0.8582504413
182803 219274 0.853950484878
321021 177112 0.856415664806
138130 58042 0.875186497544
153848 82281 0.834694693756
174021 184690 0.873406553971
225145 265997 0.824220533929
156364 49872 0.857813216861
97385 371802 0.853787245678
90671 333999 0.899005143974
434141 72189 0.845678292743
219787 351400 0.803268251692
88672 336920 0.810998918167
272307 140842 0.846157314116
32160 329986 0.874277824915
253878 133911 0.866723483512
38349 267852 0.861305750135
410815 108775 0.873224099135
129932 179687 0.819437080597
157416 238419 0.836468044308
134562 270695 0.843744716114
255784 341186 0.858918226894
64771 283870 0.896291911809
102697 67999 0.831155005184
2137 289220 0.874005454309
54351 144229 0.89577454787
157183 258398 0.879164014514
239800 395870 0.822747125078
128519 208067 0.804197093398
149688 53585 0.871143940924
225359 255305 0.894763342531
13562 158568 0.818441866766
195635 70726 0.884412917174
363542 69532 0.868492795228
93210 354440 0.807772830068
140382 59266 0.83719575704
116437 331016 0.818859445231
402502 141681 0.805275645827
334400 169748 0.808402578099
16803 344354 0.83401102775
144290 54129 0.802355686009
254135 23322 0.887242038404
254443 347335 0.835475063563
330485 431251 0.845911094445
115559 405994 0.875466498155
197172 293537 0.875274921323
65381 128136 0.89248161354
368818 60551 0.844425596623
224175 152790 0.803868811915
428428 148512 0.879438246831
378871 89642 0.86234859614
341905 14997 0.892684845104
345103 197564 0.85299879491
118819 372353 0.8915161296
422758 407715 0.842987974346
115583 272363 0.848742321792
354809 171934 0.819844253795
343045 59264 0.885075318075
40227 19980 0.889845575445
187722 12289 0.876112451523
400594 97466 0.809009840525
192523 378751 0.846587651174
260839 146674 0.887807924147
198037 403933 0.821219695535
372005 343175 0.851821016013
205509 23580 0.84686826064
35541 424887 0.898207152882
412386 183935 0.875361908041
150081 199818 0.851168547381
140142 348387 0.83998934757
179203 191669 0.86755965981
214918 183339 0.898854869387
347082 116198 0.812939768231
137484 364717 0.84109969024
329226 100879 0.891887563395
340242 209456 0.845716091788
69466 79704 0.840022809245
399003 416781 0.800187546589
127361 265078 0.876477203375
382504 377642 0.811638252507
152767 267448 0.805066452776
406197 58392 0.834423910428
92176 393067 0.846638058253
69917 79452 0.807918456567
262431 347104 0.806618479529
77575 68665 0.840702436203
94470 297346 0.898108031255
56208 329851 0.822825389505
159788 427086 0.817547788056
350696 330608 0.806215703237
32056 398565 0.878660923448
35197 187954 0.850146905772
230600 127885 0.819018421565
257456 329687 0.853921358774
171759 9149 0.857507555129
343722 31025 0.862765126649
410440 136593 0.803647882618
399363 386137 0.816602497489
136774 235999 0.850434502085
113297 92670 0.853663495233
3587 153217 0.803015835681
182374 111288 0.818844614209
32501 185030 0.851500244675
123906 420636 0.850393899258
183059 384473 0.879134116621
432027 355967 0.893485932534
149491 429352 0.895640933201
251265 59710 0.858026824988
297046 323273 0.813695746869
341320 26723 0.806721840535
369258 3059 0.814738410208
188139 106687 0.837850697096
352566 68878 0.844101477021
430535 400812 0.805685624895
311450 298180 0.870442074618
289383 211124 0.868635875759
187460 227936 0.828091780666
84696 166311 0.851189632471
27490 165671 0.829394628827
380439 70649 0.836711345338
374463 385325 0.851664662391
409365 15028 0.819156445589
343378 218772 0.845282502992
121146 421168 0.83159333737
231991 346441 0.828038891545
429343 27915 0.869590355265
166707 3139 0.885272669976
39640 130243 0.811148337184
374934 95918 0.864289488741
229934 68250 0.852180330561
370987 117167 0.824744412884
406985 191549 0.88108116636
82505 90907 0.809791933004
69379 142631 0.821741523545
135350 253693 0.852275987111
421429 138122 0.843272170646
150424 168783 0.881934359795
171638 205790 0.816397887848
332366 109481 0.824528277726
137157 57728 0.815422100352
281243 106596 0.811664059896
9539 145630 0.8149739781
158551 90751 0.81083425934
288396 425189 0.822353347954
137852 56436 0.806501191015
238883 226532 0.879319530779
269639 124673 0.85940102254
119193 362318 0.885657365918
250891 184149 0.817274987855
348996 184054 0.827842322644
121055 426487 0.803023272418
408103 25208 0.802800318221
161337 37211 0.821432445571
30338 170203 0.825318789716
141071 360967 0.81700737881
332449 24004 0.884581656721
220523 167848 0.85921422368
430260 212771 0.881396764677
250382 213605 0.800172365808
239409 391209 0.837992596603
320675 173488 0.830529482922
184676 266536 0.829095495196
306146 308689 0.830544781361
122524 257595 0.84291178537
52926 140011 0.896843880411
418623 185732 0.827689770896
129170 204108 0.854000388372
12305 346049 0.832973842572
54423 410575 0.869356396078
273548 403051 0.853370611817
135884 264635 0.818308625893
416102 164674 0.85178222925
185813 125096 0.845105793554
129477 214687 0.81627542217
372397 335567 0.880588607037
168140 210915 0.888864126519
344165 136181 0.858781741663
189611 91685 0.80366636367
34767 54564 0.838490687815
184108 118675 0.851782353634
137765 209893 0.884475906732
362588 35042 0.81414040784
53994 135019 0.892611394673
106468 368046 0.878108143227
404012 13453 0.895011805415
35826 157651 0.861017862119
142561 26310 0.851815443154
153084 197698 0.817478623385
238912 389524 0.827134717437
311324 173650 0.854629059251
201193 50000 0.8485946243
409249 38196 0.887492152187
27266 205357 0.855577159356
360515 159081 0.82561271717
371293 138863 0.804918809321
259063 340325 0.800087100222
183989 134358 0.855224875903
370194 123643 0.811600916512
252167 104446 0.833380762176
143116 216952 0.889912577581
150768 213373 0.863929480452
99205 251833 0.84503050771
104996 238754 0.821027085483
391715 40570 0.835595014475
131069 192600 0.809564448247
207885 405802 0.826918103569
159812 197833 0.867803610254
142812 416243 0.803494386926
73812 170760 0.82286587118
330480 411136 0.858217482322
414973 231227 0.890420379178
330997 256784 0.882017388056
158591 37385 0.835375739532
71119 104386 0.805176136698
167925 14694 0.887852914325
130402 382887 0.820216316482
155909 54099 0.884854848264
367791 111787 0.848321257429
153654 371871 0.899977887433
435432 235546 0.805568182986
218074 144466 0.832747559908
24237 131159 0.822449357047
163443 29685 0.885557327281
425894 161816 0.838961048602
355778 199946 0.815017019278
256511 75044 0.829189972042
50671 144600 0.84707409051
186231 214723 0.865525638005
49404 140770 0.88129262115
348639 407372 0.811650315026
54990 328906 0.820000266259
187459 162137 0.823766963971
204184 253671 0.868634278422
105547 411921 0.80241931933
265999 204499 0.89356947419
69777 221996 0.820434099431
405309 392189 0.842936705113
180070 294561 0.807942532806
413111 220150 0.84741169467
83304 373153 0.815679108481
330756 123012 0.845676847564
285190 431851 0.821962409569
259586 123501 0.841136544661
157256 195742 0.811566252715
137054 422550 0.880497723502
291505 377370 0.893521231511
402659 270484 0.89038346492
79149 276973 0.828404070272
344440 392477 0.807998326541
170570 415285 0.827160264156
368235 17556 0.835323144553
340362 273165 0.867907737894
239231 5071 0.875665729653
214793 327187 0.891568722356
171700 145950 0.819677673003
400084 106244 0.853047009679
2302 425710 0.86852744229
366302 343042 0.82911957249
187975 24210 0.865521970364
146255 34807 0.825526900619
26991 282305 0.884371808384
94912 128114 0.879435130605
61570 328905 0.845274684055
59015 408828 0.898727916014
138254 405896 0.871146945091
159827 20475 0.808725737811
71409 290103 0.819710852305
12989 399735 0.886824233698
3817 363337 0.835652943933
332267 140734 0.829585738785
251081 107211 0.842178832647
259887 12563 0.898034369566
161284 50745 0.864800549733
187071 173279 0.899460789362
272433 332234 0.800318905473
423044 132210 0.886450086331
328670 268673 0.839825471781
27332 251848 0.879688724828
265223 113458 0.83900277235
209267 151580 0.863730831543
234691 288649 0.894426758711
238079 367862 0.813282785938
226525 340671 0.88195434677
119989 166583 0.874844900495
98056 204422 0.809009149511
216 226862 0.846874844634
401662 14976 0.854558321937
224388 187593 0.853007584718
359719 193815 0.865613777447
189255 323145 0.858194113931
140739 104227 0.866732074233
73468 239384 0.883762843565
158533 12961 0.864903874767
251582 421611 0.883208844896
353592 195207 0.895488192598
185789 216052 0.87877531038
181494 159723 0.839987765388
277038 162130 0.843562878515
151383 101274 0.844061202765
82509 390971 0.813778918564
168980 389813 0.889935113654
153662 63423 0.867612678292
226670 270808 0.868330475956
89383 335188 0.896594145293
9887 286793 0.831911309951
160454 336359 0.809772491397
5420 159653 0.885023654415
378414 43271 0.845598228014
333046 407089 0.855657997982
370738 403512 0.846650547033
133815 113521 0.879344543983
259006 207721 0.870541286062
133705 411113 0.831909542873
258321 118275 0.864927011951
68610 365111 0.898579450959
28164 89494 0.836717375723
147862 167642 0.868373531624
327086 111221 0.843794199699
126488 385279 0.868873752119
400144 220752 0.803209491544
418189 282748 0.85688776456
1410 263405 0.88804497307
121749 340569 0.839858031762
217639 280778 0.801809647816
372400 37040 0.812707414586
134941 270361 0.896577037007
161384 336388 0.81644122177
348390 220218 0.809372475373
266950 206359 0.868107398995
328438 120333 0.826158577816
186672 383055 0.857555708331
166931 114699 0.885093247099
89099 159473 0.885947731982
138514 88605 0.841244063164
347125 262721 0.832919209942
150941 422645 0.851651431134
132309 361407 0.851307214194
399720 263616 0.851414882532
356114 86861 0.865177278076
347872 61520 0.862069429267
79458 303502 0.889238828762
152944 359748 0.828601723425
147408 282676 0.846520015938
196354 321691 0.895382235996
118466 90064 0.823076341728
144076 265921 0.893252133307
356213 133453 0.887623654503
391882 353982 0.829168893528
405721 211032 0.81804724078
399519 269648 0.834047166002
132857 163530 0.880981236012
209562 171524 0.882484273753
156557 169901 0.896626206041
126467 184616 0.812960731254
181176 407586 0.896008488602
322990 303653 0.82614849457
135504 326969 0.865858190152
69048 131802 0.845001304391
1281 150738 0.810499730538
71119 192032 0.892222484579
201136 147824 0.843419617916
343600 369033 0.870580876674
371559 278412 0.89439708736
165676 201129 0.838742681244
147969 67446 0.816983192417
277086 47337 0.825423409098
183340 11380 0.872899180193
158107 215446 0.892817993246
250233 268236 0.895671031907
88012 160494 0.885461146466
23843 157840 0.882632158747
106049 158779 0.833841606839
199786 147681 0.82402455527
205405 34016 0.806207586596
104053 143161 0.875874325778
295536 195583 0.893341917559
261616 118141 0.892531881297
184428 26425 0.856526475168
68476 197573 0.808366417607
149469 169878 0.859088288725
67097 354404 0.86823366493
166510 29540 0.881279501753
354000 295500 0.826928462875
328185 264725 0.896983818042
283070 217858 0.853973822091
282553 422438 0.875293387087
181 214216 0.826306491975
256965 340098 0.886950699884
363913 84828 0.878209212263
221242 128345 0.859102646668
211588 412878 0.816393094266
208537 185727 0.866396304377
280709 156199 0.862689840079
60256 269197 0.817009980353
211439 251250 0.86171019537
206033 128324 0.894535317847
71739 152884 0.854377319825
399293 36751 0.843991941432
108146 370320 0.850824921114
415198 143804 0.808450165653
133659 231080 0.857064593342
172998 318726 0.81334659866
121877 410456 0.832481528235
30645 273115 0.828754650172
204738 31535 0.827861848326
283544 158677 0.814299365602
195580 68748 0.863270308456
203975 309137 0.848040653772
401762 7397 0.833919826775
63358 159447 0.861786914509
105747 273962 0.863934410771
366377 349258 0.859771183339
157915 109579 0.808725022497
250746 230891 0.825181904637
210038 369783 0.859912864335
192610 353881 0.818518772009
403128 272369 0.879323395436
219317 365631 0.865972058767
155648 7263 0.872116272268
346359 20049 0.877193379043
331057 282193 0.896505165314
363397 388669 0.810472476454
421697 229537 0.867942298476
402005 31072 0.873541164924
119740 166153 0.807975394659
140743 74197 0.871641410298
169592 146010 0.801182849379
70018 139404 0.813546440071
9226 368889 0.82175872206
342126 21546 0.8398163008
219780 152835 0.86642087836
216067 426815 0.889675241769
129667 68332 0.86720218474
170752 343673 0.884009593429
92937 179858 0.873316537449
137948 170917 0.884147529119
306152 307562 0.821059746704
385256 271176 0.875022029819
418935 287062 0.861681265742
124667 348861 0.862801405629
379658 362560 0.834750962655
144209 413230 0.821130011746
31369 331740 0.834808564787
344953 12599 0.879000457116
420402 219632 0.855233894816
142680 55444 0.809210419854
198399 160903 0.841242406622
49243 44797 0.833477039806
200979 155544 0.8759073327
55 116856 0.874730636244
267483 124810 0.812340982352
144916 73117 0.80189225038
113543 70031 0.856502417986
344842 63370 0.800298532121
202789 259546 0.894086584889
392373 365179 0.822754072482
182008 424271 0.88343652298
200574 50491 0.802410063334
360468 83425 0.895538898148
210893 254880 0.848798462928
246310 320390 0.826793973234
16095 187130 0.817119708769
155145 64167 0.876663598631
332536 51247 0.876874233489
365048 208458 0.869375100367
288070 108528 0.810021959387
60550 400220 0.815924140435
272333 122642 0.860480766733
399859 100350 0.849033972529
366420 221762 0.893899724339
359129 237366 0.823933892299
133815 368247 0.824144731866
79141 372245 0.844093592878
257438 73300 0.875491939988
184112 261562 0.814730421957
199241 151158 0.838554723889
253950 225689 0.881747759411
359255 356761 0.832855536605
55697 137232 0.887886516408
13840 373163 0.879457364759
200641 69187 0.872111846238
283051 222984 0.868228045499
222285 430286 0.883373064746
419210 157700 0.885832856662
408185 132900 0.888154580034
259102 154670 0.828178550943
80657 166526 0.860045365852
180748 424440 0.85341903984
260477 74554 0.839173240493
68787 80166 0.812924092532
422635 254930 0.890301045086
364906 85810 0.875164162174
54133 145128 0.893546571751
8306 131504 0.850771698817
591 133820 0.822319779509
231795 184302 0.802094765036
156865 250262 0.880389888948
170842 122860 0.845260733874
369024 335082 0.870676880819
377597 177767 0.805507609328
160435 221196 0.878497847932
215899 237417 0.888879242183
225958 237403 0.855534906983
160533 6805 0.80785416366
333026 159488 0.856800087994
64968 12582 0.801420763202
164147 367538 0.871392909038
125027 281970 0.859639437153
118516 283759 0.896074390671
406949 104764 0.848443840582
35840 237461 0.81694912513
221729 150637 0.89418606202
368118 34961 0.838025068411
29405 157098 0.89364446674
410497 153801 0.878273432961
373084 220839 0.825213669968
101158 157480 0.88406684162
182861 23322 0.844268374242
346569 6358 0.812783245243
115393 348488 0.808698469143
379204 80212 0.842431128723
84288 170363 0.825620783003
332415 38542 0.84667497608
272153 36622 0.831818683842
115048 170770 0.877129330564
368511 345876 0.877427700577
312742 292365 0.896410165775
330845 271443 0.871456887913
130064 205307 0.84185303548
84356 171110 0.837383306092
411192 32106 0.83973595388
339057 245792 0.820277582763
53883 135845 0.820708212073
236222 48722 0.803526407914
130965 52848 0.892777585907
408057 236390 0.858214657494
68718 380973 0.823269014999
29168 272346 0.802367036747
216247 186616 0.857155290652
182111 420970 0.825988879852
70113 109204 0.893708031286
171368 32853 0.822783638423
168862 103109 0.866826810165
409634 57948 0.827686150106
22231 406426 0.833505667259
20139 233451 0.819723160942
331743 144001 0.801309819384
418872 289865 0.835442658576
151623 261916 0.836429008187
187094 260742 0.852197237933
67712 32758 0.894373319153
372185 347591 0.878027611355
388318 43244 0.810213859409
296831 195198 0.816142115109
