347948 221272 0.523679937535
167824 73179 0.50566765695
413750 403113 0.518044896227
166421 30856 0.572964573814
145881 237410 0.576543321217
385545 129704 0.582772377912
211737 133875 0.556789512991
188252 412355 0.596470490527
255147 214327 0.554057976147
158798 57527 0.584069161426
138495 102943 0.537324527852
125091 265972 0.511385130373
324911 302534 0.552693620413
385789 352216 0.56006146312
104245 66862 0.521200683659
247060 394821 0.512265357716
206297 157112 0.583866398386
227937 370239 0.596567649252
50721 331375 0.551497334708
202148 74719 0.557467408475
154193 59087 0.501953423253
184788 416619 0.528487162714
36981 68294 0.576498642157
190 403091 0.586734610045
251525 36646 0.568971455584
390187 176491 0.559223947785
282715 206026 0.538138326661
152585 398830 0.514481836749
68924 325859 0.551551551673
358773 87610 0.547317905831
220149 362450 0.52076023428
72298 336676 0.594962800579
373024 143921 0.546156122463
250894 266083 0.519793774859
431389 11596 0.585280126794
158739 22917 0.522987700169
134819 185797 0.538386730775
359904 19075 0.528700057205
253665 287549 0.550952297652
409616 115206 0.588399228856
75862 169614 0.558376912717
10593 149383 0.515470386882
88939 16953 0.5929536007
255506 121169 0.522008095265
204687 273205 0.549392909144
226354 413818 0.593295403147
53758 408621 0.517913947722
72773 20704 0.500754202274
141239 188036 0.510119890982
220824 154966 0.533974121963
158716 414101 0.585336905082
102740 252967 0.529871157315
176027 97024 0.550551013217
78739 196663 0.551274319346
344218 149077 0.547261531189
283477 429138 0.525148722823
401237 408004 0.504996238395
272603 1181 0.551459419588
73924 271574 0.509462615327
287885 263986 0.512397215893
106150 288149 0.57963732661
38786 250927 0.566254053646
428286 163887 0.584129374929
88550 18684 0.549097870899
265152 386684 0.533075066271
106844 399636 0.502690542755
213379 128018 0.527373237774
335026 155036 0.501721952797
283032 211650 0.533690268694
103954 156394 0.513956494397
23642 255047 0.534376142095
345660 211277 0.533677863473
418891 145086 0.575664219602
69379 208596 0.517336720304
317390 70266 0.519598771208
63831 155710 0.51805999873
71240 360685 0.557486480241
263376 120091 0.597037713455
141984 230898 0.563257171917
154294 104126 0.579482797074
327664 153459 0.59809913661
272792 27547 0.514879624705
296064 393210 0.543333098147
191791 142386 0.547624316267
133849 30952 0.573115112685
188532 55296 0.523460791822
105160 368061 0.542952178166
362973 213050 0.538146558891
202652 309244 0.560469234721
368008 87783 0.564764793957
128804 60009 0.562040699968
271609 329880 0.540154073023
27328 262591 0.594281014458
275023 365110 0.559238751382
129025 295202 0.544487476113
346991 413780 0.557275174455
66972 77755 0.565922013739
245062 319575 0.535222716382
125085 361848 0.540946295133
69903 219177 0.562868288695
132666 334841 0.545903754887
282662 364402 0.521586454296
132834 341301 0.595559791826
371548 45251 0.538217355509
51476 400709 0.573222678393
188184 402215 0.516975647668
365335 282949 0.534789934683
49802 132228 0.587987741805
284152 274033 0.547508655128
365118 79803 0.512485263046
109410 425725 0.51654973099
227586 282308 0.53315459205
376382 318197 0.59680445091
60409 188364 0.573563053461
167563 36184 0.591017270302
73110 426541 0.576480058753
401244 55410 0.574032516744
412102 147315 0.527385212594
133839 224157 0.545694290175
39666 237334 0.567784325272
101786 154123 0.500162990634
381958 77752 0.581406550246
210748 165054 0.571435248463
123161 264649 0.533637744068
296353 325550 0.594087559723
185786 181826 0.568038501535
13138 282433 0.509659357664
190693 322025 0.578970850408
22854 271394 0.574730076448
216865 186649 0.594795217891
27128 262444 0.583586061388
313657 248848 0.597158660826
390314 388374 0.592341046513
260231 20166 0.523851308298
364091 221071 0.505055163063
164412 270671 0.556907755826
104772 165701 0.549902154836
160834 69435 0.534313942639
221845 269909 0.59367485012
122253 90886 0.544932348048
216242 252981 0.587436255037
134812 411767 0.551400583475
340846 14892 0.5988577121
256326 30528 0.553040328384
88822 35197 0.529539464403
185352 353793 0.590526341693
142929 54193 0.570306393754
231144 260218 0.585917982605
322641 95680 0.568540693544
37416 371696 0.517880687495
395763 239849 0.579851312278
405400 51774 0.507241511342
150628 51514 0.506026100403
411629 273427 0.505983253334
273385 153325 0.58154356367
20613 151518 0.582510537165
109966 75440 0.526761040778
284401 261293 0.545789519944
290797 323005 0.555156725974
274228 154452 0.576789672221
37662 431506 0.559791032336
73150 265420 0.504098546104
94745 128396 0.501188173227
151909 276189 0.542906878981
104511 128253 0.562729622887
256167 113724 0.515148639413
149027 212887 0.506205604679
216654 424395 0.50848443955
162117 272322 0.567076483407
266030 401192 0.596564798543
366701 33946 0.549110875143
403081 60402 0.5087727419
56745 342321 0.580104478609
74162 67831 0.554309927075
250652 58013 0.525997127422
170495 115418 0.563393620418
361234 335090 0.578830817665
406191 64555 0.588839328609
60434 398961 0.50854699556
420292 152746 0.534185233015
163937 13465 0.597971807775
301708 373578 0.542037515247
377427 291919 0.515815148774
67235 154525 0.529855347381
228941 160321 0.586183328931
54338 184881 0.50225517008
164053 51777 0.505527387939
393651 192310 0.512037843783
274824 372100 0.511013884376
277072 167459 0.58487117184
184238 237692 0.546142984268
410697 142790 0.584130164204
130341 34548 0.56259765027
9671 406290 0.528032730861
16733 137498 0.582574011323
348718 36433 0.537158522836
385181 273527 0.553967911316
25518 373059 0.586389575308
80983 171111 0.597260753784
182161 164033 0.569208503571
399464 170380 0.540928897072
233661 37300 0.545368059419
373246 198267 0.516051663477
90024 278668 0.526755313393
103223 344562 0.569900228659
131786 9319 0.500128480113
424398 328904 0.597149715009
415797 410466 0.50227332763
281736 135983 0.524304939011
276998 387329 0.573121418772
341338 185947 0.505625605901
236739 409988 0.525899321953
407528 228216 0.589074545856
362939 276882 0.593052574864
151337 271259 0.583998052508
317831 297396 0.513468741696
220024 138601 0.538302640386
23447 341467 0.584504858995
382695 311355 0.528587297211
121297 270354 0.554893720784
128299 27918 0.508514520798
341136 8473 0.52377044041
105985 69158 0.585715235231
151632 228523 0.529055866565
7835 327883 0.530843766785
413048 417786 0.589895563777
368705 28862 0.51469072965
104079 128012 0.588266436975
288194 29204 0.592823074958
430397 251984 0.545046363921
411478 235136 0.575872694921
71741 149404 0.558949203934
168437 227387 0.59327755115
69286 131177 0.583427330705
24890 184290 0.596388195663
332488 181948 0.550446174145
122776 283119 0.504445754741
24068 414858 0.534825515478
261164 249911 0.558141732928
404671 6841 0.510324799517
282779 6717 0.570528382742
129695 374883 0.581839308473
279387 84665 0.577366047533
140228 349188 0.586214228069
145282 13992 0.589984556477
371431 125335 0.595269739728
86288 365335 0.523274917145
140317 100130 0.580989229942
340130 282319 0.539897573159
153678 106106 0.55985709787
88446 85760 0.595333249172
416506 160781 0.521579986678
327843 215725 0.55302603881
392542 406324 0.543661723875
103467 417361 0.537412714037
109942 128527 0.550919561237
382285 172437 0.548590375734
412756 33778 0.527850623753
128483 307911 0.504778679918
139616 58026 0.510014622081
3803 251813 0.578811314839
252661 214767 0.574266202919
413056 119485 0.531914428484
366553 69974 0.500915317642
365969 138582 0.588162130758
347751 364767 0.549625444984
165519 164160 0.599479009884
433558 418413 0.574299241792
303184 43993 0.550950977947
157265 8671 0.505696245853
405206 391920 0.553497640618
129369 173191 0.57787709675
217677 159982 0.518311072796
254186 221112 0.528148545322
342610 102821 0.514669015561
353261 302294 0.595124144559
254619 339818 0.532006412111
208220 167163 0.576387738881
344920 53873 0.591728321005
209209 204303 0.57342081744
121670 332524 0.585315994469
221438 253230 0.538515054797
59540 186101 0.58994978332
139763 8724 0.556685136673
340667 75222 0.538495871235
346618 106623 0.58215978503
129823 69341 0.558491881095
1509 169453 0.593842901019
209783 403265 0.56501874172
66759 230709 0.553812677617
181334 330846 0.593724662465
87835 132195 0.598998309409
140055 407460 0.526488470937
104615 264272 0.511542477197
243518 326314 0.542346143417
209087 139735 0.574808855281
140408 334850 0.598434849779
204898 340549 0.562541901644
107472 398926 0.537719085988
70899 212703 0.524041264363
271988 107997 0.59289161718
54941 117720 0.566080630006
265014 329206 0.50695058308
157674 38087 0.553612243621
292583 175893 0.560253682
103569 328119 0.55012580951
341128 422703 0.588150367651
49541 155342 0.50719898785
410365 36718 0.539845979377
225357 263323 0.520285401992
415077 146885 0.514756527447
396078 339133 0.533894712155
160792 73229 0.591426853799
333059 275687 0.509956319663
364030 274227 0.538303107484
364528 115849 0.58248953361
141279 67519 0.566185118593
130594 55464 0.592275190717
182765 3122 0.541084334326
265452 146967 0.508851077387
270757 157511 0.564521933711
70765 117259 0.521588478796
319448 293753 0.588427470038
10821 149449 0.565004270048
64109 238830 0.52702696392
368691 36570 0.519644595616
125296 361124 0.522490488695
406604 26390 0.564324320351
72151 409592 0.532060458728
401915 422850 0.566250585272
343450 156964 0.597495108612
44279 357536 0.514995797857
406671 281875 0.573284366573
422737 120938 0.519353568767
95049 378055 0.541153627582
159653 278440 0.566515320182
230 115406 0.549455047236
165403 361811 0.525887731128
239518 183483 0.575426386718
38097 139959 0.54181434966
157363 429975 0.523696581519
197032 42578 0.502348774047
24666 184552 0.564456029447
257789 332579 0.575744253467
327854 29080 0.529741701736
102718 141701 0.569782540845
193473 317744 0.512055125825
203529 65569 0.50857996095
80753 370979 0.518741524602
324075 290791 0.509510582394
168060 57433 0.575342186733
343707 131963 0.594545932403
361941 83838 0.51336917895
15139 162747 0.516253442124
180920 127639 0.588491658389
192533 338080 0.505057831144
102160 141512 0.564180064511
365685 117658 0.534846680791
334182 19277 0.57878965417
162219 4474 0.50277502975
225925 414210 0.583976878647
171093 231161 0.522051505936
414320 150591 0.59380258344
391427 193351 0.53699638196
89758 344688 0.534230923336
394676 314127 0.58586243921
257679 123607 0.54357454837
289244 212339 0.500919213181
133709 150309 0.594090348085
155821 229712 0.541839378518
425211 111263 0.510463966946
286789 105588 0.570786868501
261118 136809 0.574679010782
250357 8573 0.538573224011
13159 154752 0.521144168991
418342 155969 0.552337720459
174875 92519 0.524006497531
259521 118076 0.575466909241
237951 182026 0.520566814672
150698 53708 0.597586209941
158523 209289 0.501414208248
282452 225456 0.502981668765
264358 207980 0.530017284181
205009 3947 0.502486366816
399136 254895 0.583738493973
137909 180845 0.502799331352
109190 341031 0.569524854512
99448 414941 0.560271307232
131435 406318 0.555607461164
140007 209957 0.522660969804
213019 341005 0.515235541656
217995 408097 0.59925173832
238304 164715 0.597253609433
342342 100023 0.579856179678
251902 32750 0.570407071194
430287 118803 0.582407898335
204345 4509 0.579025951447
327580 339859 0.532555916101
184583 272134 0.538935156201
289725 267456 0.544369057819
228270 166764 0.536999434664
328328 221726 0.591282862514
425439 1038 0.591247302854
183963 347247 0.550991679679
31164 68793 0.522333158662
158439 90208 0.57020844553
365352 206961 0.520696695461
222310 153856 0.530928803052
300675 394837 0.570472268872
20749 180673 0.55609084586
134535 74876 0.505157961459
18939 405963 0.559579404391
161593 6864 0.502798666499
78925 159141 0.56488177547
226481 283539 0.51788434909
182729 22775 0.524642244429
368114 2509 0.535299881004
34772 207091 0.584961559309
163382 33509 0.554887233359
237738 227934 0.502488915776
139981 370487 0.548415288938
340754 176572 0.56668980124
327117 258272 0.524517370449
152469 87993 0.597686499035
98778 426604 0.575821109558
116272 87464 0.500427362062
303340 91849 0.543852703429
60915 204757 0.587633733338
415477 149513 0.50514451805
408760 12857 0.580918349629
6660 408925 0.565145957263
266483 146295 0.563552001842
105054 252435 0.592915291328
366762 354950 0.533458865065
353584 290237 0.585962815856
289544 33622 0.576085270999
296168 173786 0.565568043513
69082 74487 0.597844477228
25566 262203 0.568614490811
200720 139474 0.553955080758
234656 287775 0.51076887405
377354 298325 0.520861860299
209284 410563 0.553160976957
351279 428639 0.534046907608
16481 401481 0.518445192973
214937 412747 0.511585213506
406126 54583 0.574430336691
182803 219274 0.574381646714
321021 177112 0.544293712445
138130 58042 0.579428802917
153848 82281 0.539495491472
174021 184690 0.576074891288
225145 265997 0.576422728391
156364 49872 0.58272587305
97385 371802 0.521615639462
90671 333999 0.555342716013
434141 72189 0.56182286949
219787 351400 0.541858694912
88672 336920 0.557241968142
272307 140842 0.547309133223
32160 329986 0.572113227578
253878 133911 0.542886814475
38349 267852 0.587759644048
410815 108775 0.565444302919
129932 179687 0.566241286117
157416 238419 0.530724878205
134562 270695 0.541464799616
255784 341186 0.588242660957
64771 283870 0.593050166379
102697 67999 0.552589081123
2137 289220 0.58287099239
54351 144229 0.500414769823
157183 258398 0.517140868292
239800 395870 0.583568720545
128519 208067 0.545850222981
149688 53585 0.500975224021
225359 255305 0.597779006316
13562 158568 0.578150374394
195635 70726 0.570431065952
363542 69532 0.570870849452
93210 354440 0.541508904202
140382 59266 0.547120712138
116437 331016 0.532592802922
402502 141681 0.56321291393
334400 169748 0.511116835753
16803 344354 0.57088875981
144290 54129 0.555662539325
254135 23322 0.554401451594
254443 347335 0.56220400409
330485 431251 0.512013306564
115559 405994 0.53576830024
197172 293537 0.584920896352
65381 128136 0.570294721635
368818 60551 0.575038154281
224175 152790 0.589523051806
428428 148512 0.55516111527
378871 89642 0.561522711801
341905 14997 0.592122313744
345103 197564 0.539282702429
118819 372353 0.517524186316
422758 407715 0.503871368683
115583 272363 0.576237716089
354809 171934 0.506230576593
343045 59264 0.523616668575
40227 19980 0.500728579388
187722 12289 0.589772240531
400594 97466 0.519030603106
192523 378751 0.579444977328
260839 146674 0.517217830579
198037 403933 0.569837260756
372005 343175 0.524543938169
205509 23580 0.503828014906
35541 424887 0.588351535522
412386 183935 0.577086480661
150081 199818 0.578366843445
140142 348387 0.572611489412
179203 191669 0.522734161135
214918 183339 0.542535412876
347082 116198 0.520890815203
137484 364717 0.540824525628
329226 100879 0.518687076414
340242 209456 0.507507937607
69466 79704 0.547840441331
399003 416781 0.599851967831
127361 265078 0.502848416122
382504 377642 0.520111934407
152767 267448 0.526589893085
406197 58392 0.578932123525
92176 393067 0.572160801777
69917 79452 0.591090165092
262431 347104 0.592899830809
77575 68665 0.519913533486
94470 297346 0.507556184489
56208 329851 0.511566362541
159788 427086 0.573777284023
350696 330608 0.515274006891
32056 398565 0.54964721263
35197 187954 0.59284229696
230600 127885 0.569877027961
257456 329687 0.570347275119
171759 9149 0.572629719163
343722 31025 0.582445624408
410440 136593 0.507976214124
399363 386137 0.57534936508
136774 235999 0.555864189854
113297 92670 0.592575515545
3587 153217 0.571339551196
182374 111288 0.534848976637
32501 185030 0.518559808714
123906 420636 0.57719291022
183059 384473 0.530710242743
432027 355967 0.505457780061
149491 429352 0.545322768467
251265 59710 0.514635350668
297046 323273 0.545698747075
341320 26723 0.565559080182
369258 3059 0.590025207807
188139 106687 0.568353979419
352566 68878 0.539837443566
430535 400812 0.591011131427
311450 298180 0.523248451784
289383 211124 0.579291983489
187460 227936 0.58198411278
84696 166311 0.557782012583
27490 165671 0.519463738167
380439 70649 0.507578940253
374463 385325 0.571079735062
409365 15028 0.528506455404
343378 218772 0.554840518267
121146 421168 0.536003889912
231991 346441 0.521728134352
429343 27915 0.505486843829
166707 3139 0.514054083972
39640 130243 0.579697159185
374934 95918 0.576102973815
229934 68250 0.54968343521
370987 117167 0.524941372197
406985 191549 0.504915885354
82505 90907 0.51304632665
69379 142631 0.532113105917
135350 253693 0.512174729823
421429 138122 0.557838731879
150424 168783 0.516402436841
171638 205790 0.508655366706
332366 109481 0.503243279274
137157 57728 0.532912504319
281243 106596 0.563287608627
9539 145630 0.545564174605
158551 90751 0.501181905599
288396 425189 0.596069004636
137852 56436 0.556064671984
238883 226532 0.579712295556
269639 124673 0.546445097505
119193 362318 0.502943755873
250891 184149 0.578662486955
348996 184054 0.588306954192
121055 426487 0.505590335932
408103 25208 0.546088295337
161337 37211 0.59579570546
30338 170203 0.54781794692
141071 360967 0.502509334537
332449 24004 0.535339020526
220523 167848 0.545305197625
430260 212771 0.532829761563
250382 213605 0.517165157885
239409 391209 0.557673010842
320675 173488 0.550917278038
184676 266536 0.529465652179
306146 308689 0.528519236137
122524 257595 0.528707081807
52926 140011 0.587225045412
418623 185732 0.598820911963
129170 204108 0.50081458445
12305 346049 0.54103345675
54423 410575 0.518720667938
273548 403051 0.509270259558
135884 264635 0.510422912002
416102 164674 0.595926277119
185813 125096 0.53416160213
129477 214687 0.585196479907
372397 335567 0.554928539392
168140 210915 0.566946877652
344165 136181 0.525609766625
189611 91685 0.579733456669
34767 54564 0.565872863611
184108 118675 0.534066239345
137765 209893 0.593302954575
362588 35042 0.588546173828
53994 135019 0.531336494162
106468 368046 0.512498908717
404012 13453 0.512839063873
35826 157651 0.503912395809
142561 26310 0.587210770771
153084 197698 0.534476863816
238912 389524 0.575718638507
311324 173650 0.534643643483
201193 50000 0.554683440526
409249 38196 0.58182331193
27266 205357 0.507168354989
360515 159081 0.52314279674
371293 138863 0.525115935489
259063 340325 0.507999688579
183989 134358 0.566436030321
370194 123643 0.56940232635
252167 104446 0.564150876668
143116 216952 0.518662369443
150768 213373 0.560897476609
99205 251833 0.525481782019
104996 238754 0.561607848648
391715 40570 0.511557351226
131069 192600 0.535511794582
207885 405802 0.592002102953
159812 197833 0.541741967992
142812 416243 0.527536088798
73812 170760 0.585001034411
330480 411136 0.586264479069
414973 231227 0.524840702876
330997 256784 0.502407802667
158591 37385 0.510572866104
71119 104386 0.551397597924
167925 14694 0.594336091014
130402 382887 0.555891174397
155909 54099 0.511154596533
367791 111787 0.58585942628
153654 371871 0.579954896384
435432 235546 0.586890258765
218074 144466 0.566254877528
24237 131159 0.589052716176
163443 29685 0.509877427007
425894 161816 0.593507539517
355778 199946 0.556082330311
256511 75044 0.521790672214
50671 144600 0.595248089685
186231 214723 0.547380979611
49404 140770 0.598165149116
348639 407372 0.554384898227
54990 328906 0.564656036119
187459 162137 0.581886268234
204184 253671 0.559764016803
105547 411921 0.58292498237
265999 204499 0.505897219535
69777 221996 0.527782451921
405309 392189 0.54657935612
180070 294561 0.56227978379
413111 220150 0.518005870925
83304 373153 0.546972591558
330756 123012 0.528338825003
285190 431851 0.527459998787
259586 123501 0.571530757816
157256 195742 0.539817931438
137054 422550 0.565539608142
291505 377370 0.558853104198
402659 270484 0.525994440144
79149 276973 0.516518311336
344440 392477 0.516199176341
170570 415285 0.591538341704
368235 17556 0.556377322346
340362 273165 0.583376342657
239231 5071 0.557313599739
214793 327187 0.570894426604
171700 145950 0.589286399457
400084 106244 0.576497736054
2302 425710 0.50446737681
366302 343042 0.565788083978
187975 24210 0.572235967355
146255 34807 0.519169133098
26991 282305 0.528287896192
94912 128114 0.54048566757
61570 328905 0.524929460053
59015 408828 0.574357464385
138254 405896 0.545477200395
159827 20475 0.557971566102
71409 290103 0.599696632363
12989 399735 0.527117262607
3817 363337 0.533551600875
332267 140734 0.59846011194
251081 107211 0.533670796553
259887 12563 0.522382904008
161284 50745 0.591508019113
187071 173279 0.509936953376
272433 332234 0.573067060841
423044 132210 0.568833540557
328670 268673 0.505052241147
27332 251848 0.572771477247
265223 113458 0.565126699941
209267 151580 0.570629803175
234691 288649 0.541566802298
238079 367862 0.517602806067
226525 340671 0.587218388426
119989 166583 0.54091678531
98056 204422 0.536091996751
216 226862 0.593736281665
401662 14976 0.575864668183
224388 187593 0.573775279528
359719 193815 0.594274703026
189255 323145 0.57287021044
140739 104227 0.551505663929
73468 239384 0.50189896521
158533 12961 0.505784409022
251582 421611 0.542306521821
353592 195207 0.517048324875
185789 216052 0.509691328252
181494 159723 0.577200654438
277038 162130 0.521252261942
151383 101274 0.507613573743
82509 390971 0.546108538145
168980 389813 0.598355570834
153662 63423 0.59055365178
226670 270808 0.541787789142
89383 335188 0.574254284014
9887 286793 0.586894051562
160454 336359 0.514013188489
5420 159653 0.502645786505
378414 43271 0.506919257878
333046 407089 0.590795564103
370738 403512 0.50144250612
133815 113521 0.506170158457
259006 207721 0.592407899544
133705 411113 0.503725226243
258321 118275 0.533616942598
68610 365111 0.562292821892
28164 89494 0.569474033397
147862 167642 0.54459743038
327086 111221 0.585926655826
126488 385279 0.566752642009
400144 220752 0.577859977963
418189 282748 0.535176935501
1410 263405 0.538915042021
121749 340569 0.513658870564
217639 280778 0.584740072108
372400 37040 0.509840160164
134941 270361 0.588937003381
161384 336388 0.559174899597
348390 220218 0.505063973625
266950 206359 0.519973790589
328438 120333 0.585470168955
186672 383055 0.550283420453
166931 114699 0.527267471971
89099 159473 0.598965334934
138514 88605 0.584708071023
347125 262721 0.507297286758
150941 422645 0.512168311968
132309 361407 0.508184556615
399720 263616 0.537933956294
356114 86861 0.529735349639
347872 61520 0.548584283556
79458 303502 0.535908773972
152944 359748 0.524346924426
147408 282676 0.531054707641
196354 321691 0.564795214345
118466 90064 0.526375823873
144076 265921 0.559095726044
356213 133453 0.507804124879
391882 353982 0.581955379029
405721 211032 0.509553839218
399519 269648 0.540269060077
132857 163530 0.526611296856
209562 171524 0.585470789152
156557 169901 0.537488453373
126467 184616 0.568175707241
181176 407586 0.525007336694
322990 303653 0.559321752464
135504 326969 0.56970147748
69048 131802 0.553059890106
1281 150738 0.592014560734
71119 192032 0.515794694999
201136 147824 0.588557454582
343600 369033 0.547332024704
371559 278412 0.564152157859
165676 201129 0.580688827915
147969 67446 0.548481294579
277086 47337 0.567883168156
183340 11380 0.508999421811
158107 215446 0.502974391143
250233 268236 0.542715945001
88012 160494 0.50435667681
23843 157840 0.519938778472
106049 158779 0.541470815475
199786 147681 0.589795776628
205405 34016 0.591046078716
104053 143161 0.522167889933
295536 195583 0.520802667151
261616 118141 0.504276553073
184428 26425 0.565493580427
68476 197573 0.519630316978
149469 169878 0.553698442579
67097 354404 0.522322287934
166510 29540 0.534224894981
354000 295500 0.589219650085
328185 264725 0.534909041104
283070 217858 0.589212832391
282553 422438 0.500327830089
181 214216 0.548938171413
256965 340098 0.502046148248
363913 84828 0.533137941859
221242 128345 0.523865447611
211588 412878 0.592251422049
208537 185727 0.556773206605
280709 156199 0.551846520259
60256 269197 0.597781948661
211439 251250 0.552582274408
206033 128324 0.550426573417
71739 152884 0.518361683448
399293 36751 0.558580264675
108146 370320 0.59387007695
415198 143804 0.535709260333
133659 231080 0.564037052103
172998 318726 0.525784539693
121877 410456 0.58002877996
30645 273115 0.570927197534
204738 31535 0.588989756939
283544 158677 0.51077835251
195580 68748 0.537388340469
203975 309137 0.565105341801
401762 7397 0.561126299796
63358 159447 0.554240542472
105747 273962 0.578316995452
366377 349258 0.5931949311
157915 109579 0.53039060654
250746 230891 0.556152867606
210038 369783 0.517596439085
192610 353881 0.550089709955
403128 272369 0.538685792385
219317 365631 0.559175534664
155648 7263 0.594898833042
346359 20049 0.511232359187
331057 282193 0.564219214211
363397 388669 0.56045466393
421697 229537 0.545040201582
402005 31072 0.533531828355
119740 166153 0.506186541365
140743 74197 0.575602700812
169592 146010 0.5676968286
70018 139404 0.530250686899
9226 368889 0.554329140744
342126 21546 0.588437361614
219780 152835 0.535403290479
216067 426815 0.54816194344
129667 68332 0.554268314955
170752 343673 0.517495761586
92937 179858 0.578185596022
137948 170917 0.507785150352
306152 307562 0.54049562697
385256 271176 0.532242834291
418935 287062 0.511527093617
124667 348861 0.543690263754
379658 362560 0.522129754859
144209 413230 0.599467360036
31369 331740 0.573451845983
344953 12599 0.512338906168
420402 219632 0.538252778483
142680 55444 0.541505618417
198399 160903 0.501094529473
49243 44797 0.51533909993
200979 155544 0.599092080231
55 116856 0.545174508148
267483 124810 0.552520102995
144916 73117 0.548984784316
113543 70031 0.582694537764
344842 63370 0.574086741827
202789 259546 0.579845278469
392373 365179 0.58725510266
182008 424271 0.54037872553
200574 50491 0.518685108258
360468 83425 0.531763459252
210893 254880 0.599524580677
246310 320390 0.518192358244
16095 187130 0.558149063683
155145 64167 0.509491486399
332536 51247 0.536774296019
365048 208458 0.566942375163
288070 108528 0.545191485098
60550 400220 0.559996986455
272333 122642 0.522499843767
399859 100350 0.580923351116
366420 221762 0.518023456294
359129 237366 0.576525692323
133815 368247 0.521368423218
79141 372245 0.593519679283
257438 73300 0.525526801789
184112 261562 0.538920947146
199241 151158 0.515520471682
253950 225689 0.586244478185
359255 356761 0.521793817671
55697 137232 0.531225673611
13840 373163 0.594417269797
200641 69187 0.567747150966
283051 222984 0.53905900537
222285 430286 0.501406711481
419210 157700 0.58819662947
408185 132900 0.577096338268
259102 154670 0.522341035947
80657 166526 0.558058644008
180748 424440 0.522215940747
260477 74554 0.561466341109
68787 80166 0.595648979853
422635 254930 0.594799074662
364906 85810 0.595847711203
54133 145128 0.589963434824
8306 131504 0.572123598636
591 133820 0.559266105682
231795 184302 0.591330370304
156865 250262 0.587123325038
170842 122860 0.568806635107
369024 335082 0.590296030175
377597 177767 0.597359220789
160435 221196 0.567779494034
215899 237417 0.549073537733
225958 237403 0.548619252404
160533 6805 0.503368166845
333026 159488 0.57210637434
64968 12582 0.5887110004
164147 367538 0.538170919892
125027 281970 0.592115485292
118516 283759 0.505824443058
406949 104764 0.56072632142
35840 237461 0.537068940641
221729 150637 0.514474673916
368118 34961 0.596429105446
29405 157098 0.597057355833
410497 153801 0.57043373554
373084 220839 0.500330556988
101158 157480 0.545766513599
182861 23322 0.543917160226
346569 6358 0.518071075692
115393 348488 0.530207354211
379204 80212 0.57709587447
84288 170363 0.526792454762
332415 38542 0.52555905848
272153 36622 0.587621624814
115048 170770 0.575597716404
368511 345876 0.574254682246
312742 292365 0.540141697187
330845 271443 0.52805861213
130064 205307 0.580027440679
84356 171110 0.552827581445
411192 32106 0.584672408938
339057 245792 0.560069346031
53883 135845 0.507947180984
236222 48722 0.571326197643
130965 52848 0.542791795569
408057 236390 0.572329668114
68718 380973 0.512034458429
29168 272346 0.536578677166
216247 186616 0.569024749816
182111 420970 0.579326880501
70113 109204 0.592666160067
171368 32853 0.566432650738
168862 103109 0.568312420821
409634 57948 0.599870623212
22231 406426 0.559939471117
20139 233451 0.52525475226
331743 144001 0.518099595274
418872 289865 0.575816477193
151623 261916 0.519453770456
187094 260742 0.542373329076
67712 32758 0.505994268076
372185 347591 0.564492303093
388318 43244 0.570029167876
296831 195198 0.554246864102
