178753 127697 0.717956060171
35049 215015 0.700937429352
26472 211461 0.70886584978
360342 366847 0.749099600879
256694 250761 0.774274839819
267373 264611 0.795263831656
220197 62221 0.770852605196
215158 14945 0.789438375262
303637 380185 0.780215846054
106051 55507 0.728150159336
260026 250847 0.704206427522
164302 125558 0.702322268813
35013 217692 0.720728560231
52807 62945 0.70931213611
416528 7221 0.735143376608
155089 146176 0.767038349143
139653 137686 0.757111179136
63962 10697 0.745285752546
35130 229932 0.783737192104
220638 229872 0.712762156043
216146 23059 0.720460851553
111512 60723 0.741131301509
70906 341654 0.705711969465
232025 30795 0.786910056366
108899 5738 0.731547495107
23578 115203 0.753184217932
161348 162084 0.776616744731
8027 109955 0.709406221629
31401 121990 0.709646086914
231308 417348 0.749736917279
159842 163207 0.732887818775
227519 207296 0.795243930548
5286 427622 0.746155968891
349348 287272 0.776398013905
230252 231930 0.746075988135
267674 3303 0.75526090423
124458 141012 0.726370170402
218302 75641 0.759529157463
427587 22373 0.713587200068
20335 23791 0.708149987536
107108 427223 0.733854002642
424694 52653 0.72408053809
55112 229827 0.714608123147
221319 75907 0.733971069105
223049 56665 0.77769635656
259381 266420 0.777485889466
85927 82105 0.720437349517
110961 7964 0.723385775547
38321 4195 0.79072866261
160026 368194 0.738773071223
198251 79232 0.714443245519
59684 52960 0.737516140242
55131 222913 0.78561748291
60016 267501 0.798213245014
214012 23361 0.762729070603
129127 132120 0.74433149104
218152 417239 0.788385940453
215815 182301 0.712849298586
34208 115712 0.704960420294
231664 3523 0.714122316536
211103 75214 0.739499913766
205860 6359 0.709520036629
123922 16614 0.746079043095
406903 152622 0.747372749252
337474 320413 0.789802809225
217397 21283 0.758231066952
258716 269012 0.778548814966
33438 427641 0.704528183704
228076 125206 0.795854104854
414278 267347 0.760955071366
65479 109871 0.765849380384
180266 174890 0.730130379426
105062 65646 0.767294530962
210171 56878 0.727493994524
231302 226977 0.790158784087
209128 11821 0.707398046875
374307 174289 0.703663241477
122049 26434 0.771638703475
211839 206110 0.736433095174
107327 54602 0.786755456018
122310 97433 0.777054013169
206082 22479 0.701005970478
171977 177015 0.711624941857
108437 209709 0.736072087235
239284 67863 0.729707710643
12718 222066 0.791945309899
937 2962 0.787982145994
61376 110218 0.701104755793
20320 209502 0.777440170429
224579 427423 0.772840432712
350383 351043 0.725138107765
178904 180093 0.721336514726
231012 223809 0.791648233939
34123 220400 0.730749842849
327381 284299 0.713256160478
63147 98136 0.740092106086
231905 108383 0.729075885101
14300 231952 0.707480886985
40722 43703 0.795696114014
94982 317785 0.787247385409
32771 103699 0.708120199798
145582 405167 0.747661470235
95015 94073 0.727415315463
162754 151020 0.756246354226
262868 421123 0.775228892357
413879 10953 0.746788052978
12890 414292 0.768219146246
62545 23077 0.789217392558
214807 33660 0.729625110589
220675 39268 0.723716021954
184939 186138 0.739267972315
106193 66025 0.704634223856
137419 405149 0.706593075791
8265 36987 0.704212645651
118679 7438 0.752982471566
34480 217860 0.795539040734
230802 428245 0.748396737317
153947 142804 0.778017527221
170911 169999 0.747578872785
161473 404030 0.731029431715
212299 52049 0.715097051482
223601 9300 0.736569262851
22430 57395 0.747568178583
428330 415354 0.708239555146
100380 207330 0.798846370556
314801 317288 0.787097533246
93941 95580 0.759003672843
120130 223466 0.712973607774
12738 225880 0.741810537259
217879 55906 0.721342831129
28502 210282 0.732863406133
51975 213178 0.723633993815
359693 366121 0.716233346379
8870 418901 0.721053760243
209348 33266 0.798225886723
214156 122745 0.728797270695
160879 136866 0.705063487996
57351 108290 0.777712588398
338278 317746 0.767353472227
271281 425524 0.792869266837
66251 102179 0.748519400567
255895 62151 0.797554324015
4700 415443 0.794409142164
151132 141987 0.792956012278
24674 228883 0.706751619267
55689 4455 0.748368862619
107514 55590 0.706410126209
97746 228138 0.74337417835
31311 224362 0.795939551874
34198 222264 0.77644279426
9691 219267 0.72241139212
123260 209929 0.729721641945
8561 28431 0.709426469884
29340 61136 0.775060918727
67062 169875 0.788986345408
149658 145753 0.77982885075
60387 931 0.757147094782
8102 23266 0.790590536237
182002 230557 0.787903510491
114344 30804 0.745319530158
402908 161851 0.726923606419
290598 293393 0.79997649326
57919 22480 0.735003220655
5222 25940 0.765841490304
3936 32900 0.706875312312
125167 104668 0.763256714814
209796 10014 0.713826445956
348749 346057 0.771417537505
224648 30457 0.750707493687
120785 106392 0.736976299147
312363 312187 0.71904321338
2638 23784 0.767315167061
64710 265511 0.712464934183
230933 211321 0.718816213691
57722 107077 0.716819139723
101454 118340 0.721531651849
102591 59565 0.772572788695
104649 66032 0.792641393648
205898 107839 0.791194007046
13499 123113 0.733384312198
115696 36508 0.785574851738
11819 224432 0.799641852184
208111 98840 0.757055716582
211959 34197 0.720669946667
60247 107066 0.744201411086
83843 85064 0.780270909693
430361 422199 0.758913473778
36811 207803 0.791086902316
335141 336749 0.795227014311
158418 162024 0.774882994959
271332 63849 0.750767804196
74711 101141 0.708726254056
380968 387927 0.744534140456
35323 5015 0.795361935363
217032 14504 0.716061835866
66928 345251 0.748987382851
408629 329940 0.769331130927
56402 266850 0.770841332164
167534 88293 0.737607820366
267198 427256 0.766761557998
24964 64072 0.717118607448
32832 217106 0.740473082377
30163 122316 0.766607208896
59297 217434 0.774217107425
35235 134046 0.711415866763
16909 33905 0.765159647678
262469 267090 0.790431086158
121744 28932 0.796381898686
418446 8976 0.773837427644
239521 67523 0.702425848643
136547 27657 0.755331151265
207691 213211 0.732266584485
229777 32263 0.787055011027
8529 413927 0.759136521961
8606 52472 0.788433248953
14938 57018 0.731501408689
213595 30281 0.742340021374
227358 12155 0.742632036501
151795 405663 0.712198049271
114964 118344 0.71596925456
45503 47124 0.772439212961
110587 98560 0.744968428981
126604 176674 0.704473522096
10202 55587 0.71500417944
27331 226724 0.739006677047
23229 116820 0.786584790998
215879 118131 0.782707329826
230253 4138 0.70470580119
28644 6253 0.727794992517
103132 11136 0.773817947415
227013 208504 0.701020927931
230515 51113 0.704500283487
9293 214461 0.765694774614
101711 225602 0.749895498426
230633 123877 0.710546451264
65438 14006 0.747274539992
2210 32289 0.785551161506
226481 58976 0.774839441452
8810 415531 0.794342514445
116148 122898 0.719510616225
57261 108496 0.788038727599
32739 230961 0.715635279086
114260 110060 0.759404272202
214313 206592 0.77446440371
21410 115231 0.792323121432
218673 115601 0.732437785585
32668 220031 0.76717908247
54825 212069 0.700740516831
35254 228612 0.749617053208
231999 124914 0.701773591879
15008 58941 0.743517544455
62345 11947 0.747488531399
158773 144355 0.746595823687
65910 267583 0.793192171054
427757 59316 0.709550745867
45948 47443 0.775935948165
257618 412888 0.797546954613
75028 104122 0.714398243894
53795 62032 0.756505117179
75035 216840 0.766790162981
200300 200036 0.70047253797
5883 24127 0.783116352571
6037 51460 0.793528210714
282339 133087 0.746591847055
100010 227823 0.705245546615
269211 254547 0.721546817234
218390 28037 0.773694167895
417214 111500 0.723537601712
119067 213576 0.774815624588
223168 39553 0.720025767831
99488 230620 0.788471153713
206301 106466 0.798777534098
97574 64008 0.760423687504
273878 423698 0.723027744283
207958 33766 0.779626243735
258149 51358 0.767483361293
225145 99477 0.716502242145
36732 210332 0.740860741786
124619 208001 0.780359208342
266351 54665 0.732318565624
123924 217650 0.77098701694
28858 60811 0.72659051553
36699 209040 0.71138705254
229866 213055 0.720940924407
15715 429700 0.792579627971
170463 158179 0.782219138158
15985 34900 0.757967001233
221104 14969 0.732871056373
229420 25935 0.735981165557
241178 241044 0.700220718646
180497 176696 0.729330506942
120638 103145 0.745234716424
15843 36547 0.702115785081
149615 402949 0.791111465432
143723 126038 0.729532775888
116026 219922 0.747320130381
68095 343790 0.70193356081
113737 120810 0.720428232791
27579 13995 0.707015897902
427014 11148 0.799609486061
263374 64232 0.794434176359
170807 370183 0.707004717962
116577 228560 0.703571780611
202907 249691 0.774541531667
62648 15656 0.725762800752
226098 64436 0.780049746434
414491 12098 0.734639923304
12026 115301 0.71730281632
151146 114456 0.776121918507
58270 53007 0.786415334228
293226 301064 0.771449351513
237262 233705 0.76147183803
205979 118780 0.785771904085
163579 145798 0.755812216265
26320 115230 0.755440063839
217393 122250 0.75210929208
38547 211225 0.709769594785
36655 231179 0.719917196802
223197 14931 0.713741064864
99280 65899 0.772461738173
59580 63012 0.709744754942
415844 267544 0.768212365461
212077 35689 0.710936815196
11490 39539 0.788183270841
207275 38431 0.716808955004
63311 211443 0.720465804692
14311 220479 0.733594661522
51663 4734 0.731604590577
8015 30100 0.72661381184
2627 215552 0.700005555243
133380 29987 0.792186874792
11345 414068 0.723151025782
378450 379585 0.791541461286
97510 32426 0.717881204373
151128 141728 0.761403852253
74361 347443 0.707905292128
20490 32330 0.742488098425
134341 123117 0.735328987573
12080 223983 0.723584894994
37919 126221 0.7831443615
413482 422621 0.707001962442
15964 3033 0.752574592702
263737 250642 0.73877711333
66154 412024 0.770459674626
9664 231079 0.786336109577
271892 59184 0.777752098089
137251 143588 0.737735557776
210056 6851 0.733038138186
57585 216926 0.730254471673
13635 417135 0.709923557344
42953 245299 0.772436773526
427904 106097 0.758258676501
222754 122887 0.776306445437
218280 74856 0.785191837874
404594 158158 0.735507112731
212410 220050 0.789965538407
224706 206227 0.74383232995
117211 30046 0.768073806084
20225 224117 0.728963222177
410513 330653 0.777179314637
123347 7807 0.775320487977
225297 23122 0.728506835304
181689 63552 0.760547223897
214129 39059 0.711276970599
100566 74128 0.767862891362
205556 74511 0.717287270983
123792 98416 0.738128614215
118622 36666 0.797915702572
270706 63078 0.740610273706
105261 11957 0.768807425926
27030 114967 0.737222737141
22040 11082 0.739847299285
59532 217850 0.730953932491
219415 114819 0.770968413356
207485 37055 0.76477938372
136314 135086 0.704599440504
289627 286847 0.791578097237
160250 142560 0.777384463541
271419 51173 0.784862759115
57351 21597 0.738132453273
212777 223844 0.704207818133
64046 103432 0.736826422416
427827 218088 0.752447697267
170081 171179 0.798951716266
416155 422558 0.789417534705
151084 143261 0.710487311417
230940 114649 0.764108571508
159411 168072 0.714335722401
60831 26163 0.760001759716
180927 98498 0.795106499856
39207 105305 0.705715241852
61512 51627 0.781288323268
214358 116132 0.706387250636
227684 110410 0.734602781237
35353 20329 0.714598601744
144878 406356 0.71337435901
223656 37152 0.707556416326
272846 258332 0.776801283418
57465 416714 0.788008433588
105311 5045 0.751553946611
3733 221416 0.70864109761
33045 212835 0.793158135936
99614 63164 0.713619900084
395083 394750 0.743547400759
119722 113621 0.730574828483
86289 82276 0.751698760767
163740 135778 0.707202162877
25028 216382 0.767771815967
130788 402191 0.789781762146
101994 10761 0.702352133101
269255 426948 0.793354209446
216247 181742 0.715101172174
5711 26342 0.794793648808
100211 133202 0.793479418881
37081 213815 0.763241516801
15277 1776 0.797632620378
11833 427081 0.708474902052
122459 122878 0.762071351821
344196 68499 0.730999490005
32396 221265 0.752424998327
115448 20687 0.771620365722
102301 11433 0.720741240532
161908 123862 0.748100795339
126263 122847 0.770189847856
414882 425809 0.728256432251
114737 12241 0.788128513198
7610 225318 0.71549488798
162141 407183 0.763267556368
220091 37534 0.756119424063
118799 3985 0.719808402554
46837 358955 0.792514230873
99333 227937 0.786406764127
12163 22331 0.735426430967
227149 224519 0.782339422839
271822 427172 0.734838335848
59532 23341 0.754719220834
6549 109814 0.725669962533
167521 362487 0.797579949668
62084 104082 0.711051817195
54692 14099 0.757626255341
271609 254559 0.781714644784
108763 211226 0.758548152408
109625 3050 0.777394855902
43237 40000 0.767867573317
333553 336417 0.794795154285
12695 227540 0.784142527258
11246 22369 0.733821759893
158177 141553 0.736298272371
213161 56478 0.700161975589
164419 163962 0.710302900779
152898 406416 0.768483499583
75049 214903 0.780071348122
114853 106585 0.718541747095
410236 433470 0.755369615541
14568 118516 0.773200100053
229943 35367 0.710377487494
340918 401699 0.770021889982
150870 148193 0.778489642381
261533 52516 0.726600889081
156350 117586 0.7690012402
110486 57702 0.79524109714
3893 229802 0.752909550073
63847 415263 0.722588604336
405150 160693 0.700778066835
61532 258390 0.73891300274
107503 206518 0.782853550563
15251 61504 0.727529076939
258191 254612 0.75201813339
9215 119145 0.702283719792
346104 171602 0.794255461815
186311 185428 0.763088362573
212479 39095 0.75316749523
178849 127567 0.709375810706
10726 62018 0.721193558047
4716 57388 0.772881558293
104181 13711 0.750882509307
212192 32665 0.741103039333
429167 428948 0.722847016683
227956 64044 0.773737867918
121901 98099 0.726639133832
1755 35670 0.761748040659
405074 139999 0.719746667136
211306 28842 0.768039233011
153704 164534 0.767369389625
38312 15316 0.730542103009
169254 362783 0.738776673629
404730 153085 0.71863475183
163938 114377 0.747578236422
214537 52297 0.770146428856
65562 415162 0.708556288782
361899 370570 0.705671313475
222860 57801 0.790892370583
427818 106002 0.798917544353
225541 212995 0.703095745468
54076 52547 0.763523750703
268345 255378 0.707691374316
227026 73416 0.704672771151
259860 271344 0.774088132514
53647 64094 0.703337252761
230143 51240 0.77213306727
137778 147577 0.798203191076
60507 102848 0.736186431365
206102 21112 0.792596944057
143459 114986 0.744685131982
228197 37357 0.706797645535
59999 25506 0.725086223136
222143 56634 0.784132846884
65475 54272 0.769628898467
23682 12528 0.731458223909
205605 109282 0.738008263658
218933 23544 0.795276839355
84096 85797 0.763220653759
268332 425242 0.754741820608
415503 8655 0.785255761438
117557 119464 0.730985830789
66809 165297 0.750137580503
23368 3850 0.798790164692
219780 348464 0.716491682822
8430 30810 0.726005882603
26597 59964 0.7640583949
403660 137089 0.727049942919
23298 120581 0.724613625775
135856 121176 0.799469553044
47193 46754 0.762385095929
110353 29397 0.710942047821
36525 224479 0.747467900489
52118 9572 0.711379168936
106121 63305 0.752086181644
126037 25640 0.786824087178
12149 23665 0.79401398392
11047 62185 0.732004374019
232054 59059 0.789843267176
225631 35830 0.762280098214
53779 218839 0.711097247448
229382 28930 0.758444607997
61898 226068 0.777600832972
179969 180230 0.703507464475
209275 8706 0.734207024343
5003 58559 0.745322938497
25240 3144 0.729522332397
222024 2146 0.719164468065
101388 228786 0.712095504287
105930 427615 0.731990710313
31582 230344 0.707725912345
264718 273105 0.793076980736
11301 22384 0.765883060527
107209 117131 0.734487966827
268464 421834 0.750623398585
2947 22449 0.772492148077
209040 231443 0.778134862324
2831 28242 0.740026223552
267504 56145 0.794170381562
213237 25950 0.753109631021
146544 123796 0.703514728319
26670 6156 0.707713810675
219576 30851 0.710037082347
60032 29545 0.758733694578
51590 53866 0.708542481983
62860 258191 0.707889803944
51112 227737 0.719189830074
55250 3441 0.709947986343
54695 14618 0.725625587557
24060 15171 0.704905325362
230434 23960 0.718895557723
141001 141284 0.734879293402
268698 267010 0.735284573155
257929 65220 0.79824072907
205837 208819 0.730517607189
51912 270469 0.720674874291
269523 54616 0.790838663314
209762 64402 0.726920782267
428354 417102 0.791239959695
59390 99972 0.793640885374
404728 157706 0.777991046433
149245 406171 0.711028901726
35545 11319 0.772315739373
116817 225080 0.735479578008
217118 427423 0.798089284028
402 97366 0.700115750013
118799 124442 0.708952320928
228645 218282 0.702738322976
223308 114872 0.743279597015
236001 236790 0.783074195438
102455 125972 0.777421183179
8663 223062 0.787673976466
23924 13062 0.734665104704
13945 50854 0.761982342538
206932 60942 0.749199917899
428018 422514 0.787573746563
13495 418868 0.782855256755
10890 228760 0.77863352999
20306 213414 0.732649342266
1569 101415 0.731893094878
119310 13900 0.767133303763
242331 239981 0.754988394747
416120 99835 0.77658747241
418089 9975 0.749544923712
8915 54454 0.706064341193
56091 14415 0.718960930815
123247 12117 0.741451781143
11801 38365 0.773428473804
10357 221440 0.733393765349
39688 4346 0.773531805435
267105 427151 0.797085564357
8332 54450 0.781578964258
37999 122357 0.769781117181
35836 61025 0.716043063395
403051 139792 0.746113012792
5242 36946 0.735597644938
62376 417612 0.70018483422
425012 423884 0.737475727947
133216 24525 0.704729326409
32904 227180 0.760293060173
7584 38749 0.743307144914
30100 118580 0.753696100166
206767 7232 0.721456804243
256111 267435 0.745323368107
229388 124703 0.713201340766
222107 225855 0.738943518713
228245 32469 0.743029485472
427164 266740 0.753174456879
115793 103582 0.775816045061
137979 154246 0.729062987827
123820 119914 0.704485709495
66251 101482 0.778238919713
125736 21688 0.726391282566
424576 261774 0.744110732552
116464 38947 0.720903670007
418375 59067 0.757997167575
51535 10858 0.705738198853
105912 54687 0.771411903752
108674 213854 0.752031176994
53828 51037 0.761782872287
94580 93843 0.787638908335
51064 427463 0.765721275754
90379 368773 0.775497578292
158359 170416 0.773240604533
263112 419875 0.782038373216
222296 113694 0.760516126214
219902 13790 0.725749685814
99380 228211 0.779041139443
31054 2674 0.726909379706
417523 423163 0.755583771867
220260 211849 0.729535773388
4478 57866 0.740665082973
55735 16617 0.796683351794
231600 22780 0.700582936324
38158 224787 0.714429556642
15728 108254 0.708928036346
214614 59360 0.784733990381
212846 1363 0.745039621566
217373 119001 0.750457194991
214184 58347 0.748630880749
230662 3800 0.798231177086
228104 38325 0.784198516497
173659 351905 0.794883141394
229536 7365 0.777285037683
211355 24977 0.725277070314
61431 100834 0.725751579027
214286 119260 0.763641875218
31928 60857 0.728886054455
223005 66135 0.741103419677
144908 148120 0.717821496544
210825 36308 0.773606211009
225893 52159 0.706365256733
31760 8885 0.726426834107
27305 115400 0.773724310964
101722 122987 0.771933841815
224048 110134 0.736612539655
216550 24201 0.726901171148
62904 100404 0.793792921813
209965 11877 0.757358665167
15350 102717 0.780144487404
363813 142664 0.700589004067
220815 60868 0.792322351286
56245 258012 0.763110143683
135313 119859 0.724405407101
228484 111588 0.745156044314
170429 142528 0.737982418687
118935 21573 0.777489932141
133119 29056 0.726658773342
319018 339279 0.75591059996
28631 6422 0.711733866803
224312 7461 0.744426809795
290994 172531 0.75460837652
52771 214228 0.748375642509
102690 205910 0.738316356658
170627 166089 0.755311548512
13230 418180 0.705326787199
214711 427213 0.740543820872
99180 75063 0.727432744648
16654 28167 0.765806311094
62734 231042 0.75415321956
212536 32314 0.721438789553
23026 13949 0.793302595883
111670 218023 0.712443483088
54150 205647 0.713577097125
14943 35223 0.762412290745
5288 25394 0.749502167698
30372 118555 0.736787738381
59083 99572 0.794315087982
100492 227939 0.730703283565
52495 429684 0.718867398052
18104 84065 0.73789750575
169877 344464 0.715249657798
428823 260278 0.737133179764
29264 122780 0.745534365091
118852 218914 0.704344989947
226377 120883 0.785124323932
62044 101442 0.794679039949
226721 104859 0.718492215732
223659 12032 0.790806533969
776 25405 0.707602763732
299965 291823 0.783908354722
54757 8688 0.766779651934
369870 370910 0.736322678897
37799 7535 0.795469830412
28918 220187 0.736165821501
213069 25528 0.776242879631
3662 37925 0.716773198138
104493 119778 0.715951517833
8888 123281 0.703311218075
110983 224644 0.753323344063
56912 14145 0.709709126126
415236 57393 0.728217413897
51380 50667 0.713649332903
136964 105162 0.755423514703
154054 407924 0.747709722614
12936 5797 0.76604896147
137765 152402 0.707136147293
25153 230248 0.770534568436
415948 62140 0.784557088989
36233 8210 0.790057415564
111465 104461 0.771277198047
158462 149164 0.749909652417
116052 24324 0.781762267571
222101 58459 0.730496185844
150445 143206 0.778303240839
150972 145811 0.729430362086
3026 223730 0.753500367153
228753 181212 0.775132147238
364985 372014 0.790879785155
384041 385033 0.729173822394
61900 10827 0.706549435784
13710 55887 0.772888590309
403735 163483 0.799549103655
26788 206086 0.714927029896
28072 97840 0.745334016607
10063 58764 0.763121244562
119579 122393 0.706931038219
31545 418398 0.73133749982
259010 422748 0.775019282464
227318 213906 0.728979902521
23817 134731 0.756175682295
11552 223447 0.760484360091
224572 13477 0.746630884172
361460 155655 0.778140246136
30344 10697 0.736051759581
220868 2377 0.716458809756
152752 142256 0.759274634344
66467 14165 0.705440297786
35448 117435 0.755660484067
50664 36329 0.736741089334
31279 11124 0.701558474694
224193 29411 0.722488398548
123281 7107 0.779208786703
110154 417184 0.765169552842
182195 58008 0.768400409459
26135 60212 0.735701733983
212669 181347 0.700413318276
267195 270658 0.748585419733
57041 12830 0.738685917189
259920 428519 0.777245309488
145963 407105 0.75630226817
206438 107870 0.787265877678
132892 24223 0.735731096998
107756 116749 0.767442855405
124143 122308 0.722981362491
28022 211678 0.725074055194
13790 429508 0.70823511768
417883 110447 0.767742662294
30881 210416 0.792567351777
397230 398191 0.704406435923
118150 108153 0.788948101369
209753 52937 0.7989516701
59039 259390 0.789890917545
404306 143239 0.729211140921
58282 64742 0.7886853209
211573 417489 0.777355788342
214818 12194 0.728710194019
4298 427306 0.792651895168
325764 91824 0.70469676676
230613 10431 0.744798963056
104669 33614 0.75228663141
118219 21653 0.76349681256
259072 265245 0.788244661393
254456 267669 0.769696229838
54782 216740 0.790521006226
118543 4532 0.745102345307
74063 231179 0.7628695336
8264 108878 0.764136867963
228487 39144 0.748146238181
97550 417799 0.715265038624
430309 266814 0.789559351384
218316 59657 0.757518518293
209427 16386 0.798622721988
115726 123834 0.78318339673
231893 108701 0.716520240214
125101 226826 0.712327492419
416250 15942 0.705658382261
418451 7458 0.779828687691
64038 11156 0.735918167201
313979 314044 0.777050255126
50984 59412 0.799871381075
56313 102985 0.726956969291
231722 12175 0.778352550376
269347 412840 0.712603642231
164716 143457 0.792559468866
55269 98879 0.752015197025
98650 33335 0.764786728304
13694 122681 0.797379322417
258965 421795 0.797486658362
38735 224848 0.784456943288
28758 8601 0.780480731031
416638 419574 0.711221062879
221173 118850 0.763959109741
266633 65436 0.724815668706
63527 7635 0.7159490414
208317 23299 0.743204696949
216007 58039 0.781964085505
56107 9551 0.719450346417
429788 263604 0.786307618575
54076 51995 0.777008007483
221920 118221 0.742264569748
417170 252422 0.704579719111
146097 115142 0.785750567829
104447 60751 0.764480921503
424047 262044 0.752859981767
51488 415858 0.71998994814
209489 61181 0.789729810233
272081 269280 0.746532094043
206186 225646 0.787234658671
337001 334306 0.780491217411
135141 25202 0.769266267745
249863 251145 0.747331413036
267220 54021 0.720156305562
8446 226063 0.791448814699
44931 47564 0.726286874884
16751 57842 0.775033703123
389688 19206 0.704648864701
373322 142578 0.758946302507
418303 415721 0.780129259391
141730 167468 0.765135085303
180234 174327 0.714623968507
29410 2788 0.754584560624
4683 416088 0.780934042078
230729 8548 0.77026180446
224432 7734 0.712982968306
33258 7697 0.703504376027
223496 124638 0.777242986353
231052 28099 0.734412190637
270867 53000 0.779303097004
144656 164923 0.730197744892
106611 417380 0.738166954844
121380 24433 0.799626705441
31449 218587 0.719232028463
427484 13212 0.704263966561
122704 98486 0.734475534653
13364 51914 0.719926077281
501 329870 0.744387086665
214061 73675 0.730304850167
52181 10744 0.791456575969
155021 164438 0.752692693926
119328 97392 0.737048212513
117046 102052 0.71393637971
116067 105058 0.797248041986
26331 4172 0.707911882702
162188 149088 0.755857884834
102766 114325 0.792179697772
430458 105882 0.701693943043
155801 404770 0.76350795231
220308 427455 0.798126754442
431216 432071 0.740233687368
22121 11043 0.77562429061
415713 415913 0.715622741504
243819 244375 0.765320695273
404350 149457 0.748842868866
359890 371799 0.745753795651
118992 207658 0.782220575399
37617 65678 0.760797261163
1828 960 0.713194844645
360049 364014 0.739771803621
111676 418216 0.792011853006
11365 22624 0.793462245392
125050 212522 0.747635415273
125851 57027 0.704532534321
121831 15295 0.713582046435
61791 98927 0.75717748901
42545 303851 0.767131774055
224930 9208 0.766785114782
33982 205545 0.739626332339
117523 38747 0.702251454612
62740 215209 0.721299244408
403074 145438 0.749728583379
232072 75088 0.745689235382
61919 230345 0.78895867133
15411 222761 0.736700629579
23326 5233 0.78975617312
402841 226295 0.722533630211
37278 5879 0.782269054229
130343 398514 0.770409733831
118416 214700 0.71389875404
7404 64808 0.715110961024
117873 32164 0.708979816174
139682 161915 0.739437293976
107142 57956 0.759962739393
59386 221414 0.785354266757
98960 231646 0.763412582856
5610 30427 0.746982736354
149390 140321 0.724036631131
417665 110377 0.714282789417
103577 61080 0.714360461465
99331 64660 0.781470623166
223937 182303 0.727147881791
55297 222995 0.776998096518
230451 73299 0.776030998988
142778 403195 0.76416959739
24888 13118 0.774124477776
108737 8233 0.759657041839
124541 115787 0.795328852152
58950 266805 0.758284132026
193385 195168 0.728315506319
212329 53110 0.718671579282
224896 213482 0.726529253773
9260 228116 0.751182808152
4073 218947 0.758967763579
146375 136004 0.795868759287
33499 23728 0.75783140712
215337 114831 0.708567820156
37735 212502 0.735358379827
220213 74381 0.721377763224
294706 299745 0.769176022856
123573 99433 0.744657223211
341104 342947 0.738196426449
126132 108384 0.729590716165
104947 55115 0.703888448643
114977 108098 0.744765506037
215303 27927 0.767796965307
219329 181534 0.798552180828
1970 229532 0.701159537899
215820 39072 0.716736064395
153102 139017 0.780560373934
273221 63104 0.780096815317
51997 205967 0.73801046996
228826 57057 0.766014418316
19276 16984 0.707547822941
21550 1415 0.737472223513
347947 400826 0.759688759847
158512 366582 0.735004110326
105897 36812 0.794120445491
119639 38641 0.718828372986
59425 53817 0.718747601594
257672 254377 0.797936201594
217252 59201 0.790294457663
207344 7548 0.717998023124
52030 219237 0.738417875913
254705 430357 0.747822167459
287923 286465 0.723309173561
53184 8504 0.737932113188
15502 221471 0.702123333363
59956 257457 0.704140536521
81638 86027 0.784462275795
254633 269196 0.733692212074
264833 255505 0.713191243003
131558 354760 0.761470717965
137863 134366 0.71508269853
52599 29804 0.712596308995
420838 270507 0.793275211792
27285 116962 0.741567976868
256616 66296 0.771328476655
241898 249564 0.706609011714
38515 4119 0.700556101524
107944 2880 0.789453840765
227266 7014 0.706335935797
114477 115358 0.789352969396
126078 134273 0.766228950477
248180 246313 0.709880173378
109357 114352 0.796143376314
211529 54745 0.741806848254
58746 259098 0.773562200615
417401 55846 0.72004323786
162836 139587 0.784162275434
227548 12553 0.719630434884
12995 31303 0.741965754512
61 100172 0.701645377878
124087 25185 0.777968186864
21624 427219 0.752816133263
25891 118915 0.763001942991
231133 108797 0.757959551465
224760 14620 0.799207710368
