121341 157594 0.736218037613
261356 332541 0.737016415822
3724 273899 0.770451518973
331843 427906 0.739883963959
220268 146289 0.783997010378
120928 133197 0.786739247941
134783 116556 0.733320363543
337131 367031 0.762491097048
35063 145691 0.786850097015
328495 423671 0.75383401389
111565 134774 0.747351665089
265891 7250 0.758307344722
152375 28062 0.789279707548
414431 253640 0.766846647627
67416 238825 0.767857067685
12372 117465 0.79340112106
73914 106691 0.727696766826
426984 136898 0.728573894921
214967 133852 0.737049135424
316117 241459 0.730760780232
34261 414311 0.722480599507
208638 114212 0.747324361555
254936 272959 0.712613597022
345472 163022 0.781790349491
163197 35423 0.766154176993
135432 23515 0.789955998563
430095 104957 0.788937339479
63040 225346 0.777865986094
167220 67406 0.71574450702
118691 64005 0.750674684347
56277 224197 0.788468364919
100191 255042 0.776862077255
135592 22118 0.71062975184
263116 53645 0.792219112512
427314 259380 0.799634452893
297633 91957 0.72531257645
48557 357873 0.78295073185
428587 255652 0.779404820888
271166 60714 0.716358112878
259125 222652 0.758186536486
65077 420028 0.794324313189
253676 8538 0.762864003553
135348 37437 0.784451230227
74208 105400 0.716662408776
410048 327218 0.743872903023
241648 246534 0.721575996332
269600 268283 0.73725265951
56064 419572 0.767395169237
31374 137091 0.767731360713
59230 259963 0.714493135228
181253 15566 0.704136216108
59584 274023 0.785543755245
98827 251868 0.726966036298
64534 185128 0.729530593985
57738 119320 0.792418434084
36726 267014 0.708067624551
59495 116643 0.76719526347
126939 172520 0.7749987909
348841 134668 0.777218934652
102295 260838 0.70885520959
415734 106525 0.783832194911
51077 110544 0.781098322774
405426 208341 0.784572260832
35442 51810 0.711236023024
23275 266804 0.796236579146
53460 107782 0.725308026736
110252 52326 0.732240408449
265003 267896 0.762815986122
119936 103252 0.753644396084
409641 408602 0.757469400017
143951 220973 0.757417683281
113476 3100 0.725908407662
158024 117582 0.732498799725
429232 122446 0.725286274484
51715 13906 0.722839673314
163649 102976 0.752059018002
207300 56056 0.783974172368
252812 255127 0.779055966257
215981 115036 0.716611161583
144859 345976 0.711063236856
325207 297331 0.703403483285
141460 369940 0.789172774488
430526 426278 0.769671686842
180683 59802 0.704485935231
132789 103586 0.789349142323
157371 136961 0.785647511127
4270 73260 0.767879120351
330240 412495 0.720209508214
34054 54075 0.76733803441
1044 416878 0.790473682773
162502 142933 0.746615435948
136080 113828 0.728632153772
28531 157636 0.739804009135
67567 128611 0.745613212954
54419 268396 0.796032264827
3517 206813 0.710726768613
63220 119521 0.748798035393
347632 108627 0.770311765236
230035 138925 0.792107009401
251271 4149 0.711526600032
156976 115563 0.727369966247
153650 363071 0.764235854888
136097 101930 0.755903179171
399893 228765 0.782683328074
12687 428492 0.782153338737
181900 121828 0.754807505027
288727 349993 0.781738799548
228377 273170 0.763567454148
153310 121975 0.796419409304
144543 168256 0.769116131696
34110 160070 0.760102562389
51298 25854 0.74502642845
53237 35947 0.79961434807
327616 418178 0.781629560438
1395 36909 0.795393145355
146657 134200 0.744405929378
92865 320162 0.757167632045
357312 232339 0.70459516516
266461 222054 0.766566933175
408803 431958 0.790738646299
106186 415051 0.774847387376
326017 191326 0.720804983999
341505 12155 0.75095538091
168339 162928 0.753471142253
193556 196143 0.77810098009
24032 164026 0.733144943821
123274 151292 0.730146872554
33345 208452 0.764442545376
183493 399882 0.751718616714
164130 33507 0.79886101081
239502 341898 0.752063065792
28669 149116 0.793982483333
53401 209188 0.745280131904
116109 6997 0.768570761129
108273 149450 0.70425130983
109733 419037 0.754602265096
22935 429456 0.791721366795
423843 272030 0.710019119415
426902 31378 0.719819872025
267995 5839 0.710304348528
1830 61108 0.717848822233
222149 258220 0.7891444898
289866 328587 0.717704147554
103154 75145 0.742942338997
146694 219907 0.743816078966
291993 300210 0.76589642669
232344 355847 0.7144947344
428621 26356 0.719320972197
75608 36229 0.726587978831
106747 53199 0.725563396912
147438 122492 0.754107407254
332002 100967 0.716461302146
379936 41222 0.749522475152
81558 198822 0.712603059815
53926 11012 0.734101785582
144931 345850 0.790994530709
73648 3291 0.783273881846
56596 114568 0.759164512084
5036 423167 0.774538236254
422027 35014 0.743841473025
372133 370981 0.771508614586
347156 214398 0.704264273311
7633 418895 0.776941214684
424484 266693 0.741168363197
124890 137506 0.705153091838
61900 254610 0.706360653117
427275 414437 0.797922609085
340704 400645 0.794595207301
412467 28077 0.751765420957
320656 338855 0.760652764794
340226 345795 0.72908407546
422639 412832 0.733986825086
421331 216696 0.732428801692
380731 40367 0.769298305202
116149 182106 0.790249336149
149759 109007 0.728474771385
7227 270456 0.785130367758
108873 118450 0.722260930534
376036 178054 0.738546144199
370493 161332 0.711585813116
155475 104946 0.773921458787
148226 218492 0.750306482606
72465 354943 0.766640776171
24544 205869 0.71989776952
430201 22164 0.743720227875
160039 365486 0.73813726839
415441 210068 0.750647829122
414438 106454 0.754258974661
143434 24304 0.73084323896
30137 20127 0.74264263389
123514 1999 0.724931368594
55804 37106 0.755539473079
268429 30459 0.797895715325
33598 147122 0.756922514025
213340 264660 0.750789290015
37600 146116 0.746487677713
119527 3923 0.799202261915
261035 266424 0.715399367957
347470 5712 0.775732214291
36158 139215 0.771680214986
125639 148915 0.754563284042
239120 402460 0.761668424315
9879 258773 0.728763112121
21279 207917 0.72025132505
144626 22255 0.769206922605
421788 27387 0.797814884018
5206 113871 0.727685334768
398432 239650 0.788420697132
218502 136683 0.730951260895
117805 25303 0.716991702555
148911 142299 0.79434779425
328145 419303 0.78228651344
361467 140835 0.700665900261
269201 250321 0.732107966464
256398 181850 0.768799334164
138415 121918 0.797774785337
283337 281702 0.794189056302
103772 258931 0.701614534843
361621 138075 0.755245358434
185800 61535 0.796510116057
37245 155691 0.759930986453
212471 124386 0.798960690702
98547 261413 0.770851521235
124508 206988 0.75265313233
419487 228578 0.738196872756
64749 260933 0.726607619213
30501 416084 0.768971151224
28461 403324 0.769551897908
1040 328613 0.707375174625
420120 427382 0.786360928705
253509 21984 0.705890089472
33443 139426 0.791595189295
137427 105144 0.758490703866
25514 413889 0.750893665154
28546 257026 0.726731554241
21329 418799 0.763875886258
302223 320632 0.76802193663
318997 325328 0.760104912256
155340 102561 0.792210312354
3233 118451 0.786681888622
137660 120988 0.710194936158
62361 262239 0.706217534268
22642 113546 0.736788697667
260083 63390 0.756134732161
114238 65592 0.70170180474
60221 116207 0.736032429801
237239 235419 0.767127143638
418977 215125 0.739351445168
135855 38981 0.739501328238
156143 124264 0.715976598539
161256 12624 0.76211030222
117368 213340 0.71596556279
166291 163414 0.799344923788
33150 422433 0.744758817896
369862 164989 0.713525279454
9250 230247 0.780823105918
122207 99546 0.774647783329
270489 101354 0.729581240441
125722 403686 0.700350453096
134647 225776 0.78633324791
65967 20799 0.75660104411
144447 371302 0.791341477507
100140 147244 0.734094019129
26459 257984 0.740820964573
22689 412813 0.749464817968
274735 361353 0.731874335409
111238 73143 0.782456253996
276570 275333 0.738245125136
413914 231852 0.77404597312
422418 423997 0.745043601829
419036 265853 0.736813848338
250619 268672 0.769510578983
158215 362424 0.744432494125
264547 267675 0.71684869878
154484 121168 0.795736251333
23090 155726 0.712702549953
210948 255674 0.738199353317
102857 260155 0.799752523346
24344 420042 0.752133735251
24300 148686 0.759085354311
169338 69879 0.706408349824
273267 210174 0.731300079298
29434 117055 0.760404600378
116964 181481 0.715630359103
419605 109275 0.79167026695
269236 260858 0.724329790522
260483 217863 0.73817660737
28120 148493 0.751356035617
231391 415185 0.767672478987
44747 48828 0.709335845781
307177 307879 0.710006114353
259845 6075 0.768068420947
268626 3667 0.703510256925
214773 146280 0.772472313195
256607 416230 0.771149660513
269023 25489 0.717917347929
125015 154216 0.734628298361
55198 29891 0.719839837603
270435 213877 0.725543965678
135858 150428 0.792809479907
35153 160955 0.792870925714
31858 62336 0.752179410539
272202 229666 0.711020529114
62666 103519 0.732112875073
427569 266942 0.72665912477
155289 406200 0.714448409071
422270 16649 0.776603656577
111420 423030 0.706091852794
166542 363062 0.734063701084
406329 169221 0.764860721314
162291 366906 0.724163123038
271157 211748 0.712474972314
198171 19167 0.708803880051
428231 109710 0.791951381302
117199 219785 0.733373940786
363581 148471 0.741815866538
21057 133210 0.731993087466
319281 92302 0.700265171654
267708 33349 0.71404795064
14165 269375 0.76483458879
7760 268556 0.795716568941
121631 150645 0.72816078419
15030 415249 0.79374736555
108097 162688 0.76814065507
422271 256058 0.750479020294
218885 186939 0.738192690549
264973 412823 0.756901257841
58686 38320 0.708839005672
9048 414681 0.771939791085
146364 207338 0.748948745196
95554 323435 0.733075460121
149665 221671 0.700187676526
4444 269393 0.755853322474
180449 177367 0.763019612578
417251 255102 0.723762200629
160856 364673 0.749770184616
350574 284153 0.740049114162
126114 9059 0.781012286856
103376 419309 0.729684159554
160700 217450 0.747400509837
50679 58603 0.769565988021
152432 121863 0.75597098156
208522 210011 0.783233178575
105249 137937 0.775365856311
2242 256847 0.777867203433
22700 266277 0.776691030594
11172 132629 0.768327095044
425970 13782 0.76265231484
288236 432575 0.756813670339
222480 134399 0.747674474321
207264 125419 0.71896628645
137841 12357 0.719878912973
81561 199715 0.716165095284
206157 116544 0.75045447459
426866 211451 0.703191589268
168249 150568 0.714102105781
25450 51907 0.703279075885
256754 252500 0.719414680269
139071 404207 0.78443253041
11389 219439 0.761161450672
229133 418901 0.710161973703
37121 147442 0.704416862489
34395 152538 0.716270587216
133090 419274 0.795154913185
117650 212266 0.713146661288
231319 418937 0.721660579537
38059 421959 0.770532596881
349266 153598 0.728065789188
342278 346291 0.71794456382
132577 403177 0.792142890876
135368 224511 0.784950064801
216730 256973 0.791316210811
131832 401671 0.794104327505
258681 428495 0.780131492407
218367 421152 0.776705042553
273555 210969 0.729025184635
101583 267396 0.762577518074
120338 14699 0.70943629807
423534 99049 0.723960512186
132471 207369 0.762645016688
250069 10980 0.740199257511
299899 92886 0.779270964509
118656 153018 0.769580308508
64117 254731 0.703693686576
55390 263556 0.781631378605
259300 215419 0.761256447209
261434 218048 0.703915619471
75571 103786 0.706295733099
75889 34299 0.722270444432
423218 253393 0.707250476626
418659 255650 0.707587402109
35715 59747 0.7168776697
274078 9259 0.704518479789
383446 131981 0.775007592767
220996 52892 0.752173917464
282894 233674 0.719775393963
118378 268062 0.720354225004
116985 65996 0.73311676015
268409 273126 0.751475314528
150572 167358 0.71017923697
111425 54850 0.776588191507
327954 421168 0.723320505158
166059 197294 0.750142251104
171423 67992 0.7783041437
51968 107511 0.706430957425
417217 120524 0.764168563279
215056 402766 0.768057776594
55233 262104 0.703019912041
148910 25709 0.765463876427
317107 312702 0.784706305046
257129 36008 0.718905658628
208606 62719 0.783528044021
61613 263106 0.734515113577
183398 128658 0.700232262494
114422 100881 0.783590907788
254471 2065 0.740573739709
102645 208592 0.738465028571
56441 418727 0.749770062376
136193 152852 0.72341990753
223425 75814 0.797141210275
416900 273055 0.727172322026
296278 91607 0.723256607694
133595 133899 0.771093386746
343669 100680 0.739634300346
138497 132975 0.797236330179
421323 252528 0.700157149572
356062 232304 0.737546206371
209998 422577 0.714549964355
214263 402567 0.753233423199
160561 25565 0.791220896583
416788 257790 0.753171037988
348549 343389 0.704684657539
319068 291975 0.764247368063
74754 116487 0.706910187036
421207 106749 0.723602729923
67533 194017 0.735376371451
163495 125529 0.747286238138
149875 122531 0.703355454864
37816 421600 0.722984202257
38600 407081 0.791876081183
5240 257976 0.753222278784
140221 371250 0.780057405807
141204 4306 0.72351531619
137394 169785 0.70268848429
14462 421912 0.733679392781
230936 133052 0.733393563565
10653 61847 0.765924377617
331872 542 0.732886653392
122920 153400 0.733883027078
267485 37381 0.742737145512
341050 39708 0.75105750907
62119 427801 0.780768169256
15248 413763 0.751414926615
270110 252881 0.709499552087
114372 403787 0.701178858671
281592 329500 0.774929798574
367865 365106 0.750221766898
275206 80385 0.772554106125
429577 14504 0.798478345066
228484 265418 0.799311327783
80105 17194 0.789369462167
157959 343394 0.740022202435
415663 224071 0.722075408892
160982 33218 0.766984944237
54051 110963 0.719540305725
343618 101934 0.711434894087
156654 27898 0.766454837471
417776 230142 0.729064197122
73466 16892 0.737748016575
99930 258442 0.731417408196
115146 407539 0.785138933553
256631 60291 0.717251619139
15305 257020 0.787664783643
96356 317449 0.744405141261
50979 426440 0.752325229339
162042 21600 0.75851529602
161732 124781 0.773183415851
35863 53630 0.707903463987
330968 281544 0.799489955974
339055 113205 0.736334186767
314398 245802 0.747831047123
403568 346319 0.788964412389
395130 322984 0.777036004975
143238 135367 0.767916021256
22937 143361 0.707537214457
364262 160318 0.739943570569
274129 212404 0.746652842349
145366 37496 0.781784166918
59866 20834 0.712117881833
121238 417900 0.784250952512
148406 217922 0.708091515668
290844 301514 0.775317066398
101602 270617 0.714909784898
263458 216559 0.784077812908
428724 267238 0.716086177046
60309 266190 0.722384820202
421979 11934 0.786995043995
25479 149237 0.752768959369
128923 182848 0.792187463451
5888 125243 0.743333845926
121222 144877 0.744997657453
20720 133101 0.713977253832
263819 216960 0.787754923537
403019 124345 0.759544101813
392596 189634 0.790731446597
61836 420998 0.761263525594
405902 154590 0.772265197109
31211 156568 0.712773359547
65006 417670 0.717437646812
143581 36609 0.764855907329
118275 59979 0.718255423463
39151 75565 0.737724952824
254692 211322 0.764040572378
146133 39615 0.740767285002
353966 179938 0.781093247497
37557 58752 0.718790497346
365151 163463 0.719285304051
418100 75254 0.707941934056
116350 402645 0.752869460291
414472 102918 0.737118831849
225219 147450 0.723544924347
114201 61012 0.777957485295
210289 52377 0.752768225578
340042 144394 0.748378266265
216403 208475 0.72313693994
160567 107183 0.730675270791
5116 208166 0.787889582178
90110 19481 0.790726529841
422267 222423 0.757627461853
70704 196058 0.786263041526
347509 111737 0.786075800994
142415 30974 0.766192324968
29817 417413 0.76603965186
418760 257745 0.773031623734
145607 121319 0.757848873588
218604 73888 0.726955286722
73170 187227 0.706229359592
314051 249479 0.786395050829
65206 10528 0.728239941795
118877 412019 0.741693516941
260393 228547 0.75990611354
52330 28761 0.747021624549
421919 36792 0.732383369395
331530 416703 0.774385943032
458 263089 0.785071497571
21057 134889 0.729123041554
417941 39542 0.778440506154
898 32398 0.702157154956
405863 345389 0.73441973716
164022 111607 0.78478396243
260599 429487 0.745993810118
25128 412541 0.730144838054
97957 415768 0.733788048536
45408 355372 0.755760228506
412568 103704 0.709902748134
383365 308488 0.703300384272
60031 73708 0.738318707362
248646 42215 0.701140682506
225817 342491 0.742877423908
123422 136297 0.780043768648
253040 272980 0.7955354063
199240 89030 0.778899276904
257605 209975 0.782466296678
404092 147847 0.723797660005
156443 406331 0.794547515843
224515 152723 0.75470772456
116712 220817 0.795985960583
422283 218702 0.735367700911
54939 256229 0.738521253495
228017 161620 0.714455251515
245601 43259 0.73726684101
97325 319863 0.71422600819
147519 108845 0.748654909427
152124 372675 0.708224409205
265901 228878 0.755597454949
271845 206982 0.754357049197
168705 343072 0.796690686598
135453 151704 0.771934284058
75576 213054 0.746260063686
415615 74280 0.709222170995
366224 86839 0.780609807469
58177 30659 0.72756488078
360038 167840 0.767224726828
206125 427256 0.770459456036
209578 417683 0.798042662394
51817 73521 0.709798521357
126742 172646 0.722521038784
163728 344695 0.774640994513
117648 38456 0.738107331534
182059 31133 0.702500479271
173584 126489 0.755838123917
62979 218695 0.792451079117
348975 32654 0.76050216583
383958 308568 0.768373946633
117833 4513 0.782211812653
21830 63671 0.79620205107
53880 254717 0.731050783242
23747 136054 0.792136484606
166936 365924 0.754820373875
34962 148404 0.738800509207
423933 106387 0.776715924392
79149 360223 0.749850080872
349120 38191 0.70690666137
50877 104394 0.763620867983
313881 112416 0.74452882919
280087 277245 0.733183347401
180940 415421 0.70002971315
141326 124668 0.705963444369
403390 208439 0.785488059479
416216 120004 0.777802189033
74635 120251 0.735209074099
423547 265558 0.788491594128
416946 221239 0.746613441083
179620 127481 0.739030856642
208294 105955 0.79328148461
257693 53675 0.731654604464
1114 29944 0.754838027254
403024 115919 0.778209695876
409607 286046 0.713047696535
65121 253670 0.769943893804
149907 134808 0.793874757258
259435 419204 0.704952381631
56573 136911 0.74565425116
62604 30121 0.793168372359
56890 1183 0.701180522127
221769 12901 0.771169335826
168169 89645 0.756707975759
226704 265839 0.770777978525
61200 264833 0.7405401017
424709 121090 0.729798846817
161994 134733 0.782536973646
221976 135222 0.791810160667
401247 73702 0.749802782888
33927 181639 0.75310988372
254546 424833 0.74389444807
149954 36939 0.793912120295
53088 206442 0.79393227943
8398 414731 0.725610725938
56759 30919 0.769697415194
150442 123857 0.707638350384
51161 222167 0.783822311294
213376 428436 0.786976682113
66760 401302 0.753191114191
401392 184498 0.787761233489
183044 207727 0.788007596877
127386 204656 0.789686757251
9320 227446 0.753106571277
3485 253854 0.797806396987
114266 157263 0.788287636083
36944 74868 0.797552446097
265257 56929 0.767991373243
150917 136447 0.786564284476
38197 61198 0.786612505048
418839 429942 0.734464530186
54191 429969 0.70667758787
155425 24907 0.701803927642
141684 137066 0.740845523085
353679 172875 0.713374876798
63299 226455 0.745667796327
405032 369397 0.766611614111
38279 59905 0.779840345309
360882 364173 0.778310394163
174482 179685 0.784888810418
230270 73852 0.780418709868
171357 155711 0.730813899901
263018 10236 0.781410859062
396519 338407 0.765880589336
116393 38973 0.721378816198
315434 247252 0.727858837134
116539 144922 0.761703413202
77824 388684 0.736251382602
338088 94815 0.794536297643
28648 145666 0.752793772985
155549 229812 0.752535395414
364134 90164 0.716128814046
268206 230366 0.792404113429
258046 104938 0.790614452907
97842 422558 0.747894908649
198527 365723 0.726246008686
24734 208432 0.711364951785
423678 61544 0.760267359193
119129 208939 0.777835046712
263183 181225 0.758074470157
39203 12865 0.735897660791
24678 162569 0.734747866761
21471 267603 0.746549807244
121731 61906 0.736620588358
186956 229889 0.765942037526
419060 224613 0.713014784987
125225 181024 0.772036644725
421153 105164 0.798690920911
185021 180819 0.777251173707
223453 100986 0.71162860867
310670 377221 0.780746615057
266035 97869 0.797815579864
380676 303767 0.711713057259
37199 264066 0.704136819618
125437 402722 0.751745061275
73614 111682 0.783620432309
220851 65058 0.70501600574
53976 103008 0.711320670761
113937 99148 0.755028305876
122374 407441 0.761665044515
139767 143654 0.700937167367
109979 134612 0.734567324516
250762 53675 0.712275328435
106383 347450 0.700806814847
55429 22963 0.723702226165
166488 137580 0.790555258465
150747 134871 0.731094235513
98213 65415 0.79762317493
75374 11129 0.777343146588
417519 425361 0.756063698617
411075 20476 0.757119717693
273556 417939 0.733143945937
74149 30307 0.766197321742
154167 114201 0.780191039833
150277 365132 0.790715842724
130103 352383 0.72487985661
424336 229555 0.732361380376
132747 27373 0.719260353234
55365 272161 0.749733217582
117712 210412 0.783787506607
32408 422777 0.706945363185
266279 105620 0.700604090513
142526 148581 0.730468192902
421183 212666 0.758592929045
428904 256597 0.745846791863
34403 412234 0.7418737356
212161 339823 0.795774172654
5615 419265 0.744441323378
26323 264778 0.700105489604
38311 412247 0.758236866623
453 38102 0.724201196481
420348 27144 0.711264123054
221568 116474 0.768340797792
224125 152056 0.749313634412
262127 104039 0.708426909425
402317 340138 0.757876549252
414316 230757 0.795532985585
112845 316919 0.765673099374
121326 209752 0.737066933027
144265 362872 0.768953222272
398009 408714 0.786473250568
270832 65030 0.775496418227
393511 320445 0.798115322471
212259 421253 0.789823497566
120316 140298 0.766865963521
230123 423571 0.789255980247
113680 149855 0.711053988969
423767 221861 0.796279619954
155308 367243 0.702541091498
261660 5266 0.701289744744
24332 143433 0.765872633756
21218 64074 0.725928851797
63074 25627 0.719952622662
336017 369087 0.784448234668
219780 123754 0.738060442563
426857 102419 0.734762424579
103152 347316 0.708206433398
23487 35575 0.776515201368
75633 2915 0.720703338152
279997 78942 0.754045877804
255557 122646 0.779903599418
148402 16372 0.750000380329
422769 210667 0.7224013288
426616 35729 0.764725651986
268785 418783 0.799480105195
413732 33762 0.792611326074
381967 44063 0.776900380491
138464 114047 0.794778839924
127842 373823 0.70130224397
30045 146854 0.704201534788
362799 161730 0.743279362549
368636 146442 0.765328218726
414343 62995 0.770436673133
70370 71271 0.73815504928
428561 55320 0.776950917489
144877 35376 0.775508679206
55324 32711 0.777766721379
96150 318925 0.776816739931
113928 210172 0.76129293335
232553 356874 0.77094528099
226020 266433 0.793813453005
315447 241303 0.762710663414
33003 138402 0.72935779464
114825 6887 0.768345226754
99184 143180 0.743186121859
402929 35906 0.738496657905
402781 341535 0.761027872162
132518 110547 0.772243145685
256755 11772 0.786318747498
60250 260431 0.78682444376
271218 212463 0.741948402067
9558 51636 0.733979321305
340149 23740 0.793664634239
124948 164024 0.714641155525
140946 100758 0.718063467057
203940 201909 0.767219666385
353631 177147 0.768561720322
225383 418764 0.796025339676
138208 124843 0.761426848378
133717 235702 0.755540486284
30946 423891 0.785961029809
99516 143709 0.798106970711
217249 263799 0.775477042335
332778 336744 0.757005507317
341116 348986 0.773018094065
267639 29532 0.799121081773
317549 194927 0.766791554824
274079 10393 0.796502484309
270437 212110 0.710141889199
139205 37251 0.702193556814
430023 115443 0.791356367444
409686 282117 0.75413589096
2943 50730 0.73402085883
16595 263614 0.71683209203
364387 90597 0.70427886503
268254 107930 0.703893765064
220163 414284 0.746844934594
361735 159859 0.784661619736
119029 16651 0.723788149908
3561 53960 0.778473881444
36506 147822 0.762998418683
14672 253703 0.781889350509
124695 347535 0.74988476309
229207 6846 0.737745948117
99951 134266 0.710263014883
406555 169076 0.730811445349
53850 111193 0.792664877211
10100 259048 0.71982453996
65419 224683 0.772907300433
251831 111558 0.79974687304
52171 332154 0.765948805528
128544 399991 0.7595891947
79664 381470 0.716439466627
58192 254628 0.72933927932
214047 264570 0.710738098895
118824 427006 0.712414241124
28056 53710 0.730026960538
260014 97354 0.741533468411
132433 161961 0.781916555705
102075 414227 0.753977431694
209153 118443 0.780038289127
153080 36595 0.756639067101
418685 23697 0.776305940609
105336 407926 0.774844831064
153305 369273 0.738973400968
173439 177898 0.786092456604
114444 75470 0.756456981863
14069 160380 0.710247082307
186844 399497 0.787998767429
10690 330360 0.706067207397
328578 418815 0.725895424238
138141 141448 0.708554873911
404506 217202 0.765241565212
271732 14443 0.713621603228
55932 257794 0.752513586569
29838 429824 0.749294211557
28218 58328 0.703129920313
421707 37869 0.780238478386
27634 160399 0.752066334957
415136 252944 0.748807067202
268424 110803 0.734977401114
150464 370702 0.70969015712
31222 181423 0.748714051076
343602 118967 0.79565949158
155302 35678 0.784489451605
175063 173406 0.742835812392
52401 38835 0.7678478821
19702 85339 0.780229407809
237462 234931 0.745653741328
185687 63724 0.74516621085
336939 168017 0.79548358855
206509 52236 0.725797457827
191152 189436 0.750661850519
274104 253964 0.71100350334
116008 151372 0.798521419455
383360 203143 0.787849217613
152271 28887 0.753915594204
367307 149266 0.72798456828
222784 424646 0.734436200986
428381 36040 0.70936455255
238844 193892 0.71451381897
422108 7896 0.75060281854
189557 339259 0.781043673739
421850 103182 0.708457563579
24204 137027 0.791549964764
51105 230949 0.730595064509
412565 119219 0.705561262576
1566 282272 0.739934933687
359869 371682 0.735105254982
12209 118171 0.788812295536
420108 255215 0.780384885471
231744 401693 0.774065380763
65235 422900 0.732960518514
191717 70732 0.747364239139
201213 360656 0.775206747289
347105 22954 0.749815911021
227899 56078 0.759768185585
268667 104676 0.747927273711
269852 272573 0.711150615024
223201 147174 0.749625438961
366887 171350 0.704796668281
141395 151136 0.725951517497
143706 98006 0.783927725072
142462 139338 0.796815462702
16792 120325 0.793016948635
228572 339851 0.781107752029
105233 55678 0.760075608238
264585 418674 0.751493663456
88063 359276 0.742207986875
155725 108164 0.789914378588
175550 307526 0.767901517671
402462 181765 0.707231842022
115309 210276 0.729954155934
210021 430392 0.768644328022
105826 430083 0.765108767719
124914 159290 0.711883884202
369041 364216 0.737457238429
267569 12629 0.740920132129
35391 404005 0.79908737041
323666 323570 0.736528776455
412987 423569 0.774813462922
1956 428659 0.710028540667
41449 378999 0.785499565662
155996 229683 0.769782627434
263477 425607 0.767763832252
250292 260714 0.782694910513
74287 30697 0.784955559293
268151 36938 0.71244201559
159893 404454 0.708059630655
136966 98249 0.749398513393
400787 218853 0.722545828491
373266 167001 0.776745524061
363582 368193 0.759719396353
417862 39617 0.767887570233
298137 91364 0.726706866278
102084 1741 0.704925895524
122188 4320 0.724180964114
270686 63652 0.729932276755
100457 266287 0.735825262925
331844 412785 0.743219130759
786 328273 0.792420256867
228786 430076 0.775685119889
34480 66192 0.713614294551
424460 424799 0.766298018528
66274 260902 0.749052209256
28730 154145 0.793472235521
162588 371401 0.750616472408
398851 214956 0.790347927966
140880 134194 0.704463445097
117303 368293 0.747273861521
24236 256830 0.733197115695
143469 12716 0.74908193617
103058 412880 0.702708141278
103540 258927 0.729067291115
282685 136575 0.723683087037
212570 261704 0.714789162875
343515 21602 0.770517298349
36575 119620 0.752149243415
237699 344133 0.767183325001
402941 226014 0.713659997353
53965 105036 0.753711241217
207907 12619 0.711299371217
398488 214821 0.740531899477
245651 314435 0.762377686195
403573 226491 0.748521336856
105419 403153 0.721375094135
361389 87203 0.730823842924
181200 121986 0.746318095723
1057 124207 0.743448148263
132851 231970 0.776709632079
171206 148295 0.735236633483
111415 259200 0.738884127099
156063 110820 0.700360910139
119097 11284 0.71981348561
39639 229047 0.788660001675
237247 136384 0.777000588164
417354 120629 0.774355895882
269950 54836 0.781098446911
414801 211176 0.713187408907
146315 218114 0.743233215797
150270 121142 0.761282083795
227056 273820 0.78528989906
110285 271661 0.785747925785
12868 262952 0.792684752299
263546 416715 0.728185821781
412385 222667 0.793232447076
266125 214026 0.710807308993
157402 89118 0.786972522737
414695 217080 0.735668695099
155497 365267 0.760318201831
7835 126247 0.77946504952
218674 260534 0.791493473303
254106 59176 0.779837482479
131475 402167 0.743561497479
145262 119340 0.782976715584
16542 412676 0.797619914195
29705 134375 0.776968889971
