347948 221272 0.770294775728
167824 73179 0.718440692294
413750 403113 0.76691959725
166421 30856 0.796190666095
145881 237410 0.741515650769
385545 129704 0.719901561422
211737 133875 0.772321068532
188252 412355 0.771539215584
255147 214327 0.743164905878
158798 57527 0.776362842045
138495 102943 0.756399149186
125091 265972 0.798798404207
324911 302534 0.788903363444
385789 352216 0.736503311721
104245 66862 0.758553523183
247060 394821 0.743820893344
206297 157112 0.735250422581
227937 370239 0.740104805578
50721 331375 0.702143407994
202148 74719 0.712243206168
154193 59087 0.73383462797
184788 416619 0.747721277308
36981 68294 0.746187565711
190 403091 0.707751924867
251525 36646 0.74748386224
390187 176491 0.789813317087
282715 206026 0.790574815977
152585 398830 0.778474183651
68924 325859 0.751536660707
358773 87610 0.714166463936
220149 362450 0.722281358987
72298 336676 0.774987694345
373024 143921 0.704200443681
250894 266083 0.772853459925
431389 11596 0.754408757791
158739 22917 0.712152818979
134819 185797 0.769798069799
359904 19075 0.713934290067
253665 287549 0.702047738809
409616 115206 0.716110309344
75862 169614 0.795939321221
10593 149383 0.779852146045
88939 16953 0.718007153626
255506 121169 0.747842719909
204687 273205 0.758766220282
226354 413818 0.766810372808
53758 408621 0.760862827103
72773 20704 0.711930480527
141239 188036 0.79185605911
220824 154966 0.741159572523
158716 414101 0.708686155931
102740 252967 0.785927685642
176027 97024 0.75337936455
78739 196663 0.715235399682
344218 149077 0.789439024964
283477 429138 0.749783455151
401237 408004 0.700157337728
272603 1181 0.758716986475
73924 271574 0.705287795466
287885 263986 0.754253299804
106150 288149 0.712379546734
38786 250927 0.764553322953
428286 163887 0.702808333133
88550 18684 0.759091353817
265152 386684 0.749411419409
106844 399636 0.799102444011
213379 128018 0.792130506639
335026 155036 0.748424546486
283032 211650 0.706782942147
103954 156394 0.782181753564
23642 255047 0.741318099904
345660 211277 0.704848017041
418891 145086 0.779238512339
69379 208596 0.767374580532
317390 70266 0.794486854451
63831 155710 0.765787926959
71240 360685 0.733600147811
263376 120091 0.774884517591
141984 230898 0.709789752625
154294 104126 0.76537946808
327664 153459 0.743713876326
272792 27547 0.700282524645
296064 393210 0.793872951669
191791 142386 0.718852010641
133849 30952 0.72857478615
188532 55296 0.74350610965
105160 368061 0.757247977503
362973 213050 0.733893629229
202652 309244 0.711214663152
368008 87783 0.729662841497
128804 60009 0.717148459222
271609 329880 0.750545569904
27328 262591 0.732826412421
275023 365110 0.739796424735
129025 295202 0.755010605151
346991 413780 0.791348937053
66972 77755 0.747666378632
245062 319575 0.749908386998
125085 361848 0.769416425835
69903 219177 0.776455072921
132666 334841 0.735108364662
282662 364402 0.783299729178
132834 341301 0.787028443472
371548 45251 0.756889372314
51476 400709 0.778336369221
188184 402215 0.791977110764
365335 282949 0.778758314721
49802 132228 0.738199323956
284152 274033 0.751729838337
365118 79803 0.737704008065
109410 425725 0.752269624879
227586 282308 0.761905591699
376382 318197 0.784661065661
60409 188364 0.767379635281
167563 36184 0.787447164569
73110 426541 0.759076246383
401244 55410 0.739623979722
412102 147315 0.789272260373
133839 224157 0.749034238053
39666 237334 0.798393701567
101786 154123 0.763756099359
381958 77752 0.721894399404
210748 165054 0.790417687209
123161 264649 0.749926884834
296353 325550 0.761378297529
185786 181826 0.798627324257
13138 282433 0.741956269025
190693 322025 0.7069299768
22854 271394 0.70213021603
216865 186649 0.710916729655
27128 262444 0.771094025769
313657 248848 0.777087159032
390314 388374 0.707002714498
260231 20166 0.775049675842
364091 221071 0.73225165077
164412 270671 0.780650588862
104772 165701 0.759457333392
160834 69435 0.718166857497
221845 269909 0.769701975236
122253 90886 0.787327813505
216242 252981 0.791251389239
134812 411767 0.759293987664
340846 14892 0.731728761043
256326 30528 0.768607204714
88822 35197 0.76270512105
185352 353793 0.794418339346
142929 54193 0.745085900245
231144 260218 0.728302961078
322641 95680 0.797384093484
37416 371696 0.705548775939
395763 239849 0.710193319871
405400 51774 0.792640061442
150628 51514 0.706168844538
411629 273427 0.73578601231
273385 153325 0.783620239712
20613 151518 0.701000507518
109966 75440 0.75853610393
284401 261293 0.726532146484
290797 323005 0.726195825193
274228 154452 0.783125193302
37662 431506 0.705737432779
73150 265420 0.724620623566
94745 128396 0.782673120341
151909 276189 0.701803452841
104511 128253 0.706050957171
256167 113724 0.712094508625
149027 212887 0.755054728887
216654 424395 0.768283096366
162117 272322 0.758654527548
266030 401192 0.77694970136
366701 33946 0.781145830863
403081 60402 0.771113749609
56745 342321 0.736377395026
74162 67831 0.766422931088
250652 58013 0.722543236291
170495 115418 0.706007442655
361234 335090 0.719314554667
406191 64555 0.7063982938
60434 398961 0.75046560564
420292 152746 0.774695071614
163937 13465 0.764038889801
301708 373578 0.754378745654
377427 291919 0.775550343237
67235 154525 0.714803332918
228941 160321 0.745358939515
54338 184881 0.782501687742
164053 51777 0.723062636905
393651 192310 0.733627322702
274824 372100 0.720187679463
277072 167459 0.798183179858
184238 237692 0.743660993369
410697 142790 0.709660710055
130341 34548 0.769902108467
9671 406290 0.788991259503
16733 137498 0.708679520182
348718 36433 0.702354263475
385181 273527 0.711045559017
25518 373059 0.708829137006
80983 171111 0.738680180124
182161 164033 0.722970763795
399464 170380 0.798097497749
233661 37300 0.746826165134
373246 198267 0.772597604283
90024 278668 0.77946678118
103223 344562 0.767161318982
131786 9319 0.747845715525
424398 328904 0.73691446086
415797 410466 0.771526971692
281736 135983 0.725463310121
276998 387329 0.787522364929
341338 185947 0.758126016295
236739 409988 0.759926692486
407528 228216 0.721283079292
362939 276882 0.723106136345
151337 271259 0.757144601425
317831 297396 0.749137940803
220024 138601 0.719005295852
23447 341467 0.784475384913
382695 311355 0.700551219155
121297 270354 0.753859205598
128299 27918 0.785973492542
341136 8473 0.752254028234
105985 69158 0.722097343063
151632 228523 0.744578590313
7835 327883 0.753573420692
413048 417786 0.736191296486
368705 28862 0.720990860591
104079 128012 0.732574571918
288194 29204 0.796546444753
430397 251984 0.788584460062
411478 235136 0.726351117718
71741 149404 0.716523288841
168437 227387 0.779414512219
69286 131177 0.782104766771
24890 184290 0.701937744241
332488 181948 0.705068857739
122776 283119 0.7894046205
24068 414858 0.737032537041
261164 249911 0.735950816778
404671 6841 0.79456232111
282779 6717 0.735329366867
129695 374883 0.750483472278
279387 84665 0.745843881099
140228 349188 0.756388059563
145282 13992 0.745030553574
371431 125335 0.721917094568
86288 365335 0.707370388398
140317 100130 0.751404343105
340130 282319 0.734336389558
153678 106106 0.768284686609
88446 85760 0.703545000089
416506 160781 0.789259249333
327843 215725 0.757044458397
392542 406324 0.795010848184
103467 417361 0.750929870115
109942 128527 0.787019261636
382285 172437 0.725107529316
412756 33778 0.761843167832
128483 307911 0.761722021992
139616 58026 0.728834230197
3803 251813 0.779455177623
252661 214767 0.733415381357
413056 119485 0.761801079137
366553 69974 0.702461006837
365969 138582 0.737998182371
347751 364767 0.738803896881
165519 164160 0.71391387264
433558 418413 0.7774508756
303184 43993 0.787282105316
157265 8671 0.760004689881
405206 391920 0.723006666324
129369 173191 0.705408780831
217677 159982 0.76228178617
254186 221112 0.738238654283
342610 102821 0.746525799055
353261 302294 0.766623319599
254619 339818 0.773094702473
208220 167163 0.701748448986
344920 53873 0.706985375509
209209 204303 0.753543937796
121670 332524 0.722612197922
221438 253230 0.70895706302
59540 186101 0.761100917534
139763 8724 0.7608862211
340667 75222 0.715836584767
346618 106623 0.770343012883
129823 69341 0.712464214248
1509 169453 0.725557819023
209783 403265 0.725067324769
66759 230709 0.751857999027
181334 330846 0.764139938235
87835 132195 0.736369594305
140055 407460 0.753557469172
104615 264272 0.769729358731
243518 326314 0.736582346706
209087 139735 0.72989673935
140408 334850 0.751483666263
204898 340549 0.720187602782
107472 398926 0.750411124039
70899 212703 0.793939252002
271988 107997 0.792796451054
54941 117720 0.772001283466
265014 329206 0.717003216937
157674 38087 0.729620386862
292583 175893 0.728891851246
103569 328119 0.775806139895
341128 422703 0.766508854513
49541 155342 0.706019980208
410365 36718 0.71575322751
225357 263323 0.737737440145
415077 146885 0.770007863724
396078 339133 0.763721391065
160792 73229 0.791346936974
333059 275687 0.789743460228
364030 274227 0.704272908685
364528 115849 0.706303089834
141279 67519 0.704899226784
130594 55464 0.774978393039
182765 3122 0.710297684442
265452 146967 0.797444058742
270757 157511 0.799199182004
70765 117259 0.743110137075
319448 293753 0.738254178998
10821 149449 0.786329796096
64109 238830 0.757941083656
368691 36570 0.781279160342
125296 361124 0.71643058407
406604 26390 0.75470804306
72151 409592 0.771284854602
401915 422850 0.793460502286
343450 156964 0.799088794121
44279 357536 0.713386488071
406671 281875 0.732536055972
422737 120938 0.773980140681
95049 378055 0.765383669201
159653 278440 0.798958644048
230 115406 0.776962492092
165403 361811 0.705658110207
239518 183483 0.723541412431
38097 139959 0.762941504394
157363 429975 0.719716146244
197032 42578 0.793525096214
24666 184552 0.763703528919
257789 332579 0.768072145526
327854 29080 0.722567878727
102718 141701 0.790220261361
193473 317744 0.78516458192
203529 65569 0.748410637464
80753 370979 0.785994540829
324075 290791 0.746666132296
168060 57433 0.729938213663
343707 131963 0.735985204721
361941 83838 0.738998608354
15139 162747 0.721964957683
180920 127639 0.790020530848
192533 338080 0.712625680016
102160 141512 0.791962966377
365685 117658 0.78970635216
334182 19277 0.79115887424
162219 4474 0.715507911564
225925 414210 0.789455614017
171093 231161 0.719381067114
414320 150591 0.752089555241
391427 193351 0.763657410555
89758 344688 0.757607852276
394676 314127 0.714439839505
257679 123607 0.742879629058
289244 212339 0.774834978621
133709 150309 0.753633590682
155821 229712 0.783608020789
425211 111263 0.797503261384
286789 105588 0.75178770051
261118 136809 0.770162009136
250357 8573 0.768713347848
13159 154752 0.762239201013
418342 155969 0.733815489875
174875 92519 0.791503949719
259521 118076 0.77057780315
237951 182026 0.777508284866
150698 53708 0.726754686623
158523 209289 0.777380857149
282452 225456 0.739678205106
264358 207980 0.763593393139
205009 3947 0.734670286966
399136 254895 0.759728161969
137909 180845 0.719355882259
109190 341031 0.784508243136
99448 414941 0.708603415869
131435 406318 0.714811257854
140007 209957 0.720116259287
213019 341005 0.766149628255
217995 408097 0.792792168105
238304 164715 0.705011466727
342342 100023 0.724366881029
251902 32750 0.734223833192
430287 118803 0.702556400052
204345 4509 0.745664988502
327580 339859 0.783866513784
184583 272134 0.769759549256
289725 267456 0.776916708452
228270 166764 0.798535250398
328328 221726 0.762492852677
425439 1038 0.70922317988
183963 347247 0.780717454985
31164 68793 0.705007636031
158439 90208 0.731356645305
365352 206961 0.720994115433
222310 153856 0.791991592825
300675 394837 0.780314693231
20749 180673 0.765172364079
134535 74876 0.737464173263
18939 405963 0.762810989626
161593 6864 0.724964380653
78925 159141 0.77191424633
226481 283539 0.734072086534
182729 22775 0.706004994013
368114 2509 0.710521597652
34772 207091 0.741218953228
163382 33509 0.784681021352
237738 227934 0.774634984905
139981 370487 0.760828904117
340754 176572 0.713490949594
327117 258272 0.74063462372
152469 87993 0.776134300766
98778 426604 0.709220041365
116272 87464 0.782342676253
303340 91849 0.749220789429
60915 204757 0.746831634669
415477 149513 0.720444164918
408760 12857 0.720948330016
6660 408925 0.739357299674
266483 146295 0.797700379783
105054 252435 0.76346925704
366762 354950 0.718582006501
353584 290237 0.70488576195
289544 33622 0.745531507671
296168 173786 0.717157465117
69082 74487 0.752647315743
25566 262203 0.754171307372
200720 139474 0.703312781683
234656 287775 0.779346839155
377354 298325 0.794252649189
209284 410563 0.726388352334
351279 428639 0.792651772243
16481 401481 0.710285639429
214937 412747 0.779859771088
406126 54583 0.718999315004
182803 219274 0.733751565724
321021 177112 0.708439716638
138130 58042 0.763265034507
153848 82281 0.78535403229
174021 184690 0.773988125761
225145 265997 0.78366245952
156364 49872 0.779341401989
97385 371802 0.736930017389
90671 333999 0.724242152139
434141 72189 0.795339781623
219787 351400 0.746756660592
88672 336920 0.753888695147
272307 140842 0.776016949518
32160 329986 0.728773607734
253878 133911 0.791183374649
38349 267852 0.754028849326
410815 108775 0.737546729097
129932 179687 0.765565043469
157416 238419 0.777372721848
134562 270695 0.769080944391
255784 341186 0.765236536795
64771 283870 0.748830845584
102697 67999 0.789846177117
2137 289220 0.793055061663
54351 144229 0.752656020826
157183 258398 0.776918460011
239800 395870 0.77326284001
128519 208067 0.709291247045
149688 53585 0.738539361265
225359 255305 0.762030657865
13562 158568 0.741144393195
195635 70726 0.787083907076
363542 69532 0.716655463412
93210 354440 0.77660453713
140382 59266 0.798998583656
116437 331016 0.771858467791
402502 141681 0.715351729156
334400 169748 0.707730386204
16803 344354 0.71470730478
144290 54129 0.762280741664
254135 23322 0.755282672614
254443 347335 0.729014590793
330485 431251 0.791369120335
115559 405994 0.724786497954
197172 293537 0.747426284997
65381 128136 0.788437064489
368818 60551 0.740600744238
224175 152790 0.765934908704
428428 148512 0.71994785366
378871 89642 0.736388179123
341905 14997 0.764000896539
345103 197564 0.779279141142
118819 372353 0.757870813267
422758 407715 0.703425825036
115583 272363 0.719060156063
354809 171934 0.736100679303
343045 59264 0.798523693188
40227 19980 0.706117667487
187722 12289 0.700805247396
400594 97466 0.7425409094
192523 378751 0.794608741877
260839 146674 0.738439762391
198037 403933 0.743791290253
372005 343175 0.717646934537
205509 23580 0.786191766007
35541 424887 0.792242213405
412386 183935 0.708902669375
150081 199818 0.748924094175
140142 348387 0.730375458591
179203 191669 0.71106505068
214918 183339 0.710736521419
347082 116198 0.761752063377
137484 364717 0.798600107982
329226 100879 0.719729081262
340242 209456 0.736364152867
69466 79704 0.711295485379
399003 416781 0.740926888326
127361 265078 0.796304201331
382504 377642 0.709592027253
152767 267448 0.768712485058
406197 58392 0.720002122548
92176 393067 0.748559998653
69917 79452 0.719355532845
262431 347104 0.777333844905
77575 68665 0.708157247533
94470 297346 0.754444612453
56208 329851 0.709384365988
159788 427086 0.754423021508
350696 330608 0.718707045635
32056 398565 0.716829988276
35197 187954 0.74506487744
230600 127885 0.742169542985
257456 329687 0.765967683274
171759 9149 0.786015607596
343722 31025 0.793818102582
410440 136593 0.743734255672
399363 386137 0.711083296341
136774 235999 0.793934891392
113297 92670 0.704126700967
3587 153217 0.718574502799
182374 111288 0.744940212539
32501 185030 0.793245975383
123906 420636 0.775629899961
183059 384473 0.745471644718
432027 355967 0.734012234028
149491 429352 0.731011569854
251265 59710 0.740558814347
297046 323273 0.787270092088
341320 26723 0.786909549944
369258 3059 0.784558387088
188139 106687 0.798702155988
352566 68878 0.72864191757
430535 400812 0.787625130094
311450 298180 0.73309408632
289383 211124 0.724097689801
187460 227936 0.759170705272
84696 166311 0.789570830187
27490 165671 0.710346630879
380439 70649 0.78456066545
374463 385325 0.740884822811
409365 15028 0.789819734933
343378 218772 0.77023174176
121146 421168 0.715004844081
231991 346441 0.782189076961
429343 27915 0.758109048202
166707 3139 0.773896435769
39640 130243 0.750834546652
374934 95918 0.725526383954
229934 68250 0.737432891418
370987 117167 0.783233176681
406985 191549 0.703793487958
82505 90907 0.724359891246
69379 142631 0.789092999617
135350 253693 0.793235765162
421429 138122 0.777694036944
150424 168783 0.709667337268
171638 205790 0.716850064796
332366 109481 0.762079229657
137157 57728 0.726019704934
281243 106596 0.711432316599
9539 145630 0.79636186104
158551 90751 0.736415737421
288396 425189 0.768170736808
137852 56436 0.768004077982
238883 226532 0.707536397859
269639 124673 0.791618032217
119193 362318 0.790962963486
250891 184149 0.726062679703
348996 184054 0.778771276654
121055 426487 0.749252886086
408103 25208 0.712229971184
161337 37211 0.764350890217
30338 170203 0.787795966223
141071 360967 0.713349224116
332449 24004 0.756700178994
220523 167848 0.732962731303
430260 212771 0.777132406762
250382 213605 0.793414140348
239409 391209 0.707399210358
320675 173488 0.788765570345
184676 266536 0.792987319278
306146 308689 0.766166695982
122524 257595 0.761883152161
52926 140011 0.735467040643
418623 185732 0.781801747701
129170 204108 0.752605532401
12305 346049 0.798524547532
54423 410575 0.768847780369
273548 403051 0.792703364729
135884 264635 0.795353841169
416102 164674 0.787539718221
185813 125096 0.717150757929
129477 214687 0.778287060886
372397 335567 0.791756109873
168140 210915 0.753344916041
344165 136181 0.756139992918
189611 91685 0.720797429886
34767 54564 0.743968137457
184108 118675 0.741490516354
137765 209893 0.742062371534
362588 35042 0.757230613603
53994 135019 0.707309413504
106468 368046 0.764359529151
404012 13453 0.79763804772
35826 157651 0.77331278732
142561 26310 0.717175658409
153084 197698 0.711056532745
238912 389524 0.731620052557
311324 173650 0.754015164721
201193 50000 0.742160802149
409249 38196 0.780383014321
27266 205357 0.711965458839
360515 159081 0.794458766901
371293 138863 0.766420606134
259063 340325 0.739062245876
183989 134358 0.775014860541
370194 123643 0.777622060651
252167 104446 0.72016977983
143116 216952 0.765395424885
150768 213373 0.736324654896
99205 251833 0.792977150674
104996 238754 0.72020987097
391715 40570 0.727260977185
131069 192600 0.729823506473
207885 405802 0.793797790097
159812 197833 0.715280102888
142812 416243 0.746104872035
73812 170760 0.702048386812
330480 411136 0.781579346081
414973 231227 0.776109799795
330997 256784 0.75422485033
158591 37385 0.705835792412
71119 104386 0.754469459162
167925 14694 0.780041817493
130402 382887 0.797232224535
155909 54099 0.782300921953
367791 111787 0.756195558158
153654 371871 0.745276152048
435432 235546 0.754085390546
218074 144466 0.78300044594
24237 131159 0.785400771198
163443 29685 0.703909563201
425894 161816 0.771790152958
355778 199946 0.783902964182
256511 75044 0.728175179369
50671 144600 0.76523396176
186231 214723 0.770899459625
49404 140770 0.719580109207
348639 407372 0.710961509127
54990 328906 0.784471377888
187459 162137 0.790241209662
204184 253671 0.744848104113
105547 411921 0.796682810402
265999 204499 0.705512546107
69777 221996 0.756539342657
405309 392189 0.752436790263
180070 294561 0.717293680484
413111 220150 0.790660443831
83304 373153 0.717857021883
330756 123012 0.782366033432
285190 431851 0.719591665206
259586 123501 0.705884406503
157256 195742 0.717924502489
137054 422550 0.770953503091
291505 377370 0.725534473188
402659 270484 0.736683180729
79149 276973 0.750756367988
344440 392477 0.753039894544
170570 415285 0.730246544254
368235 17556 0.769320647966
340362 273165 0.736333877931
239231 5071 0.728056689254
214793 327187 0.786130172622
171700 145950 0.756758609187
400084 106244 0.715003085843
2302 425710 0.704412840399
366302 343042 0.7057049866
187975 24210 0.723462203965
146255 34807 0.774887771296
26991 282305 0.70329968495
94912 128114 0.787260041538
61570 328905 0.720903439589
59015 408828 0.738475131097
138254 405896 0.766393241288
159827 20475 0.747302743129
71409 290103 0.787811438175
12989 399735 0.764782476844
3817 363337 0.735163909808
332267 140734 0.743774572973
251081 107211 0.721444227072
259887 12563 0.772600712502
161284 50745 0.747157302222
187071 173279 0.718782852469
272433 332234 0.717024216581
423044 132210 0.712657263488
328670 268673 0.750275966277
27332 251848 0.736340982934
265223 113458 0.782887095048
209267 151580 0.742018780093
234691 288649 0.734033356927
238079 367862 0.79761309662
226525 340671 0.702223760721
119989 166583 0.705484236785
98056 204422 0.728516958123
216 226862 0.704262767886
401662 14976 0.778778343342
224388 187593 0.722484602495
359719 193815 0.705823096076
189255 323145 0.761955715215
140739 104227 0.763597660124
73468 239384 0.751896965379
158533 12961 0.767492987279
251582 421611 0.758360274251
353592 195207 0.755185819064
185789 216052 0.771878832973
181494 159723 0.724402045022
277038 162130 0.794562831966
151383 101274 0.796816736373
82509 390971 0.713759862287
168980 389813 0.770955802075
153662 63423 0.780367190379
226670 270808 0.778189033097
89383 335188 0.735676693058
9887 286793 0.76267332041
160454 336359 0.798127354284
5420 159653 0.759915315854
378414 43271 0.727062643791
333046 407089 0.740525372409
370738 403512 0.794535649307
133815 113521 0.768005803938
259006 207721 0.712688376525
133705 411113 0.739522437427
258321 118275 0.708520971359
68610 365111 0.709615487285
28164 89494 0.735456418575
147862 167642 0.733667131117
327086 111221 0.724320243611
126488 385279 0.703070233196
400144 220752 0.761842566166
418189 282748 0.700846745418
1410 263405 0.747231347171
121749 340569 0.784027322159
217639 280778 0.772658927797
372400 37040 0.764851158426
134941 270361 0.741782637004
161384 336388 0.754766190802
348390 220218 0.719764247682
266950 206359 0.74748371861
328438 120333 0.740201467803
186672 383055 0.704355638585
166931 114699 0.762156226675
89099 159473 0.70464741355
138514 88605 0.715771678164
347125 262721 0.789536190365
150941 422645 0.707752659237
132309 361407 0.734693587094
399720 263616 0.76209557402
356114 86861 0.737337566809
347872 61520 0.75709243404
79458 303502 0.702378088128
152944 359748 0.779503645463
147408 282676 0.710376574208
196354 321691 0.797027497242
118466 90064 0.797567322988
144076 265921 0.763252273076
356213 133453 0.744196983199
391882 353982 0.753972314819
405721 211032 0.700502707314
399519 269648 0.742020785794
132857 163530 0.738416287972
209562 171524 0.780767539494
156557 169901 0.714313705751
126467 184616 0.748914748897
181176 407586 0.745227442891
322990 303653 0.710893953819
135504 326969 0.780388589448
69048 131802 0.796098758914
1281 150738 0.744785222194
71119 192032 0.778348830215
201136 147824 0.700294329569
343600 369033 0.766643522105
371559 278412 0.764943858255
165676 201129 0.735845629761
147969 67446 0.754940692447
277086 47337 0.761423865967
183340 11380 0.751872072328
158107 215446 0.702900267178
250233 268236 0.788977272213
88012 160494 0.713122418392
23843 157840 0.724066139521
106049 158779 0.778543399436
199786 147681 0.786012711987
205405 34016 0.75431244161
104053 143161 0.759002563025
295536 195583 0.777847771701
261616 118141 0.725102205055
184428 26425 0.738851654866
68476 197573 0.775844683357
149469 169878 0.769750358696
67097 354404 0.779088207255
166510 29540 0.794326429023
354000 295500 0.7013991959
328185 264725 0.752704377993
283070 217858 0.75576036731
282553 422438 0.727811022609
181 214216 0.786863961087
256965 340098 0.789339682342
363913 84828 0.763415336335
221242 128345 0.790763490168
211588 412878 0.709338355791
208537 185727 0.768710011609
280709 156199 0.727432147404
60256 269197 0.727776983149
211439 251250 0.766631308601
206033 128324 0.796393012506
71739 152884 0.765595258991
399293 36751 0.782562459895
108146 370320 0.702929255277
415198 143804 0.754664120802
133659 231080 0.749403421023
172998 318726 0.75638680224
121877 410456 0.722058806864
30645 273115 0.731215515551
204738 31535 0.760467770588
283544 158677 0.759928433837
195580 68748 0.759267417605
203975 309137 0.714142173486
401762 7397 0.716553804779
63358 159447 0.725528433847
105747 273962 0.723186936457
366377 349258 0.787514318559
157915 109579 0.717646108874
250746 230891 0.748245151431
210038 369783 0.75872854476
192610 353881 0.721897331317
403128 272369 0.754436777815
219317 365631 0.710798815916
155648 7263 0.71802794032
346359 20049 0.753933455071
331057 282193 0.740679932869
363397 388669 0.751096223688
421697 229537 0.712814652568
402005 31072 0.745369421088
119740 166153 0.761825376858
140743 74197 0.74494298446
169592 146010 0.785031316447
70018 139404 0.76107192314
9226 368889 0.755262374051
342126 21546 0.743274039482
219780 152835 0.75251645551
216067 426815 0.757138876071
129667 68332 0.715374073066
170752 343673 0.788258081118
92937 179858 0.754587347013
137948 170917 0.704996447103
306152 307562 0.752612643354
385256 271176 0.707548579093
418935 287062 0.778349403588
124667 348861 0.754043229123
379658 362560 0.720509476448
144209 413230 0.755348434685
31369 331740 0.754041526945
344953 12599 0.758567169195
420402 219632 0.773811023312
142680 55444 0.751236028095
198399 160903 0.781646376226
49243 44797 0.735636370188
200979 155544 0.758047960282
55 116856 0.791129594128
267483 124810 0.795645718658
144916 73117 0.728617987453
113543 70031 0.761900459297
344842 63370 0.700888144987
202789 259546 0.719503660457
392373 365179 0.735037872485
182008 424271 0.771728387815
200574 50491 0.700433744599
360468 83425 0.701770835345
210893 254880 0.773095415087
246310 320390 0.733205404295
16095 187130 0.74924055506
155145 64167 0.756761158171
332536 51247 0.794026595173
365048 208458 0.70366896306
288070 108528 0.778366335967
60550 400220 0.772064356887
272333 122642 0.773090063874
399859 100350 0.761166225078
366420 221762 0.768541122291
359129 237366 0.752854161877
133815 368247 0.78647418108
79141 372245 0.761935271767
257438 73300 0.706638320391
184112 261562 0.744917014426
199241 151158 0.721741292603
253950 225689 0.770521592648
359255 356761 0.762194400629
55697 137232 0.799897921244
13840 373163 0.756603385988
200641 69187 0.715538263349
283051 222984 0.791190605466
222285 430286 0.798277394608
419210 157700 0.711962414501
408185 132900 0.740763111161
259102 154670 0.778138855566
80657 166526 0.702392451476
180748 424440 0.786345846029
260477 74554 0.783067930724
68787 80166 0.785940127289
422635 254930 0.709813446742
364906 85810 0.707523780996
54133 145128 0.735531846905
8306 131504 0.781350186825
591 133820 0.708071202197
231795 184302 0.713799607684
156865 250262 0.768238938389
170842 122860 0.755444040554
369024 335082 0.755244407217
377597 177767 0.723547391996
160435 221196 0.791081187187
215899 237417 0.703035935405
225958 237403 0.771313470164
160533 6805 0.777315869943
333026 159488 0.713307426729
64968 12582 0.743536435636
164147 367538 0.789433389365
125027 281970 0.75867823741
118516 283759 0.714705575945
406949 104764 0.776950253575
35840 237461 0.770804580803
221729 150637 0.779531187318
368118 34961 0.793047973632
29405 157098 0.704545680431
410497 153801 0.786155680029
373084 220839 0.701612457521
101158 157480 0.705081905922
182861 23322 0.757567733763
346569 6358 0.794305855794
115393 348488 0.728610081924
379204 80212 0.757357211327
84288 170363 0.715354110774
332415 38542 0.70326503522
272153 36622 0.772606594336
115048 170770 0.728904494456
368511 345876 0.794722088005
312742 292365 0.718744118754
330845 271443 0.743546264622
130064 205307 0.769499020866
84356 171110 0.778985790396
411192 32106 0.722075097311
339057 245792 0.757670798114
53883 135845 0.725419269715
236222 48722 0.745410615604
130965 52848 0.741115031223
408057 236390 0.78242372507
68718 380973 0.728244955361
29168 272346 0.783235919465
216247 186616 0.787908492489
182111 420970 0.755506541725
70113 109204 0.729392486078
171368 32853 0.782195288439
168862 103109 0.796700813149
409634 57948 0.755306783215
22231 406426 0.716591600036
20139 233451 0.726150692724
331743 144001 0.753551003827
418872 289865 0.780285559297
151623 261916 0.717095852965
187094 260742 0.736465858658
67712 32758 0.728608756956
372185 347591 0.702839128782
388318 43244 0.716206232835
296831 195198 0.761089837081
