384704 116539 0.705858250099
347248 49967 0.730136880452
93328 265387 0.749685843893
41031 359803 0.752822010096
173477 168125 0.706201373938
192107 126056 0.792998408746
94178 349295 0.777047974904
434521 184128 0.742892524881
282465 435553 0.768592648874
175744 84793 0.75173171192
381236 292798 0.700363638184
26085 360219 0.702910897616
21845 276132 0.702369992007
78384 282042 0.790868817736
69888 48778 0.743551984822
399363 432400 0.798224735957
383962 33548 0.761164288158
339469 182917 0.771526860353
251457 237644 0.775452559477
13410 198447 0.711096495695
388308 246475 0.787310689174
173376 228878 0.790219467711
47921 143549 0.741235636728
281485 181454 0.786165803708
180978 308321 0.726304959298
128447 411569 0.740712770177
2090 285826 0.731130420104
102449 337050 0.703540776389
173607 147045 0.771184895798
402605 189606 0.780122079104
409549 144172 0.789543452339
205308 398042 0.750541439102
250341 344806 0.772267514363
259548 71939 0.732032486816
386668 337459 0.737469441293
111337 193034 0.786438258334
215854 339552 0.752986289543
91191 268588 0.764193972898
378548 240426 0.724454882774
351559 255506 0.77739283701
90506 34397 0.710912685397
92494 400716 0.773126324226
93434 59861 0.740700172016
194977 206877 0.772156351716
48398 76983 0.710162072499
84287 101561 0.7583955493
139718 192970 0.745974097789
56397 87951 0.709848499277
144556 284120 0.743501526553
137272 286306 0.772415325763
302436 386266 0.703095165908
361862 131262 0.791362050861
127526 210346 0.760998073331
89397 41842 0.755666722288
339454 30909 0.782243247612
92346 51559 0.716061299851
307261 258502 0.786398213213
399375 367668 0.766627081646
275681 39941 0.70201203375
258731 304457 0.79258448408
230705 301761 0.728235211873
177470 229477 0.773878853922
45315 217960 0.795034880294
120295 294948 0.729388596322
434585 62741 0.732569082379
427463 356219 0.769857369891
73059 280489 0.771207893397
343486 393056 0.796953661529
144991 408832 0.770517668175
103184 318773 0.727242593012
333470 7318 0.728022545712
179600 159591 0.742990318487
47993 431741 0.707556933663
254546 192918 0.714086740211
292492 405871 0.781414444175
281769 47603 0.791040875898
318292 38803 0.782398395893
38221 49225 0.75882742961
79601 321480 0.795324632172
161978 76059 0.774201350153
59463 375575 0.758501565181
190299 385868 0.739687157929
146182 354464 0.71626600034
203372 158650 0.74852562204
404258 260909 0.751685872018
204801 96826 0.787325111021
180669 433670 0.732248433669
234194 10071 0.787891276595
316577 321877 0.708144505855
401922 370190 0.759381263084
141140 431807 0.711406109437
378826 141985 0.719100923056
428022 276630 0.704072743521
309900 268134 0.729041224922
372858 327227 0.794546246714
35510 83994 0.788586167513
269796 276463 0.724854592713
44683 139903 0.782404270179
298007 208806 0.706476289062
50950 70052 0.779644504171
4684 300435 0.79318784546
301171 51679 0.718487284312
66437 131907 0.733715097774
303695 154184 0.72767295179
320529 160718 0.775425327787
392853 311416 0.70875180719
133886 252295 0.772925489084
53290 168144 0.726438360505
144066 176297 0.731512946013
34813 350632 0.714241824581
433892 218761 0.775284142704
50175 26717 0.742558910478
128877 280543 0.79296901358
22135 291027 0.794948086763
204726 236803 0.712116378227
351110 206287 0.775922608635
159337 358055 0.752368984682
389014 365497 0.768428045548
317761 104429 0.751755253443
385414 223168 0.763624251953
352270 109325 0.798688406721
308028 321241 0.772620888094
238051 374262 0.7200943787
232188 54579 0.768974570235
127277 84226 0.737961652053
412928 141964 0.784229200237
188513 371052 0.734934403476
140977 286119 0.798228568004
186130 160821 0.750455348499
236465 67336 0.706998258092
412372 388867 0.704516971021
271296 342515 0.758395440155
368740 244155 0.781276820463
52159 77907 0.731027460037
69244 109757 0.769510675939
429135 192037 0.750421986061
25627 391731 0.791473057549
171795 408129 0.798859383019
67903 396696 0.777932509571
134942 357153 0.710642014107
83485 16637 0.743192580601
301195 342688 0.714512582573
232107 14224 0.758726050751
275744 231662 0.75558878788
398049 207862 0.771353606301
24228 77600 0.736149466757
293407 398622 0.773671218167
158410 284823 0.755702596082
305313 387842 0.718438360562
410839 63549 0.738062993702
157948 374247 0.722425361596
41934 326080 0.764051587112
294325 183972 0.774479969825
79156 46203 0.742270035215
85189 95044 0.787661100087
15312 304476 0.757534602765
198223 205157 0.77879151443
133007 391887 0.737106278776
130760 198036 0.772554313017
15875 131026 0.786323926355
371583 422998 0.731049797481
370589 408813 0.753144649723
307039 329093 0.729871982487
92859 101285 0.752407435844
311045 184416 0.711477996552
253783 155845 0.799475431663
82834 150458 0.783548855545
126438 119234 0.737177461489
56205 172018 0.797370962808
420800 371756 0.784434034763
126196 375559 0.707912384918
235896 46471 0.710827582955
228623 85556 0.742837344724
65091 197968 0.729722277653
278283 40219 0.745521412621
409771 116526 0.774880382201
137273 131620 0.780133572381
237652 272928 0.788314819978
225023 337104 0.765061838275
185870 366158 0.742832465297
369889 319849 0.771051817417
88098 207579 0.790768707852
351430 167037 0.761469371048
84793 225969 0.720230437329
383507 62759 0.74868754777
356411 152877 0.796589942586
355269 370097 0.741052293641
356600 279834 0.702189215951
421660 89645 0.713525815473
210955 387256 0.730398800213
268301 239191 0.791056569087
66662 44439 0.761386520552
44185 143958 0.77912324145
62106 93522 0.793576503721
387883 183054 0.71348709746
291300 217869 0.781632409003
49306 55536 0.790532859013
247861 91590 0.779228737859
415121 365287 0.717681070773
390099 105143 0.73946393702
122786 389912 0.711465722822
213345 237117 0.743322935697
81284 312512 0.790017775578
397911 404749 0.738979514321
268106 198106 0.730007032623
341321 257368 0.701707759531
355519 267589 0.714235258669
117809 17185 0.716756314015
196642 221785 0.773675750874
349969 114790 0.757453358061
269128 179192 0.741110479894
124664 195015 0.753549496966
307132 349031 0.793571928877
256462 374450 0.720993399402
156182 357814 0.75646380445
297341 227744 0.744373348665
271985 430678 0.739438499819
309383 264329 0.723323318242
336008 419143 0.725760908985
235818 169688 0.778122161136
368866 85664 0.780133043598
415440 128527 0.796796019318
6953 295380 0.725082282841
67419 58068 0.798801842621
412860 158388 0.762612638291
200523 255231 0.707541525844
319359 386092 0.795197849552
411104 404035 0.709925754474
108298 357361 0.786575891391
364199 391263 0.750973336301
141115 330498 0.756353710208
193951 218880 0.731561131206
126317 16666 0.771160609911
89662 127235 0.771625539246
130806 326172 0.790328296222
220437 82230 0.75816465152
68640 204536 0.779697227902
398928 194887 0.796816897701
292798 126430 0.75060011587
223142 297839 0.718252023745
215584 432913 0.779638748654
21277 386017 0.747318075409
399540 289970 0.703983891814
252349 152717 0.702292710914
125345 381833 0.7996621335
230292 77590 0.774390300592
255814 377293 0.718496035711
198663 346394 0.719553642929
366925 188885 0.781086556571
19573 779 0.796817686297
353552 201049 0.757589553061
121097 299780 0.727664059819
236809 204277 0.753245730838
432916 2558 0.716514114302
110542 379264 0.704898356995
303777 334247 0.763001233498
41423 371437 0.703888948282
412108 336566 0.745199842684
282552 180161 0.716781567838
280078 36871 0.728993068531
334598 262889 0.73749007827
396381 347519 0.73249645127
225593 71592 0.779188743397
159458 174699 0.717195321755
67242 418783 0.720564141057
371789 317429 0.708458177633
305980 75270 0.70438628288
391118 418980 0.792461065402
88787 384497 0.780532434203
94142 225250 0.78853243379
432020 33041 0.738134284435
77523 316642 0.776914328001
430827 137414 0.753623888197
46587 170284 0.79913845066
402822 251890 0.710165497772
334058 39825 0.793130705752
295518 187848 0.737204704124
296173 53840 0.78155305721
371644 4928 0.786527116362
188984 363539 0.70977991161
17754 221966 0.703959491915
194894 378029 0.757330748617
132839 320123 0.760816336252
199420 313222 0.741566866236
361263 240543 0.765882404709
339486 151802 0.75564590123
355765 198329 0.795260474037
334823 133361 0.75294010451
17933 20479 0.793779752299
327709 351858 0.784998707618
107149 190739 0.722354147852
238040 260941 0.727247945007
183860 365680 0.716592883939
164912 76146 0.768247115701
221378 309129 0.7961604275
389933 262107 0.710126014934
89070 186134 0.78035801028
218897 82436 0.70491045067
303546 207992 0.755044448776
22544 290189 0.726851842534
180318 229737 0.765823429631
192877 209840 0.709393840635
160790 46380 0.762017927181
102903 87039 0.751357488083
95608 389296 0.728340746503
10465 179991 0.702847626967
318763 43583 0.799463172749
19579 120838 0.728676819009
134409 175894 0.779858734963
198265 317498 0.711964546982
406535 184605 0.767104893308
94376 56662 0.787169415548
340341 377767 0.723707344826
322094 347102 0.789682210463
427806 175057 0.70142632474
199926 126588 0.777137019484
26927 306706 0.798297411363
379717 135498 0.724361801419
88904 382964 0.79773492532
194502 207034 0.731702257856
233591 163536 0.779734014482
241494 173520 0.731032164725
22093 198121 0.760388302992
52681 232420 0.770010489018
163168 42431 0.793109715997
324971 115606 0.710220201189
318714 405600 0.707936127625
170424 329030 0.764165531353
160689 354409 0.785469246626
32865 307930 0.71707614038
33119 303902 0.754894530262
374434 137504 0.760151102838
189476 311125 0.758152252592
279471 56844 0.716365894128
18801 125931 0.755481384746
111136 431265 0.772315186519
46141 157129 0.703162220755
1759 17166 0.782891670589
195231 211262 0.722706588692
34106 309802 0.780308187498
324701 221645 0.757675935864
237582 254242 0.716050768039
386523 406197 0.702217375153
148856 82056 0.774310891051
381868 313657 0.73098449125
90103 196879 0.784170881245
39850 92309 0.758168572219
241161 194331 0.73457778499
378831 363585 0.708646267367
3006 90545 0.784974260928
239049 293076 0.715199573742
9904 311198 0.753797853124
141285 260776 0.753687620021
301574 382134 0.709675074131
223765 357364 0.723188588894
272278 190786 0.706612441418
250774 397399 0.736885948345
81883 345992 0.702985615559
86522 401131 0.736006124436
338270 157950 0.739511066761
56217 93387 0.736683872315
218171 199877 0.796844199059
350255 60376 0.785061542295
143401 309601 0.760862998162
206532 189230 0.703770441781
377179 222788 0.785016371356
49724 119443 0.768168025677
288778 251695 0.792921317359
210559 372561 0.758445731893
79955 181285 0.755753874973
276190 209918 0.76656671349
9259 49873 0.785003879036
204333 281621 0.782841928968
321232 427259 0.753959705124
346338 397012 0.733132189997
56100 290582 0.79907108516
13253 308557 0.736491860591
172305 139673 0.731885253384
251924 391714 0.785150369626
143974 194853 0.748725650768
278369 15914 0.731283303
429691 346669 0.750283541985
338756 122057 0.799341800044
76582 148509 0.784759845606
145270 284772 0.706545422751
326483 342356 0.749013269733
87022 40411 0.707948119752
69350 2043 0.718339305831
277728 70507 0.769073751221
46434 161955 0.766695700598
94847 53597 0.799617488943
237065 160421 0.713506188344
213269 434401 0.752840149889
198953 269644 0.773553402771
308821 196710 0.778365093977
35898 87036 0.739971680176
175681 107383 0.703896547408
232918 188239 0.732947280874
8906 174540 0.730227192896
165962 296986 0.724618606192
321177 26988 0.773339508558
18263 175407 0.739656952877
144417 393547 0.745348702986
369174 237190 0.796963907666
86828 267025 0.751587977154
105639 305574 0.738047769941
302163 44040 0.731728499507
95645 170559 0.776482634779
93606 247730 0.771631957647
237192 381151 0.761857089256
391078 423923 0.744797580849
116919 321049 0.722909704404
157054 381715 0.71002449085
360493 181167 0.705129163176
340373 276355 0.718238775034
310567 33201 0.762623301119
73626 39773 0.736997486537
201789 296204 0.73813998294
193738 66135 0.73103874462
74282 189052 0.732537872078
407119 132019 0.713231834855
163215 374084 0.708232571027
377843 13065 0.774008472492
263463 140074 0.757359816448
297585 353746 0.778046132777
233024 145336 0.734626720426
347229 382424 0.702282444385
384164 92779 0.767535411426
179882 326862 0.725235183184
152527 378119 0.780685417339
198840 325923 0.733294021742
213027 323607 0.7938769394
5746 192296 0.750617901499
341213 390316 0.748152713144
85723 113479 0.752632882084
196429 401012 0.738538660053
43167 162148 0.778488618626
51017 353911 0.780920514514
352048 55102 0.723553382437
191987 116450 0.792310692317
386067 417452 0.748652148098
54153 203351 0.783221921099
311748 56671 0.772266765728
398264 54690 0.777470631046
385366 427925 0.721202757469
302992 117170 0.709544164765
198571 15902 0.728708906915
359919 237299 0.713228121214
432654 45738 0.720248604938
89189 131365 0.727127348518
426179 405681 0.778694125735
37534 47242 0.7420709596
360405 42598 0.752687184902
67712 422536 0.716410808864
9364 85368 0.714875298484
413320 131511 0.777665980443
44186 311945 0.722442506869
105897 177711 0.705441490827
317597 140756 0.740167623311
224890 19024 0.797584777025
127092 417502 0.723826983395
320855 126797 0.717157887081
381938 382449 0.769164196416
272463 165972 0.756198809591
362319 196138 0.765762703305
45247 15654 0.738609015476
347630 380785 0.74856365741
55885 201264 0.784678104609
67216 55765 0.77577678138
174990 219971 0.780631008525
62370 374422 0.734777352332
12298 326547 0.723617094422
193059 110715 0.755257630793
222278 339389 0.786503516484
255206 69613 0.775317314144
122859 95752 0.717367247995
85912 133702 0.785880632455
31334 319951 0.72107962084
50259 361893 0.750809284163
201891 34017 0.780794443483
155308 385085 0.742754182382
71201 101851 0.788189133603
276759 231710 0.74756658871
299752 310425 0.733950392227
63959 296985 0.73742984839
381023 428857 0.761060646835
26399 306847 0.773466910749
255906 403410 0.747530534553
87273 94426 0.795596720154
421256 238629 0.733544684351
154900 354440 0.764726705556
204246 434279 0.761685641236
75308 178199 0.725536564624
287969 213651 0.72803905585
96788 26211 0.745945014336
185191 381036 0.745689164042
194254 88043 0.723227672537
50577 228483 0.719215432809
326560 120273 0.793268736787
381621 54498 0.716522979983
105172 201257 0.747864136132
71663 289066 0.763187178991
137718 48736 0.756747081169
381222 133074 0.792607155392
411402 103442 0.770084777439
319019 107886 0.760749040567
49380 13337 0.703908684294
307698 353737 0.71342506293
270938 345541 0.728690761456
370524 195609 0.752569200041
183618 93148 0.741610721167
201849 305716 0.764584835379
373696 325516 0.759004467239
167527 58635 0.721005593954
394303 66985 0.712648242365
79288 297945 0.722080859223
123969 84122 0.77778763163
150053 95957 0.790039348282
354478 380899 0.768311626138
355207 276025 0.754562601508
173888 196300 0.719981574213
86754 220012 0.786803715133
6115 172644 0.760990617025
391296 217757 0.715264099795
151101 317568 0.717082248637
302071 406286 0.730369777176
158957 96037 0.748779424026
323016 390794 0.7953555867
301826 380477 0.708213239528
127489 335388 0.797871496692
58548 83773 0.736755108347
60651 79293 0.793661005933
14688 301756 0.72432974959
93709 405412 0.721624121981
352532 190250 0.761483098518
127019 323396 0.737215987357
306036 268074 0.724160115079
179169 12753 0.788600147785
414621 370916 0.774210895203
142574 48408 0.729339180622
321664 42210 0.72636703712
278214 190528 0.713824406072
50431 100952 0.768369062957
96922 31234 0.755410567127
207620 176145 0.703068561765
236644 105924 0.793518450725
72358 97526 0.768861980177
387437 174515 0.734781736641
113966 18529 0.776174405848
242187 372865 0.757645457773
338840 169103 0.762011713686
357689 421994 0.723985405631
78371 118886 0.773752945682
110987 72847 0.787612961642
221939 279906 0.775605557697
34556 66873 0.784964914318
9425 296954 0.76767552608
180324 416509 0.773588884213
195877 119572 0.735097098361
275510 268860 0.785461012207
379185 345882 0.743984526343
126494 394593 0.77221843009
350478 1144 0.727919662004
104062 385906 0.715958476249
228892 18462 0.778903370423
381688 156125 0.749356657511
61735 434520 0.796489579551
346907 94123 0.725410990328
320362 103568 0.746223096698
195843 133274 0.719970047619
290160 356204 0.748139922629
251461 90255 0.734268665195
252065 362433 0.755197289692
196022 307163 0.705915379822
418176 70475 0.707673640822
408227 68415 0.766038986406
169791 246705 0.704256115809
165347 240987 0.756493880946
192051 270012 0.76638319211
3873 180055 0.75382610104
173462 216016 0.70658320003
300118 221869 0.70348541188
166592 11593 0.771917933632
173254 143637 0.768280145262
23609 94634 0.792424388367
236494 222464 0.743931792585
5344 296340 0.763639295452
355299 378439 0.702652320812
268087 18740 0.722454141123
238225 241187 0.741700306224
289249 367200 0.790351797633
99334 323394 0.793213607468
358586 431674 0.749195017356
327971 201260 0.736330422913
403033 175480 0.736308826771
429918 290692 0.753257629848
149649 277806 0.73097946655
57607 363023 0.736714417978
208486 275098 0.7085960707
182798 264298 0.797585095567
354975 344291 0.794659513717
214255 309859 0.795940122069
354033 318942 0.78037702932
373567 190284 0.783744247331
228252 174282 0.783713763706
388880 296588 0.726145146507
46677 362387 0.763495540763
154275 327831 0.764812610269
138386 290903 0.753470155254
97305 212980 0.762799889118
80062 191900 0.745235820311
345927 276627 0.755813325638
344242 329741 0.703852786938
402815 327661 0.77077497735
92820 21949 0.703209370739
124735 355495 0.754848819504
414472 363130 0.781467080596
17166 264775 0.791594910748
395102 375531 0.707511400494
216229 201826 0.700308584366
237594 84221 0.718838099659
385871 94448 0.731538193799
273073 172253 0.720938346097
40758 402358 0.784602502146
228011 307297 0.738214735697
82157 188511 0.713770895755
245613 168363 0.796370510252
404081 44997 0.78734513007
238858 416394 0.777772751889
296561 247835 0.722623253124
423239 333134 0.740731729821
433746 207180 0.786014249374
208900 197703 0.78843913779
10844 127278 0.757366785136
340877 178472 0.711111764391
161870 356402 0.789575164653
239878 367034 0.735418924872
400358 326311 0.721371896947
10494 280459 0.792329079764
172451 37888 0.747873418913
349918 184079 0.74114037853
296770 23984 0.713587605612
320398 164340 0.758489243414
293675 17034 0.715343192205
56873 96887 0.717207272879
187740 178164 0.711791361433
49567 238365 0.75119109836
80623 67960 0.768382214246
203039 291592 0.746837233815
301053 169344 0.778264763186
18445 115296 0.731331919547
290631 57536 0.726562139446
92885 152743 0.769704419066
98628 375590 0.7960554355
144458 320441 0.792139028977
341113 243654 0.763820066031
168612 417362 0.799904053214
212719 191814 0.746883664661
434659 22786 0.758153486859
244068 127721 0.72161578522
42612 91755 0.735084671782
108784 354619 0.752312243975
63219 174445 0.76266147163
65539 130386 0.724025823376
411684 342613 0.725005214791
357273 80666 0.788824653404
198236 131602 0.700862889154
362693 416781 0.704610213126
369100 258444 0.722794182367
234500 75694 0.704332278993
220525 308488 0.762632950498
303603 275477 0.74214274663
304485 211613 0.772351405305
19756 131152 0.785334433435
275124 31723 0.795471341487
116358 357788 0.702518490183
403012 433708 0.762675472837
80658 178543 0.74999573456
5891 169126 0.747719528611
24741 285222 0.765156764584
118010 352342 0.727009661749
277587 99280 0.782747973084
347590 50024 0.700068829664
139677 338209 0.765532867438
193931 260145 0.701711188644
199462 180400 0.744093875922
390250 429947 0.776668775376
317687 40496 0.76116248507
232847 218741 0.752892041298
296729 315368 0.700816214696
406544 319665 0.728277016189
384290 161302 0.702666937016
288423 159489 0.740726070364
430808 251411 0.726468331906
44312 205678 0.75904269852
372151 325226 0.777976150133
389367 108286 0.718536500988
301305 187140 0.749524767948
21002 277602 0.718459440175
363115 177256 0.791200420361
305585 264609 0.789655554124
113932 182543 0.728325260098
67606 258403 0.717969025855
351147 368420 0.700540061225
51863 332940 0.720460027819
84438 358368 0.776421161088
296491 183896 0.757713003064
73314 192445 0.715153579192
9304 274729 0.773133662932
346490 272045 0.747908230274
407458 326293 0.798347894156
282065 165853 0.791939692346
236555 122498 0.732341820606
353491 98891 0.704668770815
397058 122466 0.707192932881
225903 85489 0.738264706657
287647 251892 0.706927977663
161707 41636 0.712614169391
319220 385636 0.771693708589
233892 226054 0.776720664749
97162 109595 0.772684554275
296457 61105 0.721760352718
165269 31330 0.736491380282
124163 398130 0.715623277658
213851 95818 0.77279934371
301451 403548 0.741373162435
423870 344338 0.775521146019
30346 335673 0.701001098461
191085 333963 0.740291371001
169067 357054 0.796369725088
208850 381591 0.790051496351
405826 323081 0.777588354745
37961 76460 0.797828792931
201651 90537 0.752880362627
2944 333893 0.758740688444
177381 149062 0.756876579727
302469 26482 0.765992493285
105878 80230 0.782642019462
183895 285023 0.765021028516
351915 257309 0.789261032435
51073 94115 0.717933858891
398442 279732 0.721849674745
175467 73135 0.70782892242
228392 371685 0.780429712588
32104 275170 0.718215078928
273358 383648 0.779038440273
98174 199416 0.701332204971
406879 331948 0.787582924168
396084 304275 0.768346984139
381396 107057 0.767259152931
379024 7095 0.795906551891
95264 246595 0.738292883889
337871 116223 0.752601667893
78061 225226 0.773897414531
264425 139010 0.747924511342
66588 78608 0.74367879945
142079 318905 0.775677176341
406660 356817 0.761586439842
400172 249429 0.73580855994
46527 116735 0.702352146519
416578 177133 0.764613292366
145223 320154 0.787111592693
261047 168008 0.741665303789
300173 246679 0.707895159265
350188 74018 0.724948447007
29268 93413 0.735446353794
86870 56489 0.773666228439
228751 281155 0.733062262433
382666 99998 0.724253486468
255242 154723 0.758704888919
432237 362112 0.784338423807
58656 94771 0.787287552189
146454 233187 0.775595715894
411534 209221 0.780332204476
324067 388497 0.786322198032
158687 43209 0.730667257683
31210 233744 0.706251814681
376147 32329 0.776985678612
383452 99289 0.774519853446
13520 194384 0.751756733843
307948 31661 0.790997673486
307767 317862 0.750779416151
37346 96857 0.790063492722
276263 273858 0.774950266171
231156 235663 0.751025116389
96454 8296 0.779130850412
415215 70962 0.73781912403
164404 374427 0.783278662671
173638 310195 0.74425647398
154619 176886 0.795067838773
317541 345488 0.728077966816
317369 384551 0.759255022098
43992 150199 0.734547524239
81003 117215 0.728255219958
194222 14578 0.799296605222
298492 380932 0.713005349918
324294 347833 0.755819762456
265789 309990 0.754022571758
7938 70508 0.791243385934
319637 89928 0.736576668737
201355 337255 0.761128413596
252017 383744 0.707697799967
195306 124796 0.745035261832
432548 100783 0.791196145254
128295 119441 0.789652336283
325785 388387 0.731084014433
387370 202006 0.720655585889
170546 247398 0.758367540299
158175 243173 0.779390780982
166140 253113 0.752630988212
231696 41767 0.753577361755
153840 325084 0.792833269954
310202 228896 0.757065740015
362344 52574 0.79771243996
216351 48778 0.739213010539
271147 304349 0.713842091273
291027 405972 0.702462236596
359392 52925 0.715876315285
234415 82564 0.728223630313
249216 165129 0.737259326059
430243 363543 0.759526732599
235433 59360 0.764341669312
218174 294936 0.709766514325
95962 347156 0.773783582012
235307 263108 0.709875052623
360911 408937 0.767045897986
162306 389756 0.754418075368
190563 177516 0.747080218047
90623 176135 0.738328895273
114508 130102 0.762087838168
169476 323023 0.71242564063
237696 396943 0.722130639702
70723 393317 0.726582880328
143543 297968 0.760563573037
334423 381299 0.746193945116
194279 186143 0.70345054797
305031 185647 0.708719181812
227042 175212 0.748875038992
266747 232853 0.724157874554
24284 389127 0.71037167493
363214 239152 0.719425818271
79571 417506 0.715350662223
226518 295291 0.713426714002
313213 174014 0.786805671998
160735 72230 0.734687225696
201428 254757 0.727527702419
392753 189083 0.758081335191
319426 258053 0.702740863786
335474 109480 0.741952692129
119600 180430 0.781937659289
383777 107328 0.742276555623
199481 46551 0.753773167951
259391 192755 0.790599352994
406230 290092 0.753489872958
7487 378410 0.765866753999
308163 124820 0.779969495825
427410 276642 0.772546367919
425286 131338 0.795714119321
192001 230248 0.793849172958
153662 411882 0.735340574251
93165 130603 0.738495085298
394025 375424 0.79924866586
140789 397554 0.700075440931
106812 72426 0.743723927444
337596 184998 0.791678450105
5271 174638 0.721064546878
429776 236633 0.768844224653
198852 23688 0.778923802432
432253 5187 0.74535917473
363006 287537 0.735488921598
49146 195544 0.749221689363
136093 350359 0.741165975065
421285 305789 0.787762789794
290030 48780 0.768100932459
291633 244983 0.739043748118
4852 190957 0.782397173167
386218 157641 0.785602050044
180754 350645 0.745352528406
301903 56342 0.742958932531
139071 400396 0.754015361657
89390 214999 0.764989286965
185549 370936 0.799402010533
395344 184223 0.705447040003
30772 325131 0.750037476012
30340 353029 0.733181763565
123206 189146 0.732888161477
245026 176149 0.715750240086
331146 275233 0.787887725047
164123 48243 0.790860042789
392326 114903 0.713537598767
17378 96023 0.780158922953
277808 139461 0.78976509681
207162 412859 0.730827520985
389385 324984 0.796358661116
328991 336383 0.75833969949
179005 107471 0.738826091853
201236 243667 0.722330728669
42875 406560 0.733873931449
375436 323870 0.738438770672
194613 269309 0.770086634045
359160 82387 0.768107135112
405951 378070 0.730069626294
121183 234150 0.717893003234
335145 254378 0.707454591375
226303 232752 0.767799499724
234146 361548 0.794661264795
160198 387936 0.77068396041
4103 188797 0.714433887773
150209 232208 0.754932618066
337900 24975 0.729447015642
42096 322402 0.785152691062
419275 198576 0.71532580777
351416 265832 0.782683599658
54766 380635 0.79145847982
270793 166695 0.703305613842
409652 48789 0.707450684444
420582 70208 0.763494213753
432286 406402 0.74188517577
411637 21934 0.78207116079
259369 239415 0.729552784709
288191 155764 0.791928719896
353691 162492 0.769836940721
83139 130274 0.773734368585
427474 85552 0.748986920924
50215 217055 0.719427984927
248612 348915 0.706876075005
51245 191126 0.753856604298
268953 374090 0.765502912683
88019 18320 0.793787799659
417543 69939 0.792410666754
306763 143300 0.753504505523
163821 254835 0.763547557004
376601 238013 0.70617698654
80193 296340 0.741746940159
381198 192224 0.727698280232
196369 186226 0.798554665001
375506 57391 0.700000964748
280518 132014 0.742009090753
179796 158352 0.720417950922
329468 272248 0.737178456984
179571 88643 0.772317033921
320943 224634 0.716950731864
276917 52332 0.783375312567
174913 204883 0.767927449651
286562 398455 0.716587520913
232878 238421 0.779181483462
37370 75988 0.79298397498
359459 34581 0.745294812462
172672 263925 0.734768133913
286573 254477 0.720204525747
224556 354134 0.764714974258
236548 212427 0.776135738188
192613 243631 0.716746981148
216032 334451 0.770439359213
297 346416 0.706932683468
130699 423784 0.728594070952
48751 331308 0.774683582697
300406 407369 0.725608967677
51597 199995 0.722142021554
343813 309735 0.780466561603
387118 7450 0.784770279981
135733 174318 0.718126788518
336088 268531 0.730912248862
222064 83915 0.787669693325
103565 293703 0.737399134508
269242 177003 0.701899739627
116372 76525 0.788364939256
43320 127649 0.766086029138
189283 360303 0.774218539307
221488 90046 0.759201294489
161406 355088 0.713812954633
229569 277722 0.761928342762
306595 266140 0.717902328262
308619 197216 0.762258106254
336631 238134 0.799437711738
429740 374572 0.705945914334
401759 198574 0.759876285752
177872 415385 0.756675564213
36083 304137 0.709297517136
200155 329986 0.764225704648
395387 365283 0.731008453739
30300 388221 0.752571141053
279432 388515 0.722171728785
89799 186255 0.764190742458
55432 202199 0.706899693706
260218 174337 0.782706065109
54637 345254 0.750891437668
92356 384000 0.778651227698
239088 113264 0.78871525527
69368 303781 0.793585628907
384741 294265 0.79502944656
25993 398229 0.764172219155
217427 326513 0.77754267131
297552 166231 0.786286462791
28505 336227 0.716839427424
129219 304012 0.771356448823
103589 391821 0.772637303435
249803 348221 0.794689929866
236610 25025 0.760895291412
221052 294004 0.791434795864
