252936 85440 0.758334141162
293526 37875 0.737090192241
262753 319668 0.737945488783
364148 323332 0.77584903817
298109 280070 0.714008436559
330118 316799 0.751273183446
87749 243777 0.741265741651
293825 84201 0.709709405488
415531 315475 0.723424761505
253402 246106 0.72801913207
255406 83983 0.733096567918
356909 96423 0.730842534287
350440 77216 0.708820298985
228054 396844 0.729860132588
319693 3037 0.722453259167
241578 146507 0.764816845534
146605 304533 0.775248836258
282147 43896 0.767562118553
353358 285174 0.715253966993
251530 189773 0.782835791959
119875 322738 0.790383034256
240058 65129 0.779424979005
136188 42763 0.727077442326
306302 274271 0.715759358431
417665 317680 0.758316151165
311214 284570 0.718031847846
394361 33529 0.702118177139
322635 182183 0.751671847419
122915 243719 0.762490169551
421303 394019 0.700785806183
11075 395928 0.791844012376
315088 386374 0.730284284033
163489 247748 0.786905896786
47705 267472 0.778188104871
91737 49935 0.756437745706
388405 290115 0.755024205969
291525 281133 0.773694886722
349426 68351 0.745808309687
357030 320387 0.724461558788
216122 246698 0.789107503281
394983 254705 0.713632018178
281518 315920 0.764574370565
244367 97705 0.73481026972
435637 192029 0.734821453331
382005 420275 0.764255271387
317305 433691 0.794700276831
289826 299216 0.728538161336
241873 1239 0.792881657726
244422 428482 0.793469647751
43265 221243 0.758423688466
72975 192414 0.722592839189
240099 97852 0.755763031864
300996 259206 0.765875389744
407700 249477 0.725047517085
394314 13255 0.709839926878
294055 161211 0.765835425029
335990 311356 0.71982015114
218945 322388 0.732022115576
110502 316657 0.721681541454
323671 59692 0.724308799902
304189 138093 0.708739185322
381277 412753 0.715935677644
258448 393073 0.759915336829
316616 417661 0.750214586196
366327 310560 0.729827377381
354034 435602 0.70935204082
198340 173492 0.742638337926
239570 312814 0.791401750827
293099 275165 0.721103338933
80721 289454 0.798067230726
126325 431861 0.758784824336
3767 241939 0.764893975444
427531 321849 0.755716159228
323257 233554 0.70317937559
279719 264975 0.756540407275
329244 195389 0.710945282642
243806 354971 0.720405396482
266289 77585 0.714926505269
112066 185480 0.741966564292
252070 394468 0.781059810807
308155 243304 0.783342051774
418001 43167 0.712525258409
244139 304574 0.799873067316
385182 235674 0.711590372064
199441 430968 0.751103283303
384402 411520 0.70649381369
160787 295784 0.789999660878
312726 349312 0.793118079344
73099 358958 0.752732454751
316411 155435 0.771642147098
253199 45574 0.751061592913
135163 294559 0.787235884951
283512 319117 0.709245441176
83528 201455 0.768409991026
325414 355932 0.726377564197
76019 261645 0.748980598176
47139 8103 0.78971647572
257248 244324 0.711448398626
230887 242867 0.762251349738
377641 39114 0.799591882876
395139 3630 0.700372529285
118417 296715 0.702977981396
230466 396395 0.77754417575
342798 47759 0.750938760421
309899 334712 0.755498402887
267823 112259 0.789098246228
92608 250536 0.701357325217
50090 311826 0.725371284785
251477 326140 0.751731777174
420746 112148 0.758180198526
47368 244626 0.727170621423
113247 414211 0.732962853888
87908 245455 0.723294291294
351163 307185 0.784171946955
199194 306806 0.77509539898
248237 2701 0.729574289024
394241 277151 0.719356149384
393879 280725 0.735993798765
245880 254265 0.760353869303
246754 339866 0.743393425812
301927 421593 0.719021930362
302615 46845 0.756982795395
357722 296339 0.752518640533
47554 173739 0.790239793098
356657 180456 0.764560608286
122777 178032 0.797884205695
416261 302391 0.764332808093
297760 427625 0.740631762006
282154 324666 0.730797771325
321782 83756 0.790982982075
273606 83712 0.760473733917
298863 156567 0.782826073862
1156 196362 0.767634357834
43879 45730 0.763138185605
194952 432343 0.725932122324
54158 394006 0.738909669392
47095 391248 0.704763341675
41424 223825 0.71912956781
82572 111986 0.750950510025
244572 213721 0.752652976197
291954 146943 0.723519540695
201979 191218 0.761155755066
350734 308545 0.77910728753
40213 10669 0.750034769503
339369 422134 0.72701743163
296417 125179 0.782660728088
34509 242269 0.766978479521
420808 318400 0.723459812214
286831 200670 0.730458308167
122270 296943 0.772997418253
433762 19934 0.798435084029
83182 298389 0.786622635926
118515 293732 0.778838187699
64045 337449 0.795284355415
42328 222892 0.777768798021
328742 396064 0.720036708361
305893 47914 0.775143263373
87596 305786 0.753090431048
50461 39854 0.735094563136
248249 135934 0.757646547421
316177 218921 0.730531564624
218829 248209 0.790918357438
315998 27996 0.758885507791
281731 96210 0.781144985923
44876 42342 0.704782699349
275219 128816 0.741133148325
284074 177567 0.771093067177
251300 314112 0.75842850768
408769 393778 0.737038439763
47098 416645 0.737382486441
46835 206205 0.700085720151
426397 338518 0.781145910293
178047 150894 0.792230997689
318402 412460 0.788512881239
138756 245822 0.733266049388
222661 248862 0.786753426587
352371 435439 0.751613714258
42742 263014 0.76741862559
156693 248972 0.787764279871
250597 111808 0.76597445205
431793 319722 0.784799445523
356604 260261 0.738504401221
241256 405198 0.782200144956
330107 303268 0.784369690338
71439 113233 0.742538619394
174104 48004 0.737314414992
186880 314355 0.721566410405
21890 42171 0.786106897151
322702 86722 0.715703744824
321837 223215 0.725554268153
132648 294253 0.784610609845
296690 285744 0.745150849477
44983 193297 0.742430032892
281893 296424 0.718534576362
203500 200976 0.705821641355
245719 397483 0.744248903285
2532 242844 0.773719114193
210641 245295 0.799866325422
240035 38750 0.762611843025
194306 434997 0.748714313531
45933 426174 0.734925016522
239944 257263 0.728030978074
49546 239810 0.749639752451
398332 318531 0.776638098245
40142 409837 0.710895275114
55241 393413 0.779319120025
192257 431429 0.773011250812
176900 45472 0.786513141208
49317 179560 0.707347842516
21235 242711 0.741832054658
20243 394680 0.765455680983
315350 327533 0.797231779592
247647 164413 0.708945345365
232681 394014 0.70047598275
315295 398742 0.748153120338
234272 202524 0.780156238485
215346 240713 0.797987236752
397467 312790 0.79580365893
59725 358647 0.799500408236
196444 284063 0.783466633303
406540 307632 0.743370233927
293501 83550 0.782674784899
299045 327642 0.703732406442
411981 248808 0.744761898915
18585 311453 0.758489977464
324541 235704 0.792644477454
76789 413268 0.779669581021
305397 89744 0.717840695825
351925 72020 0.765536617862
312269 421171 0.720598864962
322283 36379 0.708484100548
376134 48129 0.73024229218
409646 246015 0.779707773143
386918 248865 0.712090022205
163866 291930 0.707925171483
331374 311417 0.708602259219
264134 197143 0.7159489088
429366 297363 0.787369992168
324066 101664 0.730419214152
227245 375329 0.759015453651
86482 292619 0.797673783987
385449 432016 0.7393177318
432642 88269 0.774255517148
298293 46298 0.778572005815
306178 349877 0.755322159641
262198 97247 0.729269519231
299194 141865 0.790285941148
354964 300065 0.708625190375
295450 143025 0.700275338479
84240 434189 0.762041095784
72286 307283 0.783447453351
412997 358803 0.746403405604
222606 314281 0.70285128062
122863 322603 0.763861283105
277146 317980 0.737135009641
105764 42366 0.77866878048
297497 50114 0.74376454507
435494 167483 0.764659819648
96465 332334 0.732912327035
310736 229207 0.732084444813
242165 1124 0.736994101414
300973 282862 0.768343632206
268473 326058 0.798602597133
321989 218165 0.700846454043
187869 313625 0.751833319216
393517 124556 0.762302711215
287870 321226 0.70279252742
101499 242926 0.763307095609
419615 316508 0.757817512298
43911 249889 0.78060116219
241339 336049 0.784950387819
246006 99510 0.712610857251
273945 312564 0.748130935365
375330 106271 0.720044258241
95167 141497 0.701053813053
392878 12159 0.74464984691
309741 275324 0.767266014531
184727 48558 0.756524406636
262175 18245 0.772538825708
18503 285800 0.75200209014
249307 287127 0.703893018706
130894 44668 0.740901508543
312625 278119 0.712709897773
134503 112091 0.705775612012
9742 244210 0.759636248552
178732 45725 0.747419831146
159495 242122 0.723391209756
253934 319302 0.745503029624
392499 424099 0.794731765951
241290 145353 0.755918694483
292786 138098 0.71529291105
317298 364452 0.705713973542
233371 318433 0.777970246099
358377 113414 0.777213354096
199324 177626 0.783054927729
395626 204260 0.748992217651
410126 300436 0.773202347586
373568 333180 0.751042127146
393484 409283 0.730075326224
329741 19799 0.705116572743
297273 14903 0.756954276618
57541 244843 0.740104952645
380137 235502 0.710330701777
328064 76554 0.774332157169
178276 72182 0.756114390734
315070 159124 0.721620923923
317793 62531 0.735867748642
429346 76991 0.770448408698
247921 106605 0.734331601389
233933 290772 0.763746464224
309711 287266 0.71003352627
47710 255987 0.707545406494
215228 40297 0.743670936377
248516 231768 0.769737632624
247101 206971 0.724291688378
7050 247269 0.714907128235
394977 7783 0.75273651645
433967 386022 0.745345381781
304620 330593 0.755607036425
302002 280691 0.736536155458
293035 151112 0.718808271583
392982 99571 0.745303974652
301846 117573 0.746045539245
172852 286509 0.741622194019
421540 94130 0.724472496106
145522 243065 0.769712616175
375791 122623 0.780222993869
199032 285128 0.756995254636
296881 72821 0.772813134113
412569 39799 0.786080005866
373587 370223 0.713461747339
435611 326043 0.766115974568
306895 247280 0.796503426409
239837 185908 0.760190580749
112833 223111 0.739462950942
364415 301804 0.760675192734
41516 250796 0.790785322896
434133 80109 0.779722343406
291885 229092 0.757761277234
244276 25280 0.706157972065
376929 52867 0.776028619085
324675 155348 0.737558656323
311885 280855 0.758265798496
297094 328218 0.755236247639
234909 303141 0.789324479974
323560 11211 0.714047397828
305045 72424 0.775616199214
314361 60179 0.79852675879
393240 21948 0.738015778673
3057 316363 0.730717593171
424240 50601 0.759415894999
76576 349992 0.76236554001
45606 42688 0.729553199446
350709 127545 0.793106442357
78336 412974 0.708722116094
11649 294437 0.746022333728
241470 182833 0.749142181192
304549 41240 0.716784892538
182146 394795 0.785878931814
255205 78604 0.739909372269
256277 302767 0.794159514978
51286 40342 0.761678790697
58532 48169 0.774947232632
188508 245366 0.743122464805
88948 310237 0.728444091709
76134 45759 0.721598291728
299547 274616 0.781507489677
315664 355672 0.780676235599
338818 100626 0.760269747739
246310 202804 0.726360919326
395220 13335 0.713055363626
113114 399207 0.791176976333
141959 310268 0.794742413388
256045 247849 0.773788927357
269015 298695 0.737290435203
242366 130168 0.794488606737
134604 95493 0.767586538944
323753 156232 0.749925155554
276914 385589 0.728902768994
91387 349463 0.793452568985
316917 4553 0.731226670535
300332 287582 0.796933516954
305958 24486 0.715759193922
71995 95013 0.701092075663
369366 312869 0.719591818192
39085 246932 0.781765865809
91235 86831 0.703114872936
339210 270987 0.704477623259
269714 379593 0.768224133651
236982 247645 0.756250860161
286410 192715 0.712512137643
374273 48606 0.741751283675
213926 321928 0.767931049973
430774 306186 0.776197875536
12033 293664 0.74559846435
83544 327992 0.73016361346
236277 318513 0.755450434843
325854 271320 0.787359407558
87659 296477 0.756693839911
313383 264122 0.757095381134
339625 48227 0.748592668279
313021 147743 0.719801915387
315066 125586 0.793963159435
213534 396945 0.752239294445
375788 47332 0.751282229001
414874 301192 0.750047180463
312562 268450 0.786908004075
72192 203512 0.706237624686
378226 317295 0.732446538807
321722 6616 0.793265363189
262331 247187 0.783478852746
273952 79164 0.721214507773
186276 313642 0.786561569532
264724 393041 0.753618128892
45476 203811 0.797032193918
66182 40715 0.722444182711
45120 347948 0.758762432191
137119 245407 0.710277326654
97514 321474 0.731228736795
98901 292453 0.733107956334
282437 94576 0.704372514351
227888 317126 0.78681101715
269910 379080 0.77731614683
77340 62118 0.715442580442
290031 199530 0.751455704811
408510 77106 0.79274373377
125320 244092 0.757063695836
93125 72524 0.717031542005
40762 424984 0.74994620987
425747 297448 0.755523255802
43791 422255 0.734350988312
307651 90493 0.739824574693
416793 47207 0.707413721186
65762 291862 0.747968809578
338416 333930 0.734677838465
303979 358739 0.742514481099
393783 205110 0.701343119497
397747 392814 0.711270314231
80372 309985 0.765286549426
310493 233962 0.725256734221
396002 50437 0.755301579414
320480 274282 0.724633514788
146431 240132 0.746494398891
283611 190268 0.701474083817
244937 336972 0.748734108318
377388 101768 0.713723059143
297878 408457 0.729654197233
113882 394467 0.750907165897
378849 397109 0.708578205781
358603 256491 0.741865314639
402110 46174 0.737236288298
269773 240197 0.701876254746
236302 240740 0.756770047031
78610 186717 0.747983028381
291344 142239 0.70876294369
288643 293618 0.741001742108
38921 338268 0.735763937744
2014 294351 0.766550381517
331178 320153 0.795157972689
253772 320967 0.759837133946
367621 307737 0.731008469112
76209 358423 0.7273911512
97032 336831 0.757772393729
196226 428301 0.705191625032
275415 322325 0.77657551868
66351 245129 0.718619202078
312132 202540 0.714198826201
86793 201620 0.709160535016
424408 320098 0.721401909508
76750 421013 0.721396198969
183079 358408 0.711254632832
376550 51854 0.73138174539
219293 393896 0.765638494883
289799 188964 0.702280693816
179511 237202 0.751108227698
357594 129518 0.717416202453
416186 296728 0.764022201228
422652 91437 0.745543275248
290735 349959 0.723756871413
353851 233740 0.73860809467
301221 45458 0.727657333908
2084 322701 0.777125307906
301409 44582 0.770106329819
39291 292190 0.717497357886
285552 301299 0.787466938989
396675 120995 0.735298791269
198681 432539 0.776946439115
43146 376386 0.739882599384
324752 397938 0.780091945929
35816 313817 0.722588632638
42757 118961 0.727264428881
26908 241575 0.717752456343
386459 431254 0.70698589938
260040 357942 0.787473067345
160656 323858 0.757381177762
129416 358000 0.75662160373
414300 314572 0.71691820804
163422 293130 0.762016193057
249138 59044 0.705168249067
274424 293982 0.732240418505
81959 307343 0.73709666069
178501 232155 0.706593380271
243478 206659 0.78484097533
321603 418943 0.71405923805
140257 249129 0.715592562781
254610 178677 0.790397609184
263628 40615 0.70098018627
379036 250282 0.779770216232
248620 155382 0.713484614889
77082 235456 0.797183838988
314338 412236 0.748825215497
317310 362401 0.75531218343
389280 717 0.733610640985
420854 81840 0.707515817259
86497 386475 0.737849479611
383907 323686 0.772207226868
312074 39660 0.748809772881
264974 321883 0.734715530119
54225 325493 0.726082970121
146613 322660 0.717117421588
329458 43392 0.714021745986
318422 271686 0.708272956629
359952 301748 0.790139521529
428156 395465 0.777652763121
159124 315328 0.774244674266
276060 324451 0.779934417096
372334 297754 0.77066130196
299200 46141 0.791478408968
397763 80362 0.75401194074
314248 71955 0.75858798206
394724 427582 0.766985468611
358845 310276 0.700710875541
109358 245109 0.705818896557
303865 11559 0.705612139603
128678 275030 0.733210551582
145350 304832 0.783262768907
249493 181070 0.763292212158
274671 302939 0.765828966167
326517 414770 0.786546171015
300802 287239 0.760785895287
415119 392645 0.721704935188
430826 393251 0.70085798675
392704 281708 0.70574454332
323399 271662 0.73615308691
120001 247046 0.771264600197
267547 241978 0.773557701432
100331 316062 0.711705837801
35653 301514 0.777820979867
239201 45582 0.785110195599
284602 43137 0.737005127437
297346 235663 0.745756495139
79013 304642 0.729859838384
71371 386449 0.77314048458
178694 422038 0.787954895199
305348 21181 0.763745131451
291642 434446 0.787015314737
330271 303862 0.704459815042
250987 276986 0.782320631088
332655 300720 0.744399683343
375890 430132 0.77707226922
87063 316714 0.764100518911
42417 123094 0.79249696468
99897 394434 0.705497338893
314216 266851 0.77515021284
423547 300162 0.735748706173
329244 92658 0.755195284237
241225 201548 0.731449264269
376589 29838 0.738160440428
25071 247523 0.752205316879
357837 396004 0.723487267533
243274 187933 0.7684508202
291172 1336 0.783107401051
266143 241705 0.753096640253
121131 294167 0.72987786611
307730 234132 0.746777404812
182105 243973 0.769543736915
308881 86279 0.705359068435
252824 77132 0.72506975844
283790 378096 0.789198587856
245800 160848 0.7172161803
363447 375936 0.745076897687
317306 137253 0.731352353256
423338 300515 0.754064046307
227107 315728 0.798833011949
151565 294154 0.775668288115
52507 299331 0.746743851531
122638 292444 0.718511692335
42737 59830 0.725346613345
246590 262643 0.70101691039
175229 276506 0.76840874341
142815 311280 0.702842637549
31754 376030 0.794178896421
287953 339240 0.7794877482
435203 174742 0.704204698137
311633 1797 0.798447678992
305444 409089 0.75156848972
112192 102652 0.70120762035
93126 421330 0.716408518493
357896 320046 0.778828961732
117105 303971 0.793404020819
324285 160755 0.742785441542
303643 72137 0.732585897182
47087 217976 0.772853314345
240777 159570 0.706572397968
304212 274761 0.721672293877
269492 77403 0.73275289211
48212 177489 0.789234311228
235589 204274 0.775797649605
278178 176085 0.773496051004
209026 242656 0.796785485751
400113 244383 0.792075976319
246460 356962 0.788110798661
302905 273357 0.79172410745
282878 310731 0.752888428603
394619 355710 0.732114461514
96176 253018 0.736384129664
137552 300240 0.799406728082
425649 312620 0.724727050878
10033 43598 0.757379882255
81318 305815 0.763645031567
115775 315301 0.791588901031
433013 174507 0.731871670363
313406 37789 0.713328421101
319010 250521 0.766940415281
85589 264140 0.730330573243
136217 40463 0.795793747944
244253 187210 0.740306365615
315333 306650 0.716498578999
376824 7738 0.785555377822
396065 262203 0.751509957923
132228 376073 0.714687604479
316346 100816 0.785125943383
92475 48429 0.731176731582
77457 350820 0.725405445553
413782 294021 0.75234432827
112083 132288 0.768923321495
95000 427003 0.719415791537
295724 355441 0.788933641596
105756 242202 0.779888676544
185192 249318 0.78918018987
240723 97570 0.745727371015
242780 405025 0.793539776661
334573 314183 0.737087714105
409310 395563 0.791072200455
321818 51376 0.798157563438
12662 321836 0.792377680614
397649 43429 0.780428724741
270431 94139 0.775214722531
417574 299151 0.765642385708
230551 48271 0.746250318504
402274 242392 0.71451343859
229189 306094 0.750139977291
393286 432159 0.791749763913
303899 310060 0.721352796636
248007 123927 0.725658094264
283554 178324 0.706249648135
136648 321709 0.705039997811
321136 252376 0.74550224626
42309 224856 0.714481921995
87030 247587 0.705206056784
321955 269264 0.752162563099
421914 382123 0.71914481849
298987 115036 0.722373364185
434898 305214 0.714211696996
328780 320144 0.79570152742
397102 394466 0.794930562315
113172 261709 0.70974370588
410231 295419 0.74717106461
239740 140218 0.768051964015
348694 292305 0.759714679721
101085 245810 0.751707239369
85779 386395 0.724696622631
84341 287788 0.731896201088
378002 337219 0.743952478378
431876 66750 0.781440285837
303848 55254 0.768852821869
55510 45817 0.701068518847
311816 366281 0.705453876411
28952 245916 0.763181800788
112746 7819 0.777204170608
82018 350064 0.750398351537
10001 321541 0.715330326727
230145 242762 0.701991644605
350368 353490 0.707999804436
242781 182384 0.715326525149
237554 395022 0.71957823453
300940 406942 0.7390893576
244169 232324 0.79303003733
58031 112324 0.744230234538
425983 317879 0.711344655219
377750 28863 0.776332521489
92554 283688 0.778075528216
240268 138272 0.719992154091
375948 7722 0.788130509047
246729 107847 0.732768682317
250920 359076 0.798466527449
249851 245280 0.716154883229
394809 268937 0.706861158187
377474 392408 0.776946467129
355765 44030 0.782568956628
313885 21684 0.765758176193
242315 33545 0.729832373196
395913 136011 0.77918296231
74180 246068 0.721778787054
72454 380739 0.728686551941
305242 158927 0.774632398288
64491 315659 0.705053362375
248641 16199 0.716822079416
105318 245425 0.782203257164
317399 270642 0.734615803811
275989 91224 0.764907506418
358286 386197 0.767147266065
311000 303369 0.788022006311
357138 351923 0.782518232295
248656 333870 0.785323226934
203746 393497 0.748653639739
59771 393608 0.703517794951
150270 241129 0.766643944379
377731 415040 0.740695989788
304404 219539 0.708251139253
48232 347391 0.772234607177
198658 424306 0.732328678232
426600 83959 0.716405605713
55764 326486 0.743424273714
113384 413257 0.798207916443
327248 47065 0.70340582797
373518 282952 0.716927806212
204494 41385 0.767129302061
293878 54475 0.745685637869
290753 361037 0.751874703439
249410 214519 0.700973574805
332483 77949 0.745282897315
201992 49011 0.774542320273
316015 11274 0.712154617173
42707 106998 0.772976692599
395047 304940 0.757597255606
131920 237265 0.726998780274
272550 85326 0.706311304135
164597 306122 0.730513322177
313516 26903 0.702969039943
278502 112288 0.780911333447
311843 186124 0.723267676861
433696 298572 0.706168805286
286391 352270 0.788310343294
19650 428821 0.796305536789
277814 378153 0.736521226608
316920 103107 0.733344172947
305601 391850 0.788031358463
181255 112324 0.765182054468
286291 313238 0.779808841426
243095 56008 0.703069262608
338805 408429 0.73257510636
303506 417838 0.793094121537
73021 318323 0.767946663108
168659 397972 0.73323648003
125290 377120 0.777312739281
259605 318054 0.745803630137
255092 303292 0.79174451396
16239 41658 0.759657883072
136865 324184 0.794165268423
422759 244693 0.774619532047
329702 394149 0.729246370907
172287 433914 0.761500167712
113191 7110 0.704009948693
276605 316231 0.797960227537
20925 248225 0.780621371532
190257 350412 0.763787246552
304910 371513 0.701604503376
8253 310016 0.716918518661
180153 289354 0.702814366662
161219 247040 0.759892328681
288230 299820 0.733258512541
410079 394284 0.763493320503
318445 266465 0.735081556932
307014 290024 0.793777854862
361176 203688 0.724661550524
296543 197757 0.748605909676
424526 316197 0.737805731633
376905 421065 0.773656506393
309622 17657 0.70481393295
52199 324949 0.722831695245
376047 426233 0.74220790341
396219 71620 0.771978552698
181458 312279 0.796722353108
379422 251050 0.762243111192
82187 350852 0.75710241641
410261 354562 0.762101804187
329751 175077 0.717305485062
392782 419062 0.730908034622
382594 433029 0.732367444936
393066 56417 0.750394545594
304431 247145 0.768461415943
242367 183956 0.735799079328
311500 160090 0.724199775463
308904 77629 0.78753250256
330218 82971 0.787119580836
377134 90047 0.775747395998
192068 410591 0.702881714861
302057 281483 0.756649344464
393567 419175 0.734418470794
311971 433795 0.797729426114
241041 108436 0.783932702476
284977 40148 0.77463217042
373590 46781 0.709907559544
268659 394229 0.707990882519
78441 287474 0.765018921079
85478 382902 0.714796744785
382720 112313 0.799238534446
224396 321777 0.781316610119
288502 170873 0.738734321151
314804 342982 0.732209474206
395776 184922 0.791305294176
213907 241941 0.77794444228
271920 381881 0.763456330757
376105 75533 0.797825255562
292147 429657 0.743699362499
396998 265160 0.737811007335
25718 292521 0.754537341891
273460 317030 0.781946035405
321702 287881 0.740325259953
377096 277133 0.778593355589
191068 424545 0.759506906481
267565 358470 0.75012847433
357343 292777 0.730181120155
395196 159162 0.763767647455
301340 16309 0.72578708149
85444 237077 0.7923746836
324905 211558 0.777368357459
314169 209026 0.752886149935
300621 48758 0.760736467031
433601 395075 0.720490690372
357356 75898 0.733686797649
307942 327353 0.736711101153
362820 322766 0.731195423592
93295 351237 0.753811720086
362331 314338 0.77733575738
322885 14588 0.720267196328
297578 367511 0.770506020119
78618 253365 0.76679892352
285120 321767 0.755290495581
65228 320312 0.749479659026
279159 202051 0.771491643588
80424 308262 0.734072638039
394906 364485 0.775324614994
107208 313288 0.75769209558
59613 240785 0.727938490116
72634 306647 0.727279701261
248574 33236 0.760199108244
249448 1500 0.773093811053
315481 416107 0.789109145241
304875 81168 0.700073474387
12165 311990 0.701389286432
423592 93330 0.794437182734
325566 12765 0.702994067411
202559 303766 0.775849241417
283451 317234 0.721815452245
177487 275362 0.790773500238
309667 40430 0.752873192205
113330 5635 0.732124957931
86690 197201 0.732474033285
331657 378469 0.755663892668
417202 41943 0.701725247935
142369 294410 0.741513430843
395770 156614 0.739221231638
396175 133580 0.754939341729
142526 394704 0.758111708123
394904 165053 0.703402705429
55327 295548 0.737701875664
187067 86480 0.705121635083
317958 233526 0.73561960314
109781 338532 0.780914541601
384831 77795 0.704889594717
53788 314813 0.701822442089
49689 113009 0.703321450986
282081 317992 0.730828380868
250807 194731 0.730582696792
63113 326201 0.721618071261
40448 292977 0.731226189216
424207 131392 0.705713687783
191986 331596 0.702350993045
431556 317672 0.750864016052
326390 285934 0.715813903952
246515 210573 0.770907335168
313546 364030 0.770505473845
409777 192826 0.775610102222
174915 287888 0.718142883812
42087 185341 0.777302239431
385617 45991 0.797946270311
312416 150378 0.74159904055
319634 87826 0.724389316718
383656 278951 0.75706980507
302933 157923 0.767454890156
304393 328762 0.732727279673
365318 176012 0.773326575443
178070 263789 0.77729964517
427691 339576 0.754898966268
291956 283006 0.737633852355
395724 116045 0.77053977613
47880 347883 0.786089201336
53925 376574 0.739387118269
44818 424653 0.755550675681
3040 375344 0.773924240422
88561 285822 0.740699931274
207343 323442 0.751981314853
91250 45164 0.712636340616
277203 202106 0.797647840547
43233 123160 0.783078437733
42026 33129 0.7300604444
164990 393076 0.748286424702
44946 250333 0.782786767731
425937 76153 0.786913685758
298517 335628 0.706643582405
154092 393959 0.763667345469
255342 291186 0.709696246912
305553 274519 0.791269111422
336158 315411 0.779987253585
301526 285134 0.757167563934
191112 430621 0.765953823565
376737 235914 0.758465565179
243892 211329 0.733478761567
273689 79407 0.791475757743
390486 351043 0.743690979853
309423 336532 0.742811088728
403282 395689 0.776964296258
24162 376039 0.732492139878
196413 428969 0.749415328044
278242 252914 0.750080439209
296734 429387 0.754383935754
359774 376367 0.74033149689
13408 112077 0.732483930791
322604 99431 0.796989190957
298238 365604 0.77434736814
285915 83108 0.757915430329
86583 351025 0.795735647651
306227 410727 0.704928844274
20982 94829 0.715542019111
246424 360955 0.751105793046
139469 300138 0.721042424334
81158 375027 0.735440667541
311681 85596 0.765783458211
315983 120681 0.701879784393
355497 268263 0.792454605491
311051 357522 0.744863408256
281778 388245 0.762488234368
369771 298692 0.738563380021
329318 376002 0.772698940445
163935 297668 0.771303008027
45910 224174 0.772097648791
311807 133327 0.708929945909
273316 324958 0.764956031043
242851 253782 0.749817455057
358638 424406 0.70913140523
275485 339221 0.703497111152
138378 375241 0.786839605222
408235 319480 0.700514685928
263764 178678 0.781695430084
263345 376510 0.754234709853
40822 229520 0.765453294694
364186 178034 0.717469921093
240872 110214 0.781932859755
331562 304883 0.758895090602
296912 333253 0.769680819923
315711 116328 0.786830932637
305666 426775 0.766524578855
425310 323128 0.764286821976
408501 396687 0.753249931111
84830 292079 0.702280666588
298175 117454 0.770470405256
244520 405912 0.700776286929
240649 383697 0.742199246096
318957 268252 0.739117330703
133454 305605 0.705670161067
53560 240748 0.756079450247
316726 186919 0.770400520039
270278 395530 0.780859769642
322870 266975 0.73505888828
313105 100331 0.782489912263
244690 124104 0.720843737044
290749 329571 0.73721841208
46459 7685 0.781523603951
273714 48111 0.753881488298
19924 260398 0.74688934833
239751 229624 0.710947209778
307191 350681 0.773652089654
94148 333614 0.73026793227
313574 307509 0.764255141597
295663 355439 0.751860469228
275500 308683 0.760273935277
222236 41133 0.747324127372
164204 240917 0.766584817185
357246 43707 0.751854169915
14398 394721 0.735209819482
315757 46133 0.741081688406
375326 409969 0.775028162846
377340 209044 0.789851799934
45105 332569 0.737660526286
296373 119081 0.725799474099
286622 70091 0.723324349212
284881 129281 0.754896430587
136184 374745 0.770888645958
