414570 0.648172945037 1.0
95011 0.767079814908 1.0
255719 0.599644268582 1.0
210133 0.971063187371 1.0
450371 0.828658042932 1.0
281338 0.599857853593 1.0
255884 0.86408388899 1.0
153844 0.780616329589 1.0
231817 0.659110634359 1.0
69170 0.577310095688 1.0
86831 0.726093896953 1.0
101335 0.774786340994 1.0
526456 0.813397656503 1.0
520379 0.647738638408 1.0
451458 0.891991744638 1.0
44111 0.584838441405 1.0
374899 0.866306914346 1.0
391856 0.719963164942 1.0
255373 0.88549353057 1.0
472894 0.770507584643 1.0
107302 0.846454532932 1.0
21166 0.546177588391 1.0
288193 0.562374660509 1.0
506376 0.859393084965 1.0
75682 0.784342101774 1.0
396682 0.941190587993 1.0
355228 0.666835191822 1.0
126560 0.869134146065 1.0
190106 0.851752529925 1.0
254560 0.507510750137 1.0
267744 0.502689316574 1.0
267677 0.823074958658 1.0
504737 0.589450763172 1.0
313645 0.663587709956 1.0
351518 0.888142532574 1.0
355549 0.95206342402 1.0
235933 0.738027833205 1.0
447149 0.600434142367 1.0
209380 0.514051790331 1.0
193857 0.931730994828 1.0
7767 0.569599254529 1.0
134120 0.715397099332 1.0
245115 0.923544751892 1.0
271454 0.52828193228 1.0
5529 0.952868020512 1.0
311791 0.704179724986 1.0
79847 0.838303401856 1.0
18651 0.566910361012 1.0
453030 0.520761580039 1.0
159289 0.782092033779 1.0
200494 0.766411969458 1.0
408091 0.97898955901 1.0
38510 0.710565750802 1.0
66282 0.692636030954 1.0
402152 0.704538092658 1.0
308753 0.989105312884 1.0
302948 0.994582989061 1.0
210783 0.718937741126 1.0
111359 0.678205578766 1.0
313876 0.529533667195 1.0
260177 0.930106618643 1.0
375253 0.889330276793 1.0
414772 0.993596695784 1.0
381691 0.649764702671 1.0
280107 0.510694016546 1.0
46469 0.703202460265 1.0
381094 0.923746345955 1.0
444265 0.908888620353 1.0
391995 0.570845657245 1.0
495003 0.809152579754 1.0
123390 0.872371865473 1.0
210497 0.675740665905 1.0
34591 0.686194396005 1.0
412551 0.863315653804 1.0
312503 0.690912853449 1.0
493127 0.785095291926 1.0
131963 0.7587143745 1.0
86307 0.677542747854 1.0
114351 0.61618084542 1.0
441529 0.657737925532 1.0
418135 0.938441519877 1.0
65147 0.632260055571 1.0
86226 0.67429659122 1.0
29722 0.779365993839 1.0
405498 0.778794486419 1.0
489382 0.859254782543 1.0
460940 0.571574969954 1.0
39561 0.958466845244 1.0
77615 0.673479330653 1.0
116469 0.621400559182 1.0
233187 0.757716758707 1.0
446652 0.763368677812 1.0
26048 0.56564168232 1.0
389058 0.527261630139 1.0
297204 0.837339064784 1.0
511245 0.643568203745 1.0
497463 0.769107148047 1.0
286150 0.875763575437 1.0
483233 0.598797929938 1.0
264582 0.610612329719 1.0
467435 0.810162686407 1.0
502666 0.543571165186 1.0
494566 0.663322300132 1.0
407305 0.999091939181 1.0
433416 0.597188086014 1.0
16894 0.820646109638 1.0
32097 0.986025742002 1.0
485974 0.674281354566 1.0
156259 0.780054599784 1.0
280236 0.737531397443 1.0
418499 0.565581576535 1.0
173959 0.805438435879 1.0
152666 0.717386310651 1.0
396345 0.717678513038 1.0
305102 0.570141602781 1.0
383945 0.981563833096 1.0
360880 0.905792216553 1.0
20033 0.93656919884 1.0
72143 0.554052957808 1.0
76341 0.6602619839 1.0
116042 0.996298753383 1.0
18966 0.505713770111 1.0
208625 0.882647381834 1.0
228601 0.577374011139 1.0
95322 0.958649150186 1.0
469324 0.831098036619 1.0
516640 0.619123366289 1.0
10241 0.815651486798 1.0
342332 0.540220688266 1.0
187350 0.80346979842 1.0
463664 0.665433192274 1.0
306373 0.620223637605 1.0
124027 0.972073227337 1.0
205102 0.948600866461 1.0
507604 0.773227287227 1.0
314147 0.520210515109 1.0
150159 0.685872840262 1.0
101495 0.611471327821 1.0
121019 0.622640542847 1.0
478369 0.696775114355 1.0
430654 0.582112716632 1.0
67768 0.879565260693 1.0
345459 0.52804904033 1.0
41964 0.891691062089 1.0
330388 0.921879201238 1.0
5163 0.508530123043 1.0
17591 0.80840695784 1.0
168323 0.627453923493 1.0
508304 0.98420211641 1.0
138859 0.791974305404 1.0
11843 0.914680664864 1.0
411029 0.945931621603 1.0
383122 0.71180455005 1.0
245974 0.965681410291 1.0
219933 0.818744398142 1.0
74076 0.568134724339 1.0
338626 0.985672062529 1.0
111078 0.632759140475 1.0
428952 0.871245609439 1.0
6787 0.78986483754 1.0
211195 0.933270279748 1.0
142774 0.910169614618 1.0
111322 0.548762680089 1.0
166796 0.980261147303 1.0
203683 0.962669354844 1.0
329772 0.815578831996 1.0
215194 0.825737706943 1.0
513875 0.507355643206 1.0
306689 0.67363432356 1.0
26881 0.690853538014 1.0
5348 0.840582909842 1.0
156269 0.577991071858 1.0
453112 0.845046779454 1.0
50545 0.595757320006 1.0
524927 0.597166125502 1.0
94698 0.60911023741 1.0
21703 0.878887437543 1.0
259260 0.981786828068 1.0
224925 0.661009828164 1.0
354231 0.866916316767 1.0
251127 0.656777321733 1.0
117613 0.654239586704 1.0
287740 0.838685420287 1.0
427637 0.760897809828 1.0
215377 0.886576731922 1.0
240623 0.664233861934 1.0
241473 0.725796164084 1.0
223769 0.887965924687 1.0
87500 0.955917725773 1.0
196870 0.608996753284 1.0
507783 0.732443914601 1.0
265197 0.842670264164 1.0
440756 0.622834364746 1.0
386891 0.789248185964 1.0
240755 0.852559455763 1.0
514280 0.725510309818 1.0
348808 0.597012952929 1.0
35195 0.699200428085 1.0
465020 0.771370890046 1.0
96959 0.504431117217 1.0
518798 0.796649503007 1.0
348732 0.829640415688 1.0
34326 0.729142725744 1.0
442903 0.558287817421 1.0
394012 0.94136651441 1.0
173489 0.732796237643 1.0
26697 0.685820665885 1.0
442097 0.576221913274 1.0
431203 0.971254849887 1.0
23462 0.979405643129 1.0
99248 0.597456110063 1.0
147737 0.708749150366 1.0
11772 0.72414362967 1.0
29660 0.541661644779 1.0
518708 0.835088975864 1.0
172818 0.544540685451 1.0
237168 0.535932087795 1.0
30184 0.751203620271 1.0
339594 0.823391256642 1.0
499445 0.948914706236 1.0
301976 0.960761948178 1.0
208284 0.525636733796 1.0
345717 0.89161406887 1.0
111785 0.521964459123 1.0
50401 0.505153037217 1.0
15995 0.973093240128 1.0
478980 0.68455120767 1.0
3109 0.663443997939 1.0
21096 0.752109558677 1.0
470530 0.854689340396 1.0
3846 0.67750765145 1.0
156746 0.722977389502 1.0
439279 0.744646985822 1.0
35093 0.855342129138 1.0
50481 0.579782830828 1.0
16895 0.585886368822 1.0
298255 0.572960367906 1.0
168242 0.54730606707 1.0
472751 0.904114359977 1.0
391666 0.729009152136 1.0
18458 0.735020946368 1.0
379930 0.968485774524 1.0
90152 0.640408065637 1.0
264016 0.929271893237 1.0
30887 0.806142662195 1.0
251047 0.783626484445 1.0
256047 0.941805281062 1.0
433730 0.72341651162 1.0
152812 0.834039488901 1.0
251687 0.600544145583 1.0
80352 0.938623263509 1.0
311968 0.775727226013 1.0
258075 0.746870728611 1.0
70220 0.661655701504 1.0
71978 0.941228012812 1.0
108950 0.976573584493 1.0
42424 0.955935518204 1.0
468967 0.676171025691 1.0
416235 0.616253158423 1.0
354850 0.843096162292 1.0
23004 0.928028492304 1.0
222139 0.675439311882 1.0
506955 0.79832978079 1.0
276395 0.664947970077 1.0
369776 0.580938038059 1.0
148132 0.511027731749 1.0
418002 0.797587425708 1.0
242044 0.758901361059 1.0
239715 0.855488709244 1.0
94766 0.717755386385 1.0
289870 0.717930487284 1.0
237227 0.984154803058 1.0
468137 0.543281510306 1.0
158219 0.615726610485 1.0
92276 0.885812289516 1.0
434444 0.612099384335 1.0
294915 0.50613800229 1.0
134015 0.723964906221 1.0
491352 0.71478609485 1.0
183543 0.615760958323 1.0
510870 0.786227085001 1.0
32506 0.624834620799 1.0
50709 0.505393378299 1.0
336018 0.626656855856 1.0
406463 0.502702850034 1.0
254791 0.798061500207 1.0
287741 0.580888486741 1.0
404750 0.946717424721 1.0
84247 0.517096041618 1.0
165335 0.925976626842 1.0
243276 0.567226572133 1.0
357452 0.917878382715 1.0
28887 0.680861423557 1.0
300004 0.710620768072 1.0
316176 0.619036077171 1.0
41472 0.873132116796 1.0
308486 0.743895217057 1.0
293068 0.76805901965 1.0
199192 0.786829119624 1.0
392324 0.734651261241 1.0
20328 0.961273082809 1.0
465370 0.859258225486 1.0
25382 0.72156288917 1.0
523620 0.853409051741 1.0
383601 0.770460808174 1.0
371747 0.941602431653 1.0
183690 0.54221026819 1.0
199970 0.583452993053 1.0
223285 0.921675182171 1.0
453182 0.828573597835 1.0
258539 0.808758142853 1.0
385185 0.892077959118 1.0
157877 0.86528731322 1.0
372528 0.60715749778 1.0
423960 0.544973990464 1.0
55103 0.520450408974 1.0
361935 0.816900189476 1.0
24732 0.739907800605 1.0
365094 0.695974303733 1.0
204867 0.981538525304 1.0
264056 0.599134264334 1.0
160095 0.859338396821 1.0
183318 0.562437480074 1.0
14592 0.604184858981 1.0
404852 0.767810758567 1.0
38567 0.616295574662 1.0
94654 0.601700277076 1.0
27164 0.57974369601 1.0
172522 0.924648363436 1.0
277457 0.600398885129 1.0
95550 0.585196650143 1.0
373980 0.6058887955 1.0
486586 0.668038870899 1.0
213163 0.909919212681 1.0
154047 0.918049555999 1.0
382049 0.550589248304 1.0
257823 0.861767505683 1.0
493308 0.946396246868 1.0
519192 0.524861613201 1.0
499582 0.878441452465 1.0
180138 0.866704222873 1.0
487623 0.524448401854 1.0
244439 0.912422884195 1.0
517832 0.781795899579 1.0
43625 0.54008362698 1.0
85691 0.733141668293 1.0
459477 0.554754221001 1.0
35774 0.718801682264 1.0
220001 0.895287498434 1.0
290175 0.787834090102 1.0
29301 0.9891707756 1.0
133700 0.699585371658 1.0
130343 0.551326411875 1.0
280560 0.715996288279 1.0
162294 0.961186682338 1.0
349456 0.897784020888 1.0
248955 0.913012250877 1.0
385911 0.666667750101 1.0
45995 0.637350312911 1.0
444651 0.943368773341 1.0
117826 0.709276593733 1.0
55748 0.884926580297 1.0
297573 0.705298487561 1.0
29671 0.673854343266 1.0
330333 0.829493390862 1.0
300702 0.616919302694 1.0
525546 0.709480908569 1.0
424278 0.715007925041 1.0
346046 0.667385866189 1.0
414608 0.618750781371 1.0
444231 0.936144207566 1.0
62058 0.767068402203 1.0
358523 0.684359393486 1.0
188532 0.951680867687 1.0
61050 0.547406296502 1.0
363387 0.999550005517 1.0
516850 0.894201445317 1.0
126386 0.968936008724 1.0
458755 0.739402264063 1.0
67542 0.681699041219 1.0
52826 0.909624533007 1.0
198631 0.846683861605 1.0
488768 0.962571043557 1.0
437728 0.597500275339 1.0
265002 0.524204688657 1.0
59370 0.564768132868 1.0
151297 0.646991955448 1.0
447646 0.949334125372 1.0
354658 0.963731597852 1.0
440180 0.505501375919 1.0
206765 0.568091576159 1.0
54559 0.652788005028 1.0
90105 0.62895358376 1.0
28010 0.552815583704 1.0
32891 0.910494211284 1.0
390428 0.544698452626 1.0
288509 0.598854944175 1.0
467595 0.994491091403 1.0
427660 0.771774059737 1.0
405170 0.550371801768 1.0
319189 0.94229019688 1.0
374710 0.855438437708 1.0
457817 0.955747032809 1.0
280513 0.866266640112 1.0
496726 0.807630897667 1.0
37341 0.903013282724 1.0
318681 0.554585493963 1.0
425025 0.551286457575 1.0
501319 0.544270438175 1.0
9685 0.950368373576 1.0
32895 0.530870615225 1.0
310612 0.738998181268 1.0
196944 0.582231834337 1.0
475876 0.638261606797 1.0
344331 0.873818800876 1.0
518413 0.931865183304 1.0
469256 0.859261290378 1.0
434836 0.791600176783 1.0
154363 0.948168905265 1.0
369203 0.508763614422 1.0
455860 0.54977374099 1.0
440485 0.693540737692 1.0
271051 0.587707610766 1.0
154645 0.757307717341 1.0
14080 0.850382076119 1.0
167278 0.726967036551 1.0
208800 0.648187897718 1.0
209840 0.642715887941 1.0
44711 0.701142691233 1.0
434957 0.724693570161 1.0
360710 0.801939753179 1.0
342831 0.698194239336 1.0
416477 0.52610817772 1.0
375020 0.574653190397 1.0
179393 0.714746322317 1.0
420410 0.794239355666 1.0
226027 0.872800097647 1.0
430397 0.902811116701 1.0
78043 0.957518278021 1.0
401197 0.513229785341 1.0
61095 0.577279703707 1.0
91649 0.73410377161 1.0
162382 0.669301329689 1.0
198636 0.596745607347 1.0
320761 0.645908237118 1.0
3937 0.898782610281 1.0
227263 0.978383101018 1.0
486367 0.657172802552 1.0
506388 0.69395324268 1.0
142924 0.948297300131 1.0
333132 0.979060065846 1.0
211793 0.739860978785 1.0
342249 0.633636289683 1.0
378751 0.704562453349 1.0
440472 0.735922225442 1.0
343048 0.660121157085 1.0
320944 0.94112352808 1.0
219539 0.998927995227 1.0
384646 0.530272622984 1.0
218554 0.53409118904 1.0
389615 0.609603933467 1.0
527791 0.677604256909 1.0
483528 0.5508744682 1.0
405587 0.816577694208 1.0
358649 0.61697422426 1.0
180739 0.918364509791 1.0
188698 0.765800929284 1.0
82180 0.616556250485 1.0
288390 0.680241465892 1.0
175050 0.553344733426 1.0
169032 0.86443921707 1.0
108124 0.88496799338 1.0
21314 0.703102472691 1.0
482142 0.578731132962 1.0
195809 0.92361437577 1.0
396611 0.990559617277 1.0
244147 0.756779115546 1.0
325173 0.744551328933 1.0
35130 0.610660203464 1.0
526231 0.799805250885 1.0
431643 0.539709788938 1.0
143804 0.514394722372 1.0
294094 0.925642532661 1.0
517084 0.880688735138 1.0
386185 0.683003360817 1.0
152913 0.749568385176 1.0
157763 0.753292041014 1.0
375160 0.982553082534 1.0
432904 0.855258824926 1.0
468145 0.660130818205 1.0
260795 0.853693536706 1.0
129973 0.937315111999 1.0
42750 0.645281933943 1.0
362280 0.979499167136 1.0
373967 0.965750609929 1.0
392269 0.920895888151 1.0
486677 0.757957638108 1.0
120164 0.884200024122 1.0
317350 0.87533175721 1.0
183619 0.910924745666 1.0
219899 0.773621353411 1.0
142828 0.968667365041 1.0
140487 0.833870812303 1.0
212453 0.583309451332 1.0
306175 0.62025731034 1.0
385168 0.871084940559 1.0
199053 0.516319836331 1.0
19976 0.895869785897 1.0
342188 0.968866806713 1.0
148104 0.931522974993 1.0
293951 0.579630439201 1.0
224035 0.710853056843 1.0
502845 0.620806161654 1.0
395505 0.691997298937 1.0
339062 0.803703274281 1.0
178819 0.716629860644 1.0
520013 0.750728434771 1.0
175633 0.858568222881 1.0
185 0.878135163055 1.0
476366 0.688126861733 1.0
215896 0.826279314697 1.0
159804 0.890842360044 1.0
476496 0.786458798383 1.0
91516 0.992473384857 1.0
412778 0.850234550761 1.0
486776 0.745443070875 1.0
158435 0.553141669767 1.0
192306 0.744011246252 1.0
113811 0.53110756819 1.0
176868 0.977358147527 1.0
64097 0.928764258135 1.0
483818 0.976611083939 1.0
94062 0.563381116452 1.0
172491 0.821069266478 1.0
489074 0.748728671742 1.0
319612 0.622523478774 1.0
144570 0.597019373164 1.0
254418 0.670601970636 1.0
75614 0.791351077979 1.0
302581 0.590731199188 1.0
147098 0.784032145479 1.0
63781 0.698959890438 1.0
76085 0.785706128619 1.0
101651 0.929093749703 1.0
23725 0.592769440621 1.0
198846 0.61756589698 1.0
518980 0.580547774698 1.0
256338 0.976911254454 1.0
256467 0.820432172754 1.0
441681 0.874610771062 1.0
746 0.935862597026 1.0
295516 0.94091845341 1.0
252442 0.711102618181 1.0
503914 0.6249110576 1.0
312658 0.86892227648 1.0
20585 0.978833978742 1.0
486175 0.711784122282 1.0
217342 0.653733318469 1.0
472047 0.992255078945 1.0
16501 0.530430325214 1.0
510265 0.887472086469 1.0
172320 0.732299816191 1.0
49060 0.76597977366 1.0
186667 0.527463095113 1.0
528390 0.532045617375 1.0
397142 0.88068546877 1.0
345465 0.566859683859 1.0
147108 0.721446034774 1.0
328648 0.82030556753 1.0
221873 0.943104892026 1.0
175133 0.997974220947 1.0
225991 0.887825663213 1.0
118990 0.801304002081 1.0
477548 0.548857741739 1.0
272695 0.596903478691 1.0
46238 0.777652357274 1.0
105429 0.674566095959 1.0
520647 0.779337616537 1.0
476038 0.840215244819 1.0
164178 0.967101859754 1.0
280573 0.962552109648 1.0
460557 0.844131547966 1.0
442584 0.592332859754 1.0
170933 0.643638733531 1.0
280919 0.59699572165 1.0
216627 0.633040018865 1.0
69989 0.880120351184 1.0
427955 0.592881115125 1.0
327890 0.893251209553 1.0
455220 0.73863620926 1.0
448854 0.935353057521 1.0
153299 0.92872805151 1.0
452831 0.680674822033 1.0
283674 0.970865083422 1.0
263867 0.569765117764 1.0
343890 0.882989500006 1.0
256223 0.906253134264 1.0
352133 0.788275768996 1.0
441369 0.510632770931 1.0
377309 0.735780291308 1.0
211784 0.841282861412 1.0
7697 0.525756162589 1.0
349175 0.586929399114 1.0
229481 0.607643004764 1.0
284637 0.902311481444 1.0
158617 0.585644948128 1.0
182314 0.816041725038 1.0
340310 0.573838497052 1.0
511971 0.574954497167 1.0
433756 0.935686796916 1.0
53108 0.59955598535 1.0
450361 0.745903279417 1.0
99527 0.839323198097 1.0
6402 0.567262693675 1.0
88379 0.54122868183 1.0
104297 0.859097725724 1.0
404727 0.678713506126 1.0
423139 0.634944300927 1.0
241945 0.633383245628 1.0
81312 0.769710998978 1.0
511025 0.898701731888 1.0
14553 0.558890512224 1.0
313102 0.786139395519 1.0
134259 0.992877685046 1.0
40171 0.84534545887 1.0
450020 0.766809442475 1.0
318922 0.682828020892 1.0
452476 0.761333154929 1.0
330921 0.745287980193 1.0
488671 0.838403679236 1.0
188836 0.999141757421 1.0
430593 0.9637680509 1.0
115211 0.959643393982 1.0
434908 0.905062326124 1.0
349956 0.910418057977 1.0
286952 0.820706238309 1.0
370646 0.547325142822 1.0
115818 0.533487133936 1.0
282567 0.59779349218 1.0
251093 0.919672533257 1.0
488672 0.755932796512 1.0
64711 0.624144297981 1.0
119077 0.702822472647 1.0
272929 0.988321122084 1.0
423414 0.983920401954 1.0
159862 0.508760207221 1.0
318429 0.646597878555 1.0
508308 0.668584386323 1.0
361066 0.781540693774 1.0
486637 0.799214891999 1.0
190531 0.687075252155 1.0
60210 0.89578098244 1.0
344630 0.647060287845 1.0
372247 0.735714949575 1.0
223824 0.911959078636 1.0
160443 0.522359431382 1.0
31331 0.615724587291 1.0
384209 0.667237765173 1.0
174946 0.964735310874 1.0
432791 0.954183840271 1.0
437542 0.579417638515 1.0
88276 0.549366271915 1.0
207514 0.636587308724 1.0
31753 0.888451953257 1.0
137235 0.700929963184 1.0
388705 0.835244917571 1.0
127669 0.543692632414 1.0
195728 0.574254014954 1.0
315852 0.785504857894 1.0
410826 0.860389481562 1.0
97040 0.744798518168 1.0
527166 0.808696808361 1.0
341006 0.656447118581 1.0
234564 0.939398728449 1.0
50945 0.941509848979 1.0
501744 0.959483336017 1.0
295391 0.879043271292 1.0
269905 0.979933341053 1.0
260411 0.512571335483 1.0
183304 0.953941397039 1.0
16641 0.633907088743 1.0
20966 0.753040436091 1.0
525768 0.875194240971 1.0
352151 0.648665400193 1.0
502072 0.525872407224 1.0
362374 0.69711885084 1.0
218978 0.959517379279 1.0
288122 0.768378281426 1.0
396352 0.815707140046 1.0
331367 0.501694424503 1.0
314937 0.962667984871 1.0
340486 0.546259982616 1.0
277702 0.605371487013 1.0
497442 0.914129409326 1.0
353286 0.941366222584 1.0
112172 0.503194837171 1.0
116822 0.924636355246 1.0
36941 0.987002343145 1.0
493168 0.661165294704 1.0
526654 0.617048664495 1.0
273762 0.828857781895 1.0
126241 0.635475566328 1.0
200948 0.805439480072 1.0
182308 0.750788662868 1.0
281046 0.828258957429 1.0
255848 0.80745000463 1.0
36073 0.535935582831 1.0
282756 0.533458778724 1.0
60861 0.827332379309 1.0
430012 0.703295034722 1.0
326015 0.540584371712 1.0
241147 0.930477335682 1.0
313543 0.782299431327 1.0
72683 0.841405436936 1.0
299718 0.517400762255 1.0
131628 0.886183927693 1.0
206684 0.767473428794 1.0
456691 0.73091394001 1.0
87657 0.575722888891 1.0
225168 0.567653434826 1.0
437878 0.784765893686 1.0
256658 0.904083733628 1.0
171340 0.875421680116 1.0
310983 0.773956167985 1.0
373410 0.832508680646 1.0
491974 0.616421636019 1.0
35025 0.524595571585 1.0
238271 0.600861469536 1.0
122362 0.619139814215 1.0
416985 0.84340392257 1.0
37065 0.855282972175 1.0
519948 0.923448476018 1.0
161827 0.739834753421 1.0
134823 0.745301782309 1.0
351547 0.542508432958 1.0
412848 0.609142782389 1.0
360077 0.908952048356 1.0
203354 0.626478628188 1.0
168380 0.710383783996 1.0
364357 0.607419261531 1.0
450894 0.61400342601 1.0
514078 0.86723186476 1.0
227253 0.544370089183 1.0
479068 0.662994394471 1.0
453775 0.544794883803 1.0
508342 0.611383187192 1.0
356450 0.51873754476 1.0
37364 0.732764171647 1.0
434512 0.828829878969 1.0
273742 0.717423721534 1.0
246763 0.676765720105 1.0
203114 0.755391077122 1.0
467459 0.520649176587 1.0
370654 0.878121730594 1.0
108174 0.54056137304 1.0
295051 0.921049718878 1.0
123407 0.548156553181 1.0
404354 0.921856919527 1.0
45419 0.79462116896 1.0
361180 0.573066060061 1.0
460819 0.882040417533 1.0
99805 0.644633919371 1.0
524921 0.657332731715 1.0
524523 0.825606846254 1.0
87927 0.77779156448 1.0
193748 0.834853835334 1.0
160294 0.710411115843 1.0
44816 0.915409529591 1.0
376218 0.812341411902 1.0
368179 0.536851095508 1.0
197903 0.980980016068 1.0
270932 0.575868551404 1.0
119556 0.933817928161 1.0
319357 0.561317757492 1.0
292571 0.680944516637 1.0
79977 0.738568873744 1.0
413358 0.574112578354 1.0
18003 0.81413462741 1.0
167755 0.647789188585 1.0
171808 0.516556119509 1.0
478795 0.612673571926 1.0
273545 0.87783872398 1.0
297473 0.672487698848 1.0
412134 0.924240609337 1.0
467414 0.644367583461 1.0
19929 0.924632951678 1.0
423702 0.766060641614 1.0
340957 0.895609298584 1.0
132981 0.501728472482 1.0
70751 0.920166557079 1.0
243535 0.970079360894 1.0
270260 0.616445441548 1.0
206117 0.752630839619 1.0
166215 0.806432223646 1.0
486948 0.563459653985 1.0
193840 0.697812785962 1.0
470129 0.602325612864 1.0
168113 0.560710469318 1.0
241237 0.911227943622 1.0
496358 0.662113632779 1.0
274506 0.598170573728 1.0
346063 0.643458618368 1.0
257048 0.540278468044 1.0
435349 0.891471428457 1.0
3787 0.901619079949 1.0
521212 0.942326845595 1.0
206223 0.883942834455 1.0
488026 0.69076505426 1.0
406228 0.569954589938 1.0
430133 0.895423294195 1.0
277800 0.964349728257 1.0
281960 0.609504833093 1.0
181018 0.569722827182 1.0
209915 0.662682484669 1.0
302050 0.838943728895 1.0
489763 0.516078065714 1.0
296077 0.883295869434 1.0
346993 0.564276874727 1.0
417916 0.788901776862 1.0
122612 0.70082952455 1.0
13242 0.97513943976 1.0
165466 0.746219641568 1.0
247805 0.967490922928 1.0
36528 0.609356314804 1.0
471854 0.6988461651 1.0
379464 0.829385547804 1.0
224147 0.76779623699 1.0
278859 0.638843976681 1.0
37967 0.560901862947 1.0
173230 0.879580694547 1.0
336020 0.647968744278 1.0
523684 0.583850701593 1.0
72554 0.656449458543 1.0
412214 0.531118257734 1.0
508226 0.547074589532 1.0
221116 0.958612136289 1.0
505367 0.787775522878 1.0
287917 0.669832385377 1.0
472403 0.582617708055 1.0
449032 0.510631523555 1.0
433434 0.91406560542 1.0
216658 0.869113995203 1.0
16448 0.854444489169 1.0
520856 0.56930534398 1.0
274195 0.907476314312 1.0
136835 0.668250788358 1.0
477 0.682018368583 1.0
253700 0.963510768671 1.0
486357 0.565599463523 1.0
38289 0.646395369718 1.0
263563 0.623515603353 1.0
324287 0.812051139972 1.0
75725 0.979098237204 1.0
158912 0.559921327109 1.0
143165 0.509590740503 1.0
499742 0.867465039872 1.0
172714 0.500038628424 1.0
79617 0.807838547854 1.0
1587 0.995789347816 1.0
476032 0.771620031208 1.0
438081 0.74946276604 1.0
464851 0.551862519075 1.0
483394 0.866277538369 1.0
206021 0.70567019055 1.0
106997 0.504637370074 1.0
456091 0.90741379559 1.0
117368 0.924526620627 1.0
135375 0.538924543523 1.0
309147 0.814927540757 1.0
75885 0.667039731796 1.0
34542 0.53256272062 1.0
519862 0.925877066575 1.0
123664 0.593421307749 1.0
89850 0.989148437078 1.0
422565 0.843748146821 1.0
116881 0.721656198704 1.0
41721 0.811198258455 1.0
64549 0.988070441565 1.0
522104 0.641217621152 1.0
527354 0.966222985959 1.0
470559 0.668670365061 1.0
191921 0.852551567353 1.0
431425 0.98907377869 1.0
379207 0.659726793093 1.0
172590 0.593989858111 1.0
108270 0.847933540933 1.0
308367 0.844947182477 1.0
437054 0.747596510944 1.0
240408 0.819218310648 1.0
153809 0.501036298359 1.0
427813 0.837191977681 1.0
120775 0.852876982546 1.0
498025 0.931138940833 1.0
366195 0.577846545411 1.0
118295 0.705024470863 1.0
327364 0.722785285495 1.0
165259 0.713950091446 1.0
193400 0.7593049988 1.0
241106 0.621920756002 1.0
257987 0.970609243381 1.0
113361 0.554144177818 1.0
243487 0.988737864881 1.0
80064 0.863724064985 1.0
20269 0.932055519454 1.0
386196 0.791630139334 1.0
465148 0.763944397969 1.0
111433 0.954268922012 1.0
55814 0.579153768928 1.0
377140 0.519867967125 1.0
356086 0.554683503912 1.0
165368 0.895038169069 1.0
108567 0.531681550216 1.0
196784 0.750274434745 1.0
227627 0.732466737333 1.0
17123 0.819424082029 1.0
113713 0.615635869329 1.0
116027 0.928552489923 1.0
434689 0.64580614658 1.0
496354 0.888817941454 1.0
134265 0.797641825604 1.0
249803 0.67264781424 1.0
497332 0.820748089562 1.0
87843 0.982422323493 1.0
329856 0.755122409906 1.0
271721 0.544385720053 1.0
417163 0.779503603045 1.0
510377 0.541713309808 1.0
212308 0.790450720307 1.0
341491 0.973153603265 1.0
356768 0.556875650465 1.0
376546 0.796004682079 1.0
272904 0.935567947591 1.0
155964 0.955450222033 1.0
246838 0.95041844599 1.0
502908 0.821612993288 1.0
31247 0.963527434896 1.0
170213 0.572963561733 1.0
140730 0.66987283747 1.0
522945 0.69482544439 1.0
139760 0.94168776793 1.0
253054 0.624848804864 1.0
213705 0.555413167364 1.0
120974 0.948602733505 1.0
147166 0.956041456033 1.0
445919 0.692296513661 1.0
462877 0.809901894543 1.0
136341 0.89142834149 1.0
119487 0.611504956004 1.0
434735 0.799089100161 1.0
220079 0.66202788527 1.0
37148 0.780914818328 1.0
220149 0.973845697546 1.0
71528 0.887244310267 1.0
335199 0.840046483779 1.0
112958 0.656271229862 1.0
224156 0.510576320397 1.0
396232 0.54766069532 1.0
436772 0.77788300252 1.0
433402 0.70765361397 1.0
470536 0.918452862858 1.0
133506 0.76920495558 1.0
287305 0.561472300958 1.0
228037 0.569931680009 1.0
218046 0.881941851087 1.0
432306 0.512814716244 1.0
343085 0.962955421826 1.0
101129 0.657919892104 1.0
13071 0.787166735388 1.0
159300 0.517650069818 1.0
166113 0.563720478282 1.0
45141 0.553388946298 1.0
400258 0.938851269333 1.0
202158 0.855257157634 1.0
221145 0.542308086781 1.0
521591 0.753957946613 1.0
484831 0.728857380597 1.0
83565 0.976273726111 1.0
298054 0.900022042016 1.0
273564 0.777736045496 1.0
287663 0.810341507757 1.0
15412 0.707002345241 1.0
360740 0.978250534291 1.0
465058 0.942700865482 1.0
377907 0.611917144505 1.0
395049 0.72370263313 1.0
431747 0.554821771076 1.0
267017 0.715100880731 1.0
250729 0.900321204197 1.0
85420 0.671512813576 1.0
273314 0.904729867116 1.0
349660 0.806797966719 1.0
80968 0.829633008005 1.0
351367 0.578100556971 1.0
116162 0.625867787251 1.0
485340 0.507694484014 1.0
413551 0.807910697165 1.0
331859 0.683752087471 1.0
443981 0.672625584514 1.0
266162 0.609247466948 1.0
306337 0.971430922674 1.0
