299211 1.10947119877 1.0
201173 1.93917817443 1.0
6085 1.21050900058 1.0
201199 1.60224744055 1.0
355414 1.78661479185 1.0
158707 1.84071778148 1.0
17605 1.23020422693 1.0
339923 1.50296862752 1.0
137906 1.32257005045 1.0
361358 1.80921152393 1.0
51979 1.02617219096 1.0
339842 1.07603328048 1.0
33130 1.53288106126 1.0
263980 1.02139278329 1.0
52802 1.69870946525 1.0
493141 1.41402967478 1.0
369189 1.18344949373 1.0
38184 1.40489100752 1.0
237678 1.60315220784 1.0
198570 1.44554760591 1.0
494224 1.92196542656 1.0
436621 1.28117431325 1.0
203777 1.27138377246 1.0
191762 1.36393437509 1.0
48533 1.0095541895 1.0
113213 1.10933177076 1.0
81126 1.94170851793 1.0
256537 1.42134869169 1.0
308298 1.05330238451 1.0
45943 1.45777549054 1.0
80419 1.80277223994 1.0
95566 1.25709971053 1.0
197014 1.78382064967 1.0
1543 1.19441353029 1.0
299660 1.33029720986 1.0
94689 1.56005214031 1.0
324756 1.37598195137 1.0
394688 1.52402045078 1.0
100515 1.06017412343 1.0
6543 1.74647375038 1.0
59794 1.31242695608 1.0
61988 1.87267508213 1.0
27977 1.82448493504 1.0
161197 1.56076768273 1.0
84731 1.38287157244 1.0
202184 1.68315983869 1.0
51649 1.36704686339 1.0
402434 1.39321356711 1.0
49455 1.37625725456 1.0
36635 1.46806808171 1.0
211504 1.07620755849 1.0
454457 1.79368571844 1.0
514147 1.09548116775 1.0
327647 1.0675652176 1.0
350473 1.55464136806 1.0
435002 1.47019344207 1.0
148100 1.72895988803 1.0
470624 1.42958249819 1.0
501855 1.60671912727 1.0
515479 1.34220322467 1.0
399106 1.30473132018 1.0
490586 1.81305691706 1.0
4621 1.38853598079 1.0
434325 1.58630003505 1.0
106193 1.81662085281 1.0
127847 1.25013428762 1.0
302904 1.35200520359 1.0
202580 1.41379237904 1.0
461368 1.28171400272 1.0
399607 1.3781914502 1.0
116914 1.85058924065 1.0
47267 1.87827711227 1.0
373044 1.63454973098 1.0
340798 1.91952936603 1.0
443037 1.46320787937 1.0
450849 1.83570722731 1.0
468771 1.26572301081 1.0
353769 1.99021272671 1.0
91916 1.49353222978 1.0
92507 1.46128973549 1.0
332879 1.27390923006 1.0
167742 1.57452739984 1.0
166624 1.61622622573 1.0
380746 1.7572817952 1.0
32825 1.5902694551 1.0
409517 1.06645475409 1.0
430906 1.10333014 1.0
431769 1.92056574531 1.0
176882 1.18028216564 1.0
523727 1.17455244811 1.0
15747 1.74445830075 1.0
481492 1.60059234657 1.0
502678 1.8111898579 1.0
86998 1.17711457575 1.0
313078 1.45838488567 1.0
433153 1.91133309796 1.0
287814 1.7368177877 1.0
474791 1.17261771832 1.0
98444 1.70631963358 1.0
516001 1.31253301271 1.0
49467 1.89383732838 1.0
177953 1.02878564772 1.0
155207 1.32657071433 1.0
36563 1.41315336347 1.0
90060 1.10024981509 1.0
446104 1.0050151482 1.0
78218 1.42609244137 1.0
442789 1.45231267761 1.0
140994 1.21989196166 1.0
524962 1.81185471869 1.0
323431 1.36365960802 1.0
239309 1.42233651088 1.0
7051 1.85822188712 1.0
65151 1.10607213751 1.0
507169 1.35656704989 1.0
394257 1.92802964171 1.0
498400 1.07171995394 1.0
38411 1.22232494542 1.0
265953 1.64934984048 1.0
522526 1.25457038769 1.0
83122 1.39481797703 1.0
379154 1.38793738884 1.0
93711 1.46886036369 1.0
114441 1.4199698907 1.0
385755 1.97889177549 1.0
293204 1.7733888069 1.0
400154 1.13174251944 1.0
332015 1.70162526526 1.0
286162 1.91646704949 1.0
106774 1.07495749301 1.0
19421 1.23702713587 1.0
294993 1.49110038859 1.0
352564 1.18405315056 1.0
402138 1.1864771185 1.0
305006 1.87474149945 1.0
79232 1.10950563168 1.0
311451 1.93013302815 1.0
515088 1.0287724636 1.0
463444 1.53701074114 1.0
353701 1.81636569 1.0
319097 1.13040086601 1.0
295578 1.28663339588 1.0
462453 1.08526537502 1.0
397208 1.2177008703 1.0
68323 1.09591821686 1.0
246294 1.45671413769 1.0
521592 1.64319441692 1.0
103949 1.2439627708 1.0
196899 1.23670735971 1.0
221664 1.4652891185 1.0
39141 1.06993365783 1.0
168235 1.93264611424 1.0
41193 1.52459023507 1.0
142812 1.44035861257 1.0
419002 1.97890967751 1.0
204952 1.83854600193 1.0
501386 1.0882461526 1.0
152734 1.11898776654 1.0
454372 1.75450856989 1.0
146854 1.49218400867 1.0
284398 1.43004972923 1.0
205507 1.90223425766 1.0
276542 1.42375292445 1.0
44437 1.62020148018 1.0
367239 1.53196006585 1.0
367189 1.86478650977 1.0
434465 1.01347276083 1.0
11258 1.90891678547 1.0
238399 1.8407392068 1.0
11936 1.56309137897 1.0
43573 1.68651105636 1.0
318657 1.69062364257 1.0
80843 1.91856385882 1.0
479280 1.76623467991 1.0
442885 1.57622373173 1.0
350877 1.46207826402 1.0
47778 1.67791082126 1.0
308760 1.46042662776 1.0
127427 1.04381333919 1.0
452968 1.53250790172 1.0
219742 1.33395479406 1.0
457169 1.4997094199 1.0
219071 1.34526357045 1.0
235940 1.70223004395 1.0
162041 1.52130113858 1.0
334894 1.59070741392 1.0
422077 1.31297421504 1.0
145399 1.57869998131 1.0
279528 1.65680174358 1.0
405697 1.4289352178 1.0
154760 1.68755957012 1.0
107112 1.97189568482 1.0
35164 1.34362305894 1.0
236320 1.00770437706 1.0
104562 1.54854989224 1.0
148310 1.90534078386 1.0
99383 1.72974605697 1.0
501926 1.03836617411 1.0
91439 1.43155605723 1.0
433248 1.97502629386 1.0
72624 1.9816248727 1.0
380509 1.08040459444 1.0
263896 1.08516486179 1.0
355196 1.32884961339 1.0
472935 1.49233675052 1.0
198498 1.6644650038 1.0
341121 1.57457082403 1.0
21400 1.38772930658 1.0
14862 1.15120838493 1.0
34551 1.6205644019 1.0
187947 1.98214005412 1.0
416821 1.85703520977 1.0
517369 1.0345103185 1.0
440576 1.40639712792 1.0
429782 1.41498706759 1.0
18312 1.70510077097 1.0
425731 1.33044107369 1.0
396373 1.72796402315 1.0
193284 1.76398557943 1.0
46061 1.65848402393 1.0
88983 1.18863519316 1.0
110848 1.21570424917 1.0
473116 1.14464824624 1.0
338633 1.50187465707 1.0
142134 1.72423803941 1.0
488888 1.3656289009 1.0
72840 1.6361090827 1.0
109976 1.48920557749 1.0
12073 1.70694272266 1.0
411623 1.16763505107 1.0
476979 1.28023401026 1.0
134202 1.24021144711 1.0
321983 1.82862473251 1.0
449452 1.2021947379 1.0
423550 1.94782092934 1.0
511110 1.36958469212 1.0
150437 1.94257032127 1.0
478258 1.41608480691 1.0
256149 1.35388023514 1.0
372012 1.51111039082 1.0
112154 1.01160800808 1.0
365222 1.08513208643 1.0
224963 1.22735556626 1.0
434709 1.42346329445 1.0
517651 1.04410592789 1.0
42286 1.02797730337 1.0
115730 1.20603958167 1.0
349906 1.86279009826 1.0
509825 1.48118870988 1.0
437491 1.02228301748 1.0
395563 1.88230749074 1.0
63870 1.62024143561 1.0
311940 1.80754160007 1.0
75992 1.95682916033 1.0
498441 1.14172206293 1.0
57865 1.49644279315 1.0
322701 1.42969672348 1.0
381731 1.5063767109 1.0
4734 1.06295002876 1.0
266104 1.57932396628 1.0
406922 1.13091303127 1.0
10828 1.05797362077 1.0
389766 1.2006994614 1.0
105329 1.18697977755 1.0
302297 1.83060231768 1.0
429503 1.316266755 1.0
381504 1.78064106583 1.0
39098 1.12916027982 1.0
54029 1.7904751294 1.0
181153 1.83221065712 1.0
161512 1.24097123857 1.0
109476 1.06152891908 1.0
449558 1.05684587457 1.0
50303 1.04292526195 1.0
230460 1.61746643346 1.0
384014 1.40441001148 1.0
233309 1.36759199399 1.0
264139 1.35053015721 1.0
463055 1.78714985026 1.0
364381 1.68625429903 1.0
363261 1.08583431478 1.0
233243 1.72677070264 1.0
509939 1.16073491657 1.0
148945 1.52931860706 1.0
461520 1.30585174145 1.0
157645 1.42787362577 1.0
96169 1.43738435931 1.0
38389 1.37833977059 1.0
9454 1.46940189728 1.0
185485 1.51641864888 1.0
465122 1.48694596522 1.0
442240 1.1435315313 1.0
513485 1.80296125435 1.0
334123 1.87362937587 1.0
316770 1.30238758269 1.0
460993 1.5415800259 1.0
426996 1.94559453281 1.0
504276 1.45926308285 1.0
179360 1.50551787198 1.0
184925 1.80946525784 1.0
316427 1.41542349504 1.0
247168 1.66961568576 1.0
418411 1.3945642323 1.0
275638 1.67657420405 1.0
386384 1.4663117406 1.0
329549 1.89822451848 1.0
486358 1.74208852065 1.0
110946 1.3111115708 1.0
263598 1.07629718211 1.0
71819 1.15940517784 1.0
423853 1.51481001146 1.0
133804 1.00807548222 1.0
302595 1.9175852568 1.0
190601 1.9983127955 1.0
120850 1.8032077107 1.0
345666 1.06791572993 1.0
280071 1.11838855589 1.0
428855 1.23020715526 1.0
358596 1.40226318509 1.0
335751 1.43475261186 1.0
386982 1.69236387545 1.0
120820 1.81721442621 1.0
451554 1.37273133717 1.0
500348 1.48953489852 1.0
333595 1.45539071906 1.0
54476 1.65915408272 1.0
150598 1.81691905257 1.0
486240 1.95547982175 1.0
47940 1.30572365653 1.0
195887 1.71351665443 1.0
219210 1.82702086197 1.0
41127 1.35797677591 1.0
474440 1.88112743769 1.0
393448 1.62157614017 1.0
477835 1.63713111032 1.0
231788 1.44673396623 1.0
70675 1.45181053649 1.0
80102 1.2107709672 1.0
3031 1.66046246467 1.0
391270 1.72017998887 1.0
325964 1.13141687937 1.0
416399 1.93753470055 1.0
110349 1.31048780645 1.0
465511 1.17509023506 1.0
42984 1.38343534888 1.0
478737 1.48963210565 1.0
232295 1.00357023371 1.0
337445 1.81169930481 1.0
7347 1.07759861606 1.0
245294 1.13226251828 1.0
128144 1.03525527581 1.0
191895 1.30059745173 1.0
152842 1.76576266524 1.0
385914 1.05978388533 1.0
112878 1.49727678209 1.0
228263 1.46787363089 1.0
369613 1.69573965677 1.0
219224 1.32358498389 1.0
214165 1.55692766407 1.0
150585 1.92938257124 1.0
47936 1.28230247246 1.0
95091 1.78397637668 1.0
336918 1.51178348444 1.0
157271 1.6781929283 1.0
74235 1.54507929738 1.0
172469 1.28271856427 1.0
214005 1.14715355893 1.0
77048 1.16496337795 1.0
497781 1.96654125274 1.0
58592 1.2988240268 1.0
465925 1.84340108463 1.0
460719 1.93160454344 1.0
52265 1.86031491003 1.0
261988 1.94804778739 1.0
274113 1.46169356963 1.0
140146 1.34866115663 1.0
346422 1.65191124372 1.0
190973 1.30637518779 1.0
508697 1.3876988119 1.0
330093 1.12792112567 1.0
77487 1.70581868936 1.0
43204 1.776325354 1.0
507572 1.89081048474 1.0
426 1.25816781533 1.0
205202 1.53137981454 1.0
458810 1.17744513761 1.0
48846 1.44196584034 1.0
464378 1.58861068268 1.0
459992 1.85916825499 1.0
464270 1.02640193835 1.0
335891 1.78581015708 1.0
289660 1.43277749559 1.0
394418 1.61984877975 1.0
8442 1.82213345972 1.0
155114 1.09519867055 1.0
139347 1.94827507843 1.0
10964 1.14009129589 1.0
133140 1.35516620635 1.0
306695 1.56108557887 1.0
318054 1.33407705597 1.0
88726 1.42567626746 1.0
427309 1.09096540122 1.0
404019 1.1404227277 1.0
170553 1.2319373505 1.0
134310 1.83983685521 1.0
340679 1.32473295919 1.0
171385 1.51630626325 1.0
292359 1.00231217199 1.0
495484 1.04022030344 1.0
399554 1.80108817437 1.0
468284 1.33328889312 1.0
471149 1.59264113156 1.0
302743 1.62038103912 1.0
154260 1.33410637176 1.0
322582 1.20094339275 1.0
44405 1.01199060307 1.0
42656 1.75792807444 1.0
91123 1.50595172758 1.0
304117 1.23187976983 1.0
74283 1.63246280579 1.0
171835 1.26585788406 1.0
9052 1.2431147647 1.0
435217 1.6267662221 1.0
92336 1.55829989581 1.0
481564 1.05919857881 1.0
20414 1.65662740657 1.0
453993 1.71971896505 1.0
76164 1.58526182724 1.0
406904 1.12560209017 1.0
297879 1.47636428084 1.0
517952 1.24846195804 1.0
455732 1.87023931702 1.0
49131 1.39529950713 1.0
84820 1.94697374794 1.0
87442 1.49025105715 1.0
476166 1.50350786489 1.0
53560 1.62835645036 1.0
169925 1.8182858349 1.0
521316 1.56674019412 1.0
515721 1.86412611891 1.0
516529 1.9620577159 1.0
69527 1.88138068065 1.0
21172 1.56765811096 1.0
356813 1.84218487546 1.0
80895 1.22652847176 1.0
81209 1.87205650825 1.0
196603 1.24349137875 1.0
352520 1.04993052937 1.0
369000 1.28915286979 1.0
338960 1.29987039913 1.0
346560 1.36745826432 1.0
367958 1.75128883001 1.0
106648 1.19331446024 1.0
50319 1.2040294564 1.0
128836 1.6356010491 1.0
162272 1.66853540962 1.0
65868 1.18238080434 1.0
159501 1.34147142892 1.0
188732 1.49783169702 1.0
220517 1.31379238976 1.0
215631 1.8223867037 1.0
174901 1.14852147519 1.0
527377 1.21248343671 1.0
420204 1.28993480695 1.0
339311 1.67269867393 1.0
472244 1.30401098853 1.0
289078 1.45505946926 1.0
203234 1.73818667031 1.0
449300 1.89147130595 1.0
83464 1.64628812313 1.0
454369 1.84401420583 1.0
361160 1.24811509835 1.0
488454 1.62593468744 1.0
235903 1.95699909369 1.0
75667 1.50825279043 1.0
5004 1.63214515798 1.0
377114 1.5171096422 1.0
349002 1.47688016665 1.0
51612 1.08325374726 1.0
44450 1.3784875695 1.0
115831 1.32026504983 1.0
47142 1.80180442624 1.0
169997 1.52515471382 1.0
142398 1.13559718009 1.0
434699 1.24907239646 1.0
407013 1.07104382852 1.0
81087 1.3002567902 1.0
284034 1.90961785916 1.0
215391 1.57970928867 1.0
376124 1.62151693907 1.0
446294 1.30680458206 1.0
100418 1.88397698405 1.0
521973 1.75878056461 1.0
392655 1.52674943798 1.0
96260 1.21560208256 1.0
357665 1.20649866767 1.0
111136 1.35852233823 1.0
70185 1.81311239497 1.0
517516 1.38575624222 1.0
27171 1.96643541002 1.0
125962 1.85738579546 1.0
158566 1.57474028094 1.0
466814 1.2659218142 1.0
492487 1.83065455865 1.0
138523 1.7024262031 1.0
98609 1.46651906436 1.0
304054 1.83859801779 1.0
67512 1.90312853741 1.0
424974 1.31187619587 1.0
69204 1.02637776016 1.0
132398 1.67399195135 1.0
289948 1.73213614435 1.0
316063 1.02127699093 1.0
486610 1.46638805811 1.0
2109 1.97608334693 1.0
34446 1.65456807415 1.0
247566 1.12096403307 1.0
235293 1.86746084745 1.0
374161 1.3845756461 1.0
485303 1.90399944193 1.0
507071 1.72165786248 1.0
344542 1.69650201166 1.0
314995 1.15391546822 1.0
293019 1.96101211432 1.0
336620 1.71206756809 1.0
49899 1.48833439666 1.0
261749 1.15383778748 1.0
385351 1.54422269497 1.0
205185 1.87107181969 1.0
435650 1.6316158218 1.0
300543 1.96206632792 1.0
165339 1.0740191846 1.0
65630 1.21087973727 1.0
199203 1.76425247778 1.0
337656 1.70726988861 1.0
85668 1.74920986193 1.0
123212 1.05367831758 1.0
62587 1.15215508206 1.0
282914 1.83252436446 1.0
224891 1.46847840551 1.0
54669 1.05718791566 1.0
443206 1.25587189974 1.0
74215 1.62948931293 1.0
417274 1.17323637162 1.0
352752 1.97232287241 1.0
274601 1.97937005212 1.0
32502 1.94485202288 1.0
364215 1.85312935018 1.0
272950 1.36214655154 1.0
115082 1.70451797897 1.0
349221 1.49135230962 1.0
48735 1.46710216535 1.0
62142 1.25213614636 1.0
423106 1.75154843856 1.0
349482 1.55949346647 1.0
426692 1.45947835381 1.0
168443 1.28155881273 1.0
330743 1.08504957656 1.0
375273 1.81330219307 1.0
272742 1.61131095627 1.0
412558 1.89488489694 1.0
105677 1.3932251787 1.0
59659 1.13446814503 1.0
264154 1.77490443191 1.0
216415 1.75143046681 1.0
423735 1.9420556792 1.0
204677 1.20989312498 1.0
403486 1.13331070544 1.0
341167 1.68931938062 1.0
150156 1.2852047765 1.0
167614 1.00028108449 1.0
39457 1.54457167956 1.0
416842 1.35604293793 1.0
319531 1.38033921339 1.0
188911 1.91951684096 1.0
116850 1.59512540977 1.0
180979 1.9028826567 1.0
316642 1.57545621858 1.0
153065 1.34329766884 1.0
435508 1.85034049225 1.0
89781 1.5465010482 1.0
399346 1.18124506278 1.0
128044 1.79769819196 1.0
419850 1.58164602089 1.0
497226 1.85281613813 1.0
254719 1.54553044094 1.0
264004 1.76649674554 1.0
75487 1.04057240888 1.0
64015 1.71025545027 1.0
205541 1.69605059585 1.0
365059 1.64840262336 1.0
85285 1.85146829448 1.0
381700 1.58194017601 1.0
498376 1.6897170902 1.0
435548 1.68610837058 1.0
224269 1.92258239488 1.0
256435 1.51200578649 1.0
398254 1.85899730303 1.0
197728 1.82844115292 1.0
437154 1.02748685177 1.0
241161 1.90964737961 1.0
47184 1.6318406482 1.0
172332 1.98838435278 1.0
435241 1.63389469824 1.0
432139 1.68695016351 1.0
168159 1.45484706587 1.0
203035 1.08602226693 1.0
326196 1.98696969393 1.0
86074 1.68210854986 1.0
30515 1.82661071134 1.0
216229 1.7605184488 1.0
14607 1.27336855044 1.0
9224 1.1071601108 1.0
279696 1.38041406772 1.0
139832 1.02712246528 1.0
408351 1.42339243699 1.0
363500 1.5280057452 1.0
350088 1.85744537088 1.0
481817 1.14907512834 1.0
231347 1.53406030886 1.0
87131 1.71236960764 1.0
119474 1.4911999028 1.0
311780 1.75658691145 1.0
178949 1.39411607791 1.0
463833 1.19596264475 1.0
394893 1.01820201959 1.0
115816 1.62623096271 1.0
275276 1.30582889609 1.0
210942 1.30115322317 1.0
234544 1.71967969747 1.0
524450 1.61382630774 1.0
280076 1.12561422528 1.0
39056 1.79424072539 1.0
333700 1.50254489081 1.0
133083 1.78060624972 1.0
315203 1.60271329064 1.0
375217 1.87629341183 1.0
389391 1.67830449137 1.0
369657 1.014216031 1.0
46756 1.57085973336 1.0
407487 1.96121260688 1.0
276712 1.5131581357 1.0
482967 1.53424489498 1.0
50148 1.37710489646 1.0
438080 1.42572578751 1.0
113301 1.21494577666 1.0
477878 1.14072509526 1.0
481306 1.77359745686 1.0
449745 1.5425924996 1.0
95332 1.76509433743 1.0
249296 1.48491368255 1.0
247657 1.0568157118 1.0
90385 1.24487122197 1.0
139819 1.48401373349 1.0
214161 1.38671324976 1.0
337702 1.00027543265 1.0
131966 1.13663757664 1.0
79707 1.27143757174 1.0
36750 1.12671440329 1.0
65736 1.76347432132 1.0
29901 1.74354991275 1.0
101234 1.35955659136 1.0
6916 1.46215815946 1.0
458405 1.84425522669 1.0
526485 1.96928043818 1.0
205587 1.49200496252 1.0
453750 1.88520936611 1.0
286251 1.0551615731 1.0
125650 1.05268415311 1.0
503267 1.24253348603 1.0
116963 1.5176271202 1.0
455590 1.859492159 1.0
50826 1.13060222217 1.0
178528 1.6393161422 1.0
523416 1.65494000165 1.0
171742 1.91196295052 1.0
317372 1.16890935044 1.0
370444 1.08861186724 1.0
430598 1.17443547814 1.0
355595 1.71807304217 1.0
109441 1.61737762152 1.0
394631 1.46347965659 1.0
315604 1.20525379838 1.0
261504 1.38879934394 1.0
465825 1.86165035659 1.0
408141 1.41832299926 1.0
488541 1.76058609281 1.0
429978 1.3177434874 1.0
6995 1.7865734416 1.0
423258 1.1848786867 1.0
152669 1.30826371821 1.0
1938 1.71209680399 1.0
345724 1.39372377805 1.0
525372 1.21655873218 1.0
8962 1.45162105566 1.0
139381 1.58026262846 1.0
490866 1.72548188332 1.0
238962 1.06985968172 1.0
486528 1.59116228566 1.0
296799 1.23172337691 1.0
525047 1.01224704145 1.0
128823 1.66744271235 1.0
451881 1.59042887484 1.0
278970 1.77932433759 1.0
138117 1.93255180259 1.0
254560 1.05975697947 1.0
9301 1.89547678523 1.0
104583 1.34790259044 1.0
240724 1.44178532415 1.0
22016 1.64107731309 1.0
15402 1.45557651355 1.0
509987 1.70715897328 1.0
12391 1.05266040696 1.0
412044 1.77128762402 1.0
520110 1.34814399213 1.0
67311 1.1169367033 1.0
213966 1.36189537622 1.0
37285 1.353870342 1.0
89663 1.8032040096 1.0
104385 1.47123864651 1.0
48499 1.99311646908 1.0
346393 1.61223345766 1.0
313859 1.16466957427 1.0
352814 1.00445578978 1.0
225412 1.66142888224 1.0
52584 1.48702384469 1.0
355552 1.69480297977 1.0
201500 1.48160934878 1.0
170819 1.72952834036 1.0
337986 1.32030951926 1.0
141959 1.26782529246 1.0
370351 1.68878463605 1.0
129146 1.69066378442 1.0
57495 1.89946205755 1.0
238279 1.14074973789 1.0
187322 1.50086688396 1.0
386633 1.45289844385 1.0
192040 1.38290329048 1.0
64163 1.07784476335 1.0
392270 1.02019399235 1.0
428135 1.78509598049 1.0
28923 1.90556112506 1.0
183367 1.76294535086 1.0
380398 1.40940052017 1.0
80141 1.07989721737 1.0
424312 1.47070944837 1.0
239294 1.61004348075 1.0
136533 1.40218453386 1.0
260736 1.67500677588 1.0
465497 1.62159958572 1.0
464412 1.25346897603 1.0
351584 1.08813529346 1.0
11828 1.13710856128 1.0
35865 1.21946411261 1.0
207431 1.4403352367 1.0
146085 1.18611592177 1.0
151665 1.93260191325 1.0
387977 1.60866899225 1.0
243679 1.04156915213 1.0
363076 1.60465622219 1.0
381360 1.64165044389 1.0
527085 1.83991450215 1.0
294805 1.84366480074 1.0
78063 1.51678735583 1.0
362004 1.40121322529 1.0
381309 1.97869025785 1.0
109535 1.70950050479 1.0
94852 1.85841302562 1.0
94242 1.55534814473 1.0
390864 1.9307740527 1.0
71144 1.25710819502 1.0
93480 1.00353831914 1.0
440813 1.65422538125 1.0
364354 1.00363299476 1.0
443552 1.34537647981 1.0
83374 1.15285174581 1.0
375122 1.32775931032 1.0
451016 1.15667765448 1.0
249063 1.31392676063 1.0
338690 1.00312598321 1.0
39373 1.72382263027 1.0
287466 1.44453397593 1.0
438113 1.63575382145 1.0
187713 1.07501379343 1.0
305364 1.27352303049 1.0
313422 1.43390722957 1.0
112179 1.77679815095 1.0
451772 1.65377290559 1.0
483397 1.68646498196 1.0
499159 1.12939298232 1.0
261951 1.73714482996 1.0
309349 1.71826494038 1.0
115629 1.93297842294 1.0
389035 1.73629779381 1.0
227971 1.865981455 1.0
22710 1.97521715058 1.0
137578 1.06560633188 1.0
255464 1.17343317301 1.0
36873 1.70165874058 1.0
414240 1.71971818692 1.0
266556 1.08072509159 1.0
427367 1.37062207675 1.0
131221 1.50842927355 1.0
121588 1.80553910528 1.0
333008 1.51295375763 1.0
102341 1.93484872432 1.0
457282 1.42370170404 1.0
81689 1.18893566989 1.0
408094 1.00688600327 1.0
81959 1.96264922383 1.0
57097 1.27249862796 1.0
206917 1.98985697441 1.0
232650 1.55462444443 1.0
325588 1.98606534879 1.0
279068 1.27641514523 1.0
160887 1.43055367517 1.0
177020 1.98670156943 1.0
441866 1.37914823564 1.0
57473 1.70564573304 1.0
297968 1.87142459426 1.0
211948 1.62516468589 1.0
58003 1.30235624253 1.0
425692 1.65260686325 1.0
213742 1.16039207911 1.0
349023 1.60216604206 1.0
33996 1.20045781162 1.0
494448 1.45574871542 1.0
254171 1.03624989274 1.0
266053 1.96006064347 1.0
265643 1.436983057 1.0
320567 1.5037188729 1.0
190228 1.85470013199 1.0
246023 1.22000535492 1.0
113721 1.58524173698 1.0
296899 1.89642718806 1.0
457445 1.74839300266 1.0
348734 1.68858700721 1.0
335430 1.0332672587 1.0
70081 1.60382554054 1.0
497961 1.40031896115 1.0
2158 1.0927308302 1.0
432295 1.93658215456 1.0
483648 1.50480776685 1.0
96217 1.79952954941 1.0
299000 1.07971666344 1.0
10791 1.81567586234 1.0
163909 1.94196750179 1.0
6245 1.26345697043 1.0
289270 1.54901121253 1.0
467863 1.30602736859 1.0
86780 1.18942140921 1.0
376035 1.31034168432 1.0
29612 1.89853369313 1.0
473528 1.15665318824 1.0
415747 1.48486436988 1.0
85319 1.34426478865 1.0
96199 1.46818824852 1.0
528437 1.96260294978 1.0
432210 1.65023567856 1.0
87524 1.00363018035 1.0
88449 1.5640683638 1.0
475922 1.531968283 1.0
168278 1.60230586874 1.0
257705 1.83190683581 1.0
30019 1.53713731293 1.0
467031 1.07498722298 1.0
190088 1.74604512223 1.0
161344 1.91038908765 1.0
323375 1.50478083167 1.0
452843 1.01167150067 1.0
231117 1.57641637324 1.0
307692 1.98509551331 1.0
518175 1.31082658631 1.0
172368 1.87372525405 1.0
392195 1.11361606421 1.0
511940 1.83843211123 1.0
429917 1.32924475183 1.0
271521 1.83601504348 1.0
117081 1.65824624211 1.0
502411 1.50361381227 1.0
370781 1.6414670035 1.0
23804 1.68148580563 1.0
122385 1.82937551522 1.0
132279 1.09858933379 1.0
105231 1.57417104286 1.0
294668 1.43080180703 1.0
43963 1.78746631231 1.0
93858 1.32785407834 1.0
221568 1.56430002187 1.0
85848 1.43518245759 1.0
134738 1.97479310499 1.0
214692 1.16104928394 1.0
5819 1.68547338094 1.0
69858 1.68497939346 1.0
465068 1.70024691635 1.0
140471 1.12761703839 1.0
322111 1.02448595336 1.0
89269 1.28794555869 1.0
118450 1.39989528979 1.0
485131 1.87874166598 1.0
229675 1.91038192679 1.0
98959 1.85215644154 1.0
172865 1.62708118568 1.0
357328 1.25282927376 1.0
473206 1.58838736502 1.0
258622 1.11657066434 1.0
83179 1.07511284873 1.0
398029 1.43152974302 1.0
162929 1.1194335255 1.0
449813 1.51638237137 1.0
138264 1.38927169579 1.0
499431 1.7298455057 1.0
280661 1.41137885463 1.0
371017 1.03242692273 1.0
457244 1.11299369803 1.0
35783 1.47838516822 1.0
226588 1.3093111904 1.0
372603 1.86447373239 1.0
282617 1.94961550493 1.0
447097 1.6007809101 1.0
22776 1.03966613782 1.0
483817 1.09360158815 1.0
148360 1.48439075223 1.0
481474 1.36295993959 1.0
227238 1.47191505485 1.0
135568 1.54465498885 1.0
327950 1.96060903105 1.0
471045 1.35252108603 1.0
300927 1.85561556621 1.0
527886 1.48760739787 1.0
144079 1.59702623798 1.0
347368 1.0061540425 1.0
241780 1.61085452351 1.0
102741 1.96152488261 1.0
74443 1.44786648137 1.0
99137 1.69449886813 1.0
178578 1.55099203553 1.0
284288 1.73446435924 1.0
497964 1.10730783253 1.0
334466 1.79206400168 1.0
357936 1.61730054902 1.0
387844 1.28130734349 1.0
493968 1.23865546366 1.0
89332 1.09419681385 1.0
69852 1.3309084757 1.0
71065 1.91153858741 1.0
467810 1.62571559927 1.0
129950 1.70151574567 1.0
271139 1.6189947121 1.0
39867 1.9377644875 1.0
339300 1.83999855674 1.0
330472 1.43027666944 1.0
84460 1.01057302991 1.0
246950 1.06423739829 1.0
177659 1.21088021243 1.0
453927 1.71453379227 1.0
231492 1.51556910639 1.0
37658 1.90552452619 1.0
407988 1.57864703147 1.0
189564 1.50931045175 1.0
357516 1.34983756858 1.0
331699 1.24775986706 1.0
165727 1.64394890808 1.0
482577 1.87490679308 1.0
47985 1.87144624572 1.0
459218 1.58749718123 1.0
7307 1.96131009744 1.0
350900 1.17126603954 1.0
41724 1.40454749027 1.0
322501 1.91715171585 1.0
448187 1.90058690206 1.0
168805 1.85182943313 1.0
120475 1.74826533427 1.0
58964 1.64958262517 1.0
207891 1.1308966035 1.0
66548 1.27262679332 1.0
14783 1.8988718268 1.0
184945 1.78224361276 1.0
225046 1.07127512142 1.0
345415 1.16430491679 1.0
407526 1.1301844653 1.0
328126 1.83665080263 1.0
225131 1.25895573896 1.0
230434 1.96059517314 1.0
316868 1.59859626671 1.0
479091 1.70850451762 1.0
262123 1.30978109369 1.0
466024 1.34728820262 1.0
276008 1.07916529539 1.0
38181 1.26329113683 1.0
54028 1.49713948422 1.0
492937 1.16428905328 1.0
122082 1.57984699697 1.0
424750 1.90299913366 1.0
14602 1.99953844289 1.0
392606 1.72996342531 1.0
258403 1.74647952678 1.0
7635 1.28291464254 1.0
420782 1.91834128381 1.0
413830 1.92710453143 1.0
