506244 1.0 0.723544122885
246658 1.0 0.547197745721
48927 1.0 0.524578970099
193311 1.0 0.905318017129
480819 1.0 0.903289814408
167172 1.0 0.753936059143
407209 1.0 0.777781525583
278321 1.0 0.559229856922
463304 1.0 0.975326199193
398004 1.0 0.64307492534
337980 1.0 0.733098017521
321453 1.0 0.635717470575
151621 1.0 0.704937250989
269611 1.0 0.685084262899
400630 1.0 0.734834394612
464774 1.0 0.805062568963
505538 1.0 0.553470105073
96703 1.0 0.887877750142
489139 1.0 0.581782728352
37591 1.0 0.530568789807
239307 1.0 0.744346088651
359609 1.0 0.661054258856
464994 1.0 0.581038927499
299587 1.0 0.675779240949
427290 1.0 0.5064298998
2999 1.0 0.646993691494
140320 1.0 0.806630357122
45255 1.0 0.763225058613
362966 1.0 0.761253484675
148398 1.0 0.683885634503
235684 1.0 0.551445563711
276817 1.0 0.582874680584
309859 1.0 0.538142838088
384666 1.0 0.694290687156
430687 1.0 0.615089564563
289081 1.0 0.874322554295
311197 1.0 0.600310259403
250224 1.0 0.601363744079
310249 1.0 0.53293506464
441083 1.0 0.685883633453
314802 1.0 0.746200052376
520612 1.0 0.529866002825
462241 1.0 0.605020602349
378545 1.0 0.589357714164
174804 1.0 0.983111527652
183768 1.0 0.839903427108
315440 1.0 0.508356019756
352451 1.0 0.888669314543
104429 1.0 0.563760708705
317812 1.0 0.850224553673
493462 1.0 0.627276871647
316635 1.0 0.617398836012
71011 1.0 0.719788959525
477406 1.0 0.638498240665
194709 1.0 0.695956691959
84898 1.0 0.544283000788
453090 1.0 0.519016075658
77012 1.0 0.735193499254
391344 1.0 0.69744679682
186701 1.0 0.62770728413
298681 1.0 0.971628394285
489702 1.0 0.719521473357
206956 1.0 0.932865859221
329390 1.0 0.792690261059
298199 1.0 0.570554994232
428237 1.0 0.649961606935
237840 1.0 0.969974621743
302092 1.0 0.792748784397
208920 1.0 0.675227187827
406765 1.0 0.80378343034
326882 1.0 0.781131134275
364293 1.0 0.681939778655
48301 1.0 0.937928824767
261795 1.0 0.554993519399
453551 1.0 0.618464676832
78426 1.0 0.838386396116
269066 1.0 0.792817541393
457884 1.0 0.810340115216
289532 1.0 0.71836884908
17751 1.0 0.843535920938
448927 1.0 0.858851018927
332684 1.0 0.516677850583
437282 1.0 0.962783090512
520276 1.0 0.871747501031
299838 1.0 0.51683152421
201983 1.0 0.80999134593
204602 1.0 0.93035026417
415514 1.0 0.546691652779
434472 1.0 0.809593431268
516777 1.0 0.55636374464
110928 1.0 0.800146951321
232798 1.0 0.511810930065
473107 1.0 0.771879973809
301725 1.0 0.594963766639
429730 1.0 0.905788931522
43034 1.0 0.673689619447
420276 1.0 0.899298134392
476621 1.0 0.664078475905
405584 1.0 0.998373684425
365407 1.0 0.629128232276
73044 1.0 0.522787360203
482912 1.0 0.594475001407
384067 1.0 0.6300312659
514047 1.0 0.607442190689
478371 1.0 0.608716818313
320634 1.0 0.908364912233
377377 1.0 0.757627531655
414221 1.0 0.961028742919
369822 1.0 0.629144224552
81254 1.0 0.873384584663
326453 1.0 0.76043612927
62632 1.0 0.918166392649
277321 1.0 0.913219358428
343638 1.0 0.901078252122
101839 1.0 0.53440077534
126826 1.0 0.929934549972
347240 1.0 0.955871072345
165554 1.0 0.746246642189
138060 1.0 0.787245788797
85194 1.0 0.857062140916
53618 1.0 0.557591090818
316979 1.0 0.923865089661
44788 1.0 0.866551695102
50633 1.0 0.617750343598
81908 1.0 0.857188531797
141170 1.0 0.895090173713
34603 1.0 0.674794657509
127157 1.0 0.96342890781
508439 1.0 0.804314896232
105461 1.0 0.52163106421
257631 1.0 0.914831245872
148724 1.0 0.503387639894
224222 1.0 0.562749319789
363216 1.0 0.76893342643
74714 1.0 0.919752681812
363046 1.0 0.981908603414
186839 1.0 0.988483155467
221682 1.0 0.782228342842
126343 1.0 0.899945950337
391970 1.0 0.560187754603
225761 1.0 0.802094385018
199060 1.0 0.701952127152
263231 1.0 0.965495004102
369746 1.0 0.915595394548
343473 1.0 0.518155990602
319894 1.0 0.705668203184
278446 1.0 0.507115124855
458138 1.0 0.625001212522
374461 1.0 0.67605678879
218669 1.0 0.836102506308
74188 1.0 0.816097570836
524632 1.0 0.956088399297
91192 1.0 0.992135560589
129440 1.0 0.554355940738
184197 1.0 0.805566133167
300814 1.0 0.717397150755
69878 1.0 0.522941728102
331804 1.0 0.703946139437
115657 1.0 0.621610120241
102334 1.0 0.778730027015
172343 1.0 0.580148839155
187552 1.0 0.792969780863
457946 1.0 0.901545853089
164378 1.0 0.972776610796
5771 1.0 0.930348163287
195579 1.0 0.847124729899
199130 1.0 0.692335324159
452300 1.0 0.793858547367
410121 1.0 0.686137765985
456806 1.0 0.903259899818
525022 1.0 0.938274519663
307619 1.0 0.904805441578
399157 1.0 0.979077901714
277511 1.0 0.55453350334
259856 1.0 0.703676814515
7352 1.0 0.789205406692
513416 1.0 0.748683513397
34650 1.0 0.608306447828
123448 1.0 0.968284626389
166845 1.0 0.825798549737
252041 1.0 0.931581869204
139513 1.0 0.890883131626
271435 1.0 0.547042316358
307578 1.0 0.99207158132
293529 1.0 0.837175796434
27377 1.0 0.975399338379
272622 1.0 0.779810309021
118905 1.0 0.891350643136
308819 1.0 0.77136647251
107225 1.0 0.681533690358
480215 1.0 0.555278707215
345404 1.0 0.613170859057
69292 1.0 0.506703070604
187040 1.0 0.776361455055
363730 1.0 0.919531854791
234049 1.0 0.971183256534
310332 1.0 0.748331569318
99730 1.0 0.846115007521
268543 1.0 0.975837027963
362126 1.0 0.806728797641
7557 1.0 0.806988401543
34024 1.0 0.766215369498
313308 1.0 0.978178985563
77872 1.0 0.570367004791
272499 1.0 0.503826446155
161472 1.0 0.726700111723
253271 1.0 0.678790525481
419635 1.0 0.724548999101
39528 1.0 0.601482585778
166080 1.0 0.853619978326
321911 1.0 0.963467444546
134669 1.0 0.755014100369
395183 1.0 0.869358955238
448184 1.0 0.991764705836
154337 1.0 0.885043198065
63046 1.0 0.855484965775
468514 1.0 0.805538313696
268837 1.0 0.985901056719
436845 1.0 0.603978804559
355065 1.0 0.583087105616
449407 1.0 0.930331919783
436872 1.0 0.615984519326
275880 1.0 0.530645853642
58005 1.0 0.765205865497
112919 1.0 0.583197130893
377049 1.0 0.507914946133
491360 1.0 0.881135344429
216846 1.0 0.75410724496
513354 1.0 0.967210383663
174946 1.0 0.544913408227
246341 1.0 0.520213840136
155712 1.0 0.784492706733
123202 1.0 0.997248130415
232931 1.0 0.727840570012
105111 1.0 0.560729543137
387999 1.0 0.748807005351
449828 1.0 0.656185446747
425550 1.0 0.758070258335
470686 1.0 0.906258078504
510131 1.0 0.768267086366
80821 1.0 0.534688245634
382011 1.0 0.805416276005
516009 1.0 0.6126744619
122060 1.0 0.872236390356
424261 1.0 0.696010626039
240202 1.0 0.875018226931
165512 1.0 0.647197752809
485512 1.0 0.583005484014
115358 1.0 0.58054268863
3801 1.0 0.838824730858
443848 1.0 0.849497548902
374342 1.0 0.904073733038
294554 1.0 0.965275817563
262236 1.0 0.515325015788
252181 1.0 0.562174603762
438858 1.0 0.587819163423
252629 1.0 0.823130743472
175887 1.0 0.513893378709
164528 1.0 0.647258789183
257663 1.0 0.638204630609
434294 1.0 0.716968753227
185571 1.0 0.882324579509
438573 1.0 0.747935225158
141518 1.0 0.729182535052
38452 1.0 0.736888451357
222473 1.0 0.903522267683
449235 1.0 0.898071670425
369692 1.0 0.511815629703
200331 1.0 0.624064162859
320789 1.0 0.892030486044
357706 1.0 0.796883909651
455827 1.0 0.730552741053
82095 1.0 0.933673676528
183613 1.0 0.746509293575
23226 1.0 0.872230960642
456491 1.0 0.59837367988
484795 1.0 0.803730571553
379275 1.0 0.821863673563
264246 1.0 0.969319208944
106586 1.0 0.922831913378
343498 1.0 0.95040653046
19719 1.0 0.973971350275
225873 1.0 0.937127776552
364201 1.0 0.881276164807
307642 1.0 0.9080022259
302216 1.0 0.744599737887
126506 1.0 0.714354278859
411825 1.0 0.797560868895
373739 1.0 0.685742658573
75499 1.0 0.628093261106
509707 1.0 0.933979126218
432672 1.0 0.910760520421
6980 1.0 0.679402123217
45676 1.0 0.698176669372
181431 1.0 0.694845608868
165890 1.0 0.618127503785
506743 1.0 0.785675021033
76820 1.0 0.782793554546
267326 1.0 0.54442787357
210670 1.0 0.603524017168
376844 1.0 0.844942159864
141755 1.0 0.984542765315
16114 1.0 0.650268023059
312892 1.0 0.939402328846
149574 1.0 0.584381336807
347317 1.0 0.729930588432
402460 1.0 0.600652387104
178925 1.0 0.997653924789
453016 1.0 0.74624984328
466838 1.0 0.532215992188
512678 1.0 0.710425076976
46705 1.0 0.953374820029
258350 1.0 0.958407192561
315642 1.0 0.961636183717
63068 1.0 0.594082992524
521592 1.0 0.960058592516
315595 1.0 0.811287607607
350532 1.0 0.828940175913
10249 1.0 0.853886097752
314465 1.0 0.909516684737
305690 1.0 0.877992027025
296479 1.0 0.659894158403
70536 1.0 0.610387054908
285646 1.0 0.872802794567
326290 1.0 0.965357315853
348745 1.0 0.749087031811
474848 1.0 0.859720828604
93309 1.0 0.952374852166
188054 1.0 0.758621919966
1142 1.0 0.651049150953
258441 1.0 0.930203915976
151398 1.0 0.940378521397
82882 1.0 0.924444725309
402000 1.0 0.698950232775
287316 1.0 0.626552558748
256209 1.0 0.772297160483
7041 1.0 0.932032152282
138671 1.0 0.679113390043
29347 1.0 0.537002651636
154035 1.0 0.789806100448
218145 1.0 0.559592009867
119691 1.0 0.52882199498
252583 1.0 0.657562036644
523604 1.0 0.817564476327
291124 1.0 0.928970953482
226641 1.0 0.67844189549
76066 1.0 0.778921349479
191569 1.0 0.840397252585
474123 1.0 0.799023455108
499175 1.0 0.535964935201
38486 1.0 0.802258703469
371816 1.0 0.760085425509
469280 1.0 0.754632772641
324442 1.0 0.534994304397
308068 1.0 0.655985461372
519855 1.0 0.968818565471
345494 1.0 0.725968848376
358776 1.0 0.855989094466
61380 1.0 0.547245793845
433807 1.0 0.712363069827
25111 1.0 0.86526170097
289701 1.0 0.936550612729
20977 1.0 0.711610097716
202624 1.0 0.696735350207
126562 1.0 0.768794862486
269054 1.0 0.809041327351
512127 1.0 0.57434388307
106675 1.0 0.943156479645
208461 1.0 0.591155451757
30950 1.0 0.59913666251
141903 1.0 0.567587161452
295687 1.0 0.794120882069
238433 1.0 0.725151638294
290268 1.0 0.729752287767
325065 1.0 0.776112714186
136709 1.0 0.963253299217
159574 1.0 0.523565727311
293871 1.0 0.621241188005
312382 1.0 0.986750241592
205757 1.0 0.777850462181
84819 1.0 0.627575320112
190201 1.0 0.580368799742
237209 1.0 0.732715846593
45269 1.0 0.521946287727
199500 1.0 0.982067003369
7240 1.0 0.997226105956
371302 1.0 0.902323018962
511766 1.0 0.743800423089
254771 1.0 0.50711158938
444426 1.0 0.64960637647
105032 1.0 0.973209684083
290372 1.0 0.855373524552
4955 1.0 0.560997985548
120227 1.0 0.945474834458
458711 1.0 0.736469829649
362886 1.0 0.959668002974
246933 1.0 0.809415090745
189628 1.0 0.839848024056
486364 1.0 0.519134133042
3211 1.0 0.813773223498
89449 1.0 0.702361225025
268955 1.0 0.989461826515
377203 1.0 0.571209856263
13980 1.0 0.813536448578
457139 1.0 0.560120104524
177603 1.0 0.796104832695
160102 1.0 0.989193850851
462584 1.0 0.506038445484
402596 1.0 0.584627531049
475072 1.0 0.681141574358
109539 1.0 0.758757555651
365904 1.0 0.945802915422
6381 1.0 0.78666989354
23234 1.0 0.776425563603
276359 1.0 0.503343296595
377404 1.0 0.943004545755
321335 1.0 0.697911176348
276168 1.0 0.917758636173
178699 1.0 0.599838065269
478504 1.0 0.573556769577
374503 1.0 0.793167768287
234673 1.0 0.914443571975
159278 1.0 0.948139633371
236770 1.0 0.605393592164
369791 1.0 0.66683784522
38568 1.0 0.597724850493
84105 1.0 0.896949091128
461280 1.0 0.901800570928
45169 1.0 0.64766234112
42056 1.0 0.681259484383
205767 1.0 0.563825398103
520806 1.0 0.912920923031
158135 1.0 0.717881315203
394656 1.0 0.985510861322
161761 1.0 0.839878220757
286941 1.0 0.658790478287
442778 1.0 0.943777848224
181119 1.0 0.699803488732
44164 1.0 0.505548384229
194447 1.0 0.75909499796
499283 1.0 0.941271249184
241601 1.0 0.747882284431
399312 1.0 0.800151879697
211692 1.0 0.87053715455
321916 1.0 0.505673455563
440071 1.0 0.842787948901
423657 1.0 0.921161481105
191856 1.0 0.779663441986
250678 1.0 0.743730204379
193293 1.0 0.92684657575
104780 1.0 0.517935480855
446294 1.0 0.604469500233
365075 1.0 0.734902361778
508016 1.0 0.854215735952
311222 1.0 0.875543313642
302985 1.0 0.511158411378
302268 1.0 0.840167317914
295793 1.0 0.715717883277
57983 1.0 0.79837232775
358278 1.0 0.736575776266
229668 1.0 0.661740367088
252417 1.0 0.67715907945
501611 1.0 0.6221260176
410458 1.0 0.730139874398
501747 1.0 0.68658846057
464208 1.0 0.861777405835
113010 1.0 0.675451160427
398234 1.0 0.891177979754
330747 1.0 0.694357383929
293597 1.0 0.987215962723
239035 1.0 0.516270559677
255234 1.0 0.652540413597
7754 1.0 0.658974641281
201543 1.0 0.800121453075
415656 1.0 0.79791924096
243483 1.0 0.563066197869
494370 1.0 0.680186005182
174873 1.0 0.845804901284
240877 1.0 0.72762458336
431473 1.0 0.779578245802
375031 1.0 0.697938700771
5466 1.0 0.998177842389
19794 1.0 0.72541109509
394315 1.0 0.754739370418
214674 1.0 0.966632841361
408919 1.0 0.963292591374
4959 1.0 0.938502603678
264963 1.0 0.832928819892
443634 1.0 0.553957175174
9450 1.0 0.917227822844
280766 1.0 0.977416049447
132250 1.0 0.927384560446
470087 1.0 0.968918893269
175742 1.0 0.691241338925
306612 1.0 0.639429084873
138458 1.0 0.596354058213
96337 1.0 0.95328193648
380438 1.0 0.866654269039
33880 1.0 0.614384368105
173528 1.0 0.589664085618
94170 1.0 0.595137459544
3374 1.0 0.509970418619
45115 1.0 0.900817200189
54342 1.0 0.908431893144
90435 1.0 0.670505418607
21107 1.0 0.686387931965
49697 1.0 0.503836823743
433718 1.0 0.66990218243
239641 1.0 0.753822529431
517083 1.0 0.669218365778
202287 1.0 0.667642607283
254518 1.0 0.714665887491
159393 1.0 0.80318430402
76661 1.0 0.601165714682
30791 1.0 0.699766524207
37103 1.0 0.971622664135
386676 1.0 0.664732050729
51120 1.0 0.881928239339
73661 1.0 0.764662201068
205110 1.0 0.647843667193
150388 1.0 0.791175378284
497040 1.0 0.73364767187
368591 1.0 0.983484249362
87428 1.0 0.914043893363
498519 1.0 0.62339736278
240860 1.0 0.961296353159
204994 1.0 0.830369506548
314880 1.0 0.790261002846
190182 1.0 0.859194908304
245039 1.0 0.596493975173
175917 1.0 0.652208077858
359580 1.0 0.96559877347
317781 1.0 0.534785335523
373664 1.0 0.757923588235
230229 1.0 0.696310654648
263204 1.0 0.657291957158
447279 1.0 0.835687203796
173722 1.0 0.597079908194
53608 1.0 0.709146187471
252410 1.0 0.69331202407
404240 1.0 0.9997729132
312627 1.0 0.595435963572
138982 1.0 0.680518227391
115702 1.0 0.67920852359
371586 1.0 0.924154506238
310152 1.0 0.755883024443
196404 1.0 0.92971237286
282960 1.0 0.661161013207
383727 1.0 0.893290725666
317514 1.0 0.960585647901
376825 1.0 0.875528719558
88054 1.0 0.943675404328
364945 1.0 0.555048739854
327523 1.0 0.854291858049
346204 1.0 0.82358347371
262376 1.0 0.99789638713
307623 1.0 0.606475590043
166028 1.0 0.838739558622
239599 1.0 0.579156450266
297711 1.0 0.656487492244
420975 1.0 0.673847435134
387101 1.0 0.660809668622
175907 1.0 0.66232986128
8888 1.0 0.876617535815
315943 1.0 0.938973512404
320065 1.0 0.723925477815
386846 1.0 0.829988348957
460159 1.0 0.588315472835
385169 1.0 0.938035975481
269581 1.0 0.976079685268
444415 1.0 0.945350578209
184415 1.0 0.688488551302
203758 1.0 0.639405143301
355233 1.0 0.559382869251
276653 1.0 0.516035422144
82152 1.0 0.743732006288
443595 1.0 0.800855347685
215499 1.0 0.651714252456
388339 1.0 0.866185085274
422586 1.0 0.78965518996
179022 1.0 0.871027032095
501192 1.0 0.81169219092
205566 1.0 0.809078435759
77021 1.0 0.61489044124
261198 1.0 0.636376348813
365882 1.0 0.892356175833
8294 1.0 0.771402869707
129305 1.0 0.517135578234
355731 1.0 0.720609308018
235420 1.0 0.729963261382
267230 1.0 0.928503509044
6365 1.0 0.951480884925
268247 1.0 0.904389347368
281606 1.0 0.946415432349
199288 1.0 0.540514383142
192989 1.0 0.987835277269
207666 1.0 0.718203715437
184426 1.0 0.869514290927
247265 1.0 0.962525647099
444194 1.0 0.708109995147
527231 1.0 0.942308839506
379541 1.0 0.967205687488
389211 1.0 0.997339734147
196877 1.0 0.785816439478
394903 1.0 0.790277571757
506208 1.0 0.830697246475
206963 1.0 0.696754471795
118191 1.0 0.968556657612
182722 1.0 0.899964027546
476237 1.0 0.862969906364
201279 1.0 0.865486437415
384376 1.0 0.922267087827
41602 1.0 0.541008588109
527082 1.0 0.547517881928
252566 1.0 0.793732758418
44639 1.0 0.977833190729
504819 1.0 0.555738104603
169031 1.0 0.518340621471
106609 1.0 0.878124861559
338164 1.0 0.787681168745
212781 1.0 0.965316728423
378408 1.0 0.626577566334
372352 1.0 0.819361707121
125611 1.0 0.961578503375
466466 1.0 0.66752477048
424290 1.0 0.953429579655
480303 1.0 0.975219612943
125899 1.0 0.925588488535
354049 1.0 0.889542375694
164641 1.0 0.657729132305
252378 1.0 0.966573179587
473126 1.0 0.982632922992
511251 1.0 0.95289508849
93407 1.0 0.587439090006
404357 1.0 0.873334692497
380729 1.0 0.63342694949
118090 1.0 0.523124217172
153941 1.0 0.861664828897
254103 1.0 0.839518568313
46611 1.0 0.69353149859
145734 1.0 0.657258309812
433621 1.0 0.779381257396
423818 1.0 0.880757034963
346770 1.0 0.98127554711
105611 1.0 0.810256594608
93883 1.0 0.678318312898
63205 1.0 0.523783933928
22680 1.0 0.819401361296
311861 1.0 0.97474024384
176802 1.0 0.513751135903
454850 1.0 0.979726126524
354244 1.0 0.914104835284
415606 1.0 0.584485652286
74205 1.0 0.784243656302
440027 1.0 0.79536972618
341636 1.0 0.702866101995
450362 1.0 0.592644532282
273224 1.0 0.555353470048
347453 1.0 0.934552622471
358234 1.0 0.812368607818
428291 1.0 0.845305342383
384659 1.0 0.503537928831
523352 1.0 0.877221367184
446940 1.0 0.702232514162
494378 1.0 0.96936975211
440239 1.0 0.520064761422
297976 1.0 0.990205519261
4623 1.0 0.533275219521
400057 1.0 0.633271743024
119986 1.0 0.690888996608
56907 1.0 0.885077587715
356538 1.0 0.741623709803
58675 1.0 0.970506158897
492623 1.0 0.542389744551
134481 1.0 0.811540639478
365583 1.0 0.670088526178
235564 1.0 0.521467186321
397862 1.0 0.67836013415
412590 1.0 0.733463799608
496519 1.0 0.730774266531
162129 1.0 0.731645765217
420950 1.0 0.989132777797
481724 1.0 0.957089514388
423587 1.0 0.832603554636
133294 1.0 0.537763627493
463280 1.0 0.640808304262
98005 1.0 0.730612291035
339221 1.0 0.96943284307
145895 1.0 0.568042545067
384719 1.0 0.60087718363
276551 1.0 0.968321781906
202135 1.0 0.872714263548
41501 1.0 0.643331501658
501624 1.0 0.851741937149
511370 1.0 0.550682594208
516684 1.0 0.565521666105
236118 1.0 0.590991730444
400923 1.0 0.981941350208
166003 1.0 0.567733682768
324291 1.0 0.680585906697
30577 1.0 0.778163714263
145833 1.0 0.861598927651
103019 1.0 0.543951122321
365306 1.0 0.51772444197
515222 1.0 0.704062814135
222942 1.0 0.977863832877
1298 1.0 0.85890128708
86988 1.0 0.549262634254
359394 1.0 0.500649197946
218555 1.0 0.941961302533
308095 1.0 0.889277888356
38129 1.0 0.604587465417
392175 1.0 0.513183036018
461677 1.0 0.673478141207
349500 1.0 0.553254433284
263777 1.0 0.670084066574
369020 1.0 0.689588813168
188317 1.0 0.655240418914
306976 1.0 0.753661176377
200270 1.0 0.959245434107
277563 1.0 0.822187638419
483936 1.0 0.819234443918
394197 1.0 0.632433685034
340880 1.0 0.54237380306
12987 1.0 0.860136382431
401478 1.0 0.954622691729
498025 1.0 0.507825368694
232478 1.0 0.688017666619
173428 1.0 0.911155307549
115195 1.0 0.669890426271
14751 1.0 0.86938234163
390295 1.0 0.752937317257
413665 1.0 0.691366545936
491657 1.0 0.751613530629
60157 1.0 0.666442670073
109979 1.0 0.542171076763
528087 1.0 0.970483392459
86104 1.0 0.731314021911
233734 1.0 0.646787108905
455654 1.0 0.935836703291
238669 1.0 0.761610446052
81059 1.0 0.968767357353
305579 1.0 0.61043011015
209103 1.0 0.677050045759
77504 1.0 0.67474925802
236371 1.0 0.675068817126
318476 1.0 0.631428854979
54350 1.0 0.750277632708
156895 1.0 0.517595694429
23119 1.0 0.732071862313
85547 1.0 0.801439751034
368680 1.0 0.701036958503
28055 1.0 0.818971365082
506930 1.0 0.591256406155
10911 1.0 0.640956392195
261754 1.0 0.737106984063
291727 1.0 0.708104995041
513038 1.0 0.515308793093
63512 1.0 0.786383873689
247602 1.0 0.697329845677
514475 1.0 0.593960025054
48508 1.0 0.742854365949
4876 1.0 0.920891110821
349855 1.0 0.934481072965
306033 1.0 0.532476794411
77580 1.0 0.993994401806
192957 1.0 0.993183503654
285605 1.0 0.556486364131
241402 1.0 0.790604852522
508066 1.0 0.728162687383
141327 1.0 0.993936618788
168626 1.0 0.644278217243
146583 1.0 0.800193338655
119083 1.0 0.672805199741
177030 1.0 0.775478569453
157899 1.0 0.945860110643
110356 1.0 0.900731672973
236596 1.0 0.547153917389
202546 1.0 0.773765503575
215778 1.0 0.599991724114
157780 1.0 0.551934968626
152324 1.0 0.690379951626
439400 1.0 0.948236848222
466093 1.0 0.558376479761
506859 1.0 0.654033568591
274088 1.0 0.555718546524
31616 1.0 0.814385404035
273523 1.0 0.740045882366
419573 1.0 0.992998155427
227940 1.0 0.743271489694
327490 1.0 0.554600880861
72660 1.0 0.719130105184
399125 1.0 0.821605668017
453074 1.0 0.835311614425
170214 1.0 0.544900199339
111842 1.0 0.844734340757
241867 1.0 0.736581073263
80882 1.0 0.872665385856
65089 1.0 0.764526556361
178069 1.0 0.957664847447
387170 1.0 0.564307940507
216771 1.0 0.835135485113
105131 1.0 0.734839238829
140764 1.0 0.609755114892
150467 1.0 0.558328342895
156728 1.0 0.820401904516
167615 1.0 0.636710696379
92706 1.0 0.846600552797
292248 1.0 0.968534004183
280724 1.0 0.831764182527
2055 1.0 0.851286877484
185139 1.0 0.65712514334
315028 1.0 0.957099985857
156250 1.0 0.510012987353
75066 1.0 0.593972553148
217701 1.0 0.884527198125
320719 1.0 0.884745071195
403216 1.0 0.73762662958
479650 1.0 0.897045789733
142487 1.0 0.701964050631
234407 1.0 0.538809994099
197746 1.0 0.503188873791
49667 1.0 0.695302211824
430584 1.0 0.60910699407
7687 1.0 0.825165554247
516328 1.0 0.902473127802
488113 1.0 0.815743792008
328098 1.0 0.764001850766
169245 1.0 0.748181248053
473447 1.0 0.618005965313
512234 1.0 0.595987476956
346015 1.0 0.70581579317
271612 1.0 0.697840775393
406034 1.0 0.673126426361
500562 1.0 0.901002153006
121674 1.0 0.981779374885
21930 1.0 0.874915192651
250747 1.0 0.619812013758
341598 1.0 0.585987710413
271114 1.0 0.967385136482
259921 1.0 0.734923813136
374844 1.0 0.508865448333
416250 1.0 0.780915200576
465054 1.0 0.884748809082
146174 1.0 0.758373238283
404690 1.0 0.769679504598
494814 1.0 0.603698761743
192705 1.0 0.86053122027
472839 1.0 0.519105098413
4270 1.0 0.601593399428
276894 1.0 0.708613212477
155317 1.0 0.698925303839
120965 1.0 0.681754140411
46433 1.0 0.619603420575
290763 1.0 0.794637358849
409811 1.0 0.660137004317
243304 1.0 0.955091280042
510992 1.0 0.539578753182
195665 1.0 0.627721217869
237536 1.0 0.911535677046
399686 1.0 0.66584423942
269093 1.0 0.565476261886
138081 1.0 0.567821870518
12941 1.0 0.933932142199
478963 1.0 0.573089351172
388876 1.0 0.843991051825
354866 1.0 0.829147789588
135553 1.0 0.519778653425
459622 1.0 0.83493623745
423705 1.0 0.954689612773
193339 1.0 0.608930336691
82788 1.0 0.96933320917
291784 1.0 0.970435824511
332303 1.0 0.890044143877
52102 1.0 0.7631951055
338865 1.0 0.518084651994
386452 1.0 0.806178585835
15198 1.0 0.951662544464
217204 1.0 0.805070853207
244200 1.0 0.542692536231
44133 1.0 0.50966216628
32805 1.0 0.502068363979
502779 1.0 0.503178403508
477344 1.0 0.796837093229
200129 1.0 0.811204365433
190358 1.0 0.967849489624
329080 1.0 0.586442796935
114471 1.0 0.849162560082
428330 1.0 0.812077640819
191941 1.0 0.735371607665
70189 1.0 0.684048211717
470526 1.0 0.621701541252
321836 1.0 0.903412207534
140244 1.0 0.752036970701
7508 1.0 0.902959995791
443363 1.0 0.730051653643
351245 1.0 0.695333119236
108170 1.0 0.977928523375
64619 1.0 0.583684449833
422174 1.0 0.836302076071
205463 1.0 0.534830215029
256393 1.0 0.931124213269
62856 1.0 0.777721876943
214587 1.0 0.736154377137
276247 1.0 0.918229823089
511090 1.0 0.686039106492
472277 1.0 0.658517413049
3190 1.0 0.703498221783
259441 1.0 0.606234122603
248946 1.0 0.579300194231
427355 1.0 0.650159132163
65287 1.0 0.828538549649
168999 1.0 0.750568017058
303371 1.0 0.937784420833
271823 1.0 0.510793165899
163788 1.0 0.99382278912
73261 1.0 0.840090375556
219703 1.0 0.739534745673
315161 1.0 0.720070939433
410222 1.0 0.948603369193
505584 1.0 0.883838603933
34072 1.0 0.619543300111
73298 1.0 0.889227776652
527586 1.0 0.616173732948
328654 1.0 0.724535591891
70449 1.0 0.691215733064
52161 1.0 0.997866235808
118733 1.0 0.643559533502
355092 1.0 0.682532239796
527250 1.0 0.616684303994
26193 1.0 0.833277586456
357875 1.0 0.579220611941
54668 1.0 0.530394720027
352243 1.0 0.543833592679
223510 1.0 0.786118683416
185641 1.0 0.571070295458
471782 1.0 0.619624680483
374304 1.0 0.703002736263
368816 1.0 0.869083873355
218745 1.0 0.967864752538
169046 1.0 0.859835473497
418688 1.0 0.56367810075
45974 1.0 0.970226828692
313474 1.0 0.912379847157
421602 1.0 0.874346596588
334141 1.0 0.688544780152
131481 1.0 0.842683563878
231154 1.0 0.531933208708
78177 1.0 0.95751896263
282387 1.0 0.698398385314
212375 1.0 0.740754194294
409502 1.0 0.747931172686
328377 1.0 0.776646446383
507511 1.0 0.972140103376
9281 1.0 0.709978713728
316612 1.0 0.719654887782
518548 1.0 0.690102503743
413121 1.0 0.901451080123
384379 1.0 0.606973655518
106914 1.0 0.951420012951
390863 1.0 0.695949810475
63172 1.0 0.674991855734
245293 1.0 0.807329151659
24208 1.0 0.507583437713
496738 1.0 0.622381293007
206125 1.0 0.665908406564
32863 1.0 0.746291005866
64511 1.0 0.692939397453
180544 1.0 0.798500571487
475275 1.0 0.573690832559
482324 1.0 0.867344431195
348199 1.0 0.827355935112
220235 1.0 0.79914911336
180973 1.0 0.773537380982
518332 1.0 0.720279776993
2581 1.0 0.622365302904
89317 1.0 0.720694125667
439705 1.0 0.90780799843
210238 1.0 0.903100452844
150818 1.0 0.758404082892
16274 1.0 0.874065011207
316384 1.0 0.891384194944
413905 1.0 0.569433831773
62970 1.0 0.84396214757
32691 1.0 0.995949415768
418172 1.0 0.945246253487
452009 1.0 0.56259193608
356387 1.0 0.670250433851
153832 1.0 0.937374238401
173291 1.0 0.799540146293
245862 1.0 0.927983893979
499334 1.0 0.753258394916
437542 1.0 0.80100155308
170136 1.0 0.993407141075
319517 1.0 0.646749954418
512959 1.0 0.622117644716
233280 1.0 0.873193113857
425136 1.0 0.589334330981
303598 1.0 0.714445136092
186988 1.0 0.512140220356
