100105 1.0 1.80746077762
428795 1.0 1.56093378163
137307 1.0 1.53187485836
164822 1.0 1.76540671381
419335 1.0 1.0699806286
315180 1.0 1.19562685173
156002 1.0 1.63151390711
340252 1.0 1.7544639845
247049 1.0 1.05596347468
323163 1.0 1.80970424859
253500 1.0 1.67094161932
80554 1.0 1.50209673693
343226 1.0 1.81659180907
297619 1.0 1.78488710571
521761 1.0 1.84309429233
353597 1.0 1.21161884146
14555 1.0 1.67217151546
34221 1.0 1.34526206315
357639 1.0 1.25875495462
36807 1.0 1.36991595783
130734 1.0 1.28531105665
340631 1.0 1.40455058818
264158 1.0 1.77882929082
399235 1.0 1.14294377412
27564 1.0 1.00868843233
516055 1.0 1.5217257879
375077 1.0 1.95705606759
104069 1.0 1.94447467389
380459 1.0 1.30419615405
518395 1.0 1.918144464
84902 1.0 1.94619874777
349485 1.0 1.94962904925
373312 1.0 1.40203164544
396870 1.0 1.05333302578
489823 1.0 1.4619836321
194601 1.0 1.51827638988
330317 1.0 1.30601691844
345016 1.0 1.30650840002
419140 1.0 1.68032675619
379485 1.0 1.56852398855
234972 1.0 1.46213019008
139035 1.0 1.67041504722
279252 1.0 1.47056548353
329888 1.0 1.43488930662
392668 1.0 1.58752288722
111040 1.0 1.63933046018
267712 1.0 1.64859999038
143069 1.0 1.53598729566
53639 1.0 1.95126557528
198764 1.0 1.24991723487
445524 1.0 1.38666123492
472944 1.0 1.31627243004
405418 1.0 1.59397031237
227442 1.0 1.12905930989
440059 1.0 1.11107681566
18249 1.0 1.01358836552
55612 1.0 1.62554766331
262246 1.0 1.00666072848
27278 1.0 1.30254333432
174479 1.0 1.45406960511
525769 1.0 1.95625699969
52424 1.0 1.32872991799
334347 1.0 1.1348706473
479893 1.0 1.65406744088
359019 1.0 1.53981722243
107170 1.0 1.25008799848
264535 1.0 1.51697403523
485376 1.0 1.74278550108
159107 1.0 1.51334913552
501084 1.0 1.82180651696
486977 1.0 1.80100115244
202187 1.0 1.5703003483
182016 1.0 1.89571517481
314738 1.0 1.61483325323
3354 1.0 1.27975891323
230187 1.0 1.05203603968
10237 1.0 1.88800045644
236386 1.0 1.82046145656
455615 1.0 1.27009203028
407207 1.0 1.82975936674
203965 1.0 1.88868969809
438982 1.0 1.63918700341
429524 1.0 1.73014003934
112064 1.0 1.82795280558
77861 1.0 1.0432505191
291577 1.0 1.63310702883
324265 1.0 1.17812650906
110877 1.0 1.82467576452
297950 1.0 1.01149012087
136462 1.0 1.87993837172
109594 1.0 1.36708078443
362387 1.0 1.09263310223
324716 1.0 1.14968092269
456248 1.0 1.47057167365
170208 1.0 1.27184986946
469299 1.0 1.86906371088
63239 1.0 1.77521931778
241908 1.0 1.60691089928
147728 1.0 1.01138864271
327828 1.0 1.58119078478
197611 1.0 1.72670289002
401373 1.0 1.94718963233
124953 1.0 1.52329968041
125308 1.0 1.84997647539
314959 1.0 1.01949463813
126622 1.0 1.33837468203
489499 1.0 1.97522506513
359995 1.0 1.15878960653
285964 1.0 1.31392124027
445806 1.0 1.37267337481
521574 1.0 1.4715840005
269564 1.0 1.68115385974
152648 1.0 1.45085868837
139162 1.0 1.71623263496
90471 1.0 1.62803871262
274536 1.0 1.60820439066
20066 1.0 1.62509277475
66893 1.0 1.66177253804
95 1.0 1.23058239279
376182 1.0 1.58268416321
54645 1.0 1.55431605459
137452 1.0 1.86273581155
184404 1.0 1.9172602252
504638 1.0 1.64094271195
361220 1.0 1.26313252062
122375 1.0 1.746607652
488056 1.0 1.65272064873
128896 1.0 1.59578661478
509409 1.0 1.89370056927
280122 1.0 1.51185710947
100910 1.0 1.19545104893
128466 1.0 1.58994706266
229009 1.0 1.39845322429
163354 1.0 1.93324231311
282010 1.0 1.34496582756
172579 1.0 1.49186928227
433865 1.0 1.23927393974
339292 1.0 1.80739235681
37429 1.0 1.09308464076
504909 1.0 1.58212814656
32937 1.0 1.93630704436
353177 1.0 1.02591018799
454381 1.0 1.11793598136
434786 1.0 1.03724902235
299320 1.0 1.08523330377
37691 1.0 1.90985392869
252356 1.0 1.23773954788
440819 1.0 1.39260741294
383474 1.0 1.2283009915
352533 1.0 1.68560034068
520927 1.0 1.72717815322
307347 1.0 1.78390036584
69571 1.0 1.84361792299
499843 1.0 1.99038330451
527931 1.0 1.82668640064
442622 1.0 1.52799413761
374784 1.0 1.68750249963
86954 1.0 1.33876334439
294827 1.0 1.89111787789
42021 1.0 1.20780798595
343352 1.0 1.6513269941
273250 1.0 1.26672584394
164596 1.0 1.82948610205
510505 1.0 1.04817938844
276052 1.0 1.66611678205
83930 1.0 1.24866564058
415277 1.0 1.41470507045
379932 1.0 1.33857768811
466489 1.0 1.87750383334
412976 1.0 1.33629129689
395975 1.0 1.41074475604
337213 1.0 1.66055253952
372565 1.0 1.48952338827
340080 1.0 1.59263437478
309866 1.0 1.0884955869
230380 1.0 1.07330983818
212859 1.0 1.62913977381
396771 1.0 1.3771743868
436191 1.0 1.53093173324
276681 1.0 1.84006410378
128836 1.0 1.97106003243
286439 1.0 1.8687046546
180922 1.0 1.6707388298
204963 1.0 1.89755276605
54860 1.0 1.40873841475
342201 1.0 1.68019659299
345928 1.0 1.22427882049
188468 1.0 1.5012244486
359568 1.0 1.38525282192
190473 1.0 1.50753681973
448568 1.0 1.47485472445
47246 1.0 1.45270724083
230580 1.0 1.13970093501
195159 1.0 1.65725202796
447231 1.0 1.35291201887
440539 1.0 1.29644597161
26565 1.0 1.27458218268
481396 1.0 1.21766429317
443949 1.0 1.59276759394
324434 1.0 1.56030503984
481340 1.0 1.87746069952
12478 1.0 1.93894897031
342365 1.0 1.12739274767
500265 1.0 1.02556829111
397299 1.0 1.52549205555
431549 1.0 1.67624000545
183340 1.0 1.47095317829
17420 1.0 1.8494676913
141784 1.0 1.80618931775
141035 1.0 1.66109431383
307547 1.0 1.23128431958
65438 1.0 1.95929740178
195489 1.0 1.59884638616
340455 1.0 1.96012115476
364800 1.0 1.40569537848
237676 1.0 1.28086993987
493589 1.0 1.07681571463
320522 1.0 1.04074801003
53905 1.0 1.36749576678
510137 1.0 1.69728017986
340823 1.0 1.39772319261
424363 1.0 1.36485743836
92670 1.0 1.2355152428
261054 1.0 1.96608845452
154295 1.0 1.06075076203
97620 1.0 1.04029414407
253853 1.0 1.21412298987
468953 1.0 1.01890730042
485065 1.0 1.60667982465
464605 1.0 1.10761259515
25836 1.0 1.2482841104
219214 1.0 1.72943858429
239154 1.0 1.54167898533
521220 1.0 1.83076384711
10366 1.0 1.77285754481
223380 1.0 1.28666214414
176481 1.0 1.91257888105
467797 1.0 1.04910851156
11261 1.0 1.66115296839
330353 1.0 1.51911049308
49668 1.0 1.21697640005
367063 1.0 1.53393865295
45743 1.0 1.02947696207
345431 1.0 1.91149913778
497044 1.0 1.73272698038
77067 1.0 1.58739263857
283351 1.0 1.7426129678
259495 1.0 1.68644797759
104413 1.0 1.32442437541
196303 1.0 1.15730883995
166158 1.0 1.41607189512
492026 1.0 1.59816550531
206034 1.0 1.38963674044
89117 1.0 1.81396014632
106270 1.0 1.0382328755
428478 1.0 1.75405663544
204598 1.0 1.86648973888
85175 1.0 1.5263949311
439559 1.0 1.85406319842
311613 1.0 1.83680403061
144085 1.0 1.9759496087
486423 1.0 1.69042426626
86130 1.0 1.30742842136
457433 1.0 1.26290911467
68138 1.0 1.52767938393
28668 1.0 1.44639358639
525035 1.0 1.13740232786
233674 1.0 1.84647145219
319951 1.0 1.02614248842
416558 1.0 1.08898195196
412812 1.0 1.3375288912
311832 1.0 1.57022412716
406364 1.0 1.26602303296
206201 1.0 1.27143697417
318178 1.0 1.29346772239
199195 1.0 1.62572874206
15615 1.0 1.94339189281
168928 1.0 1.44313692949
35305 1.0 1.43163379959
304249 1.0 1.8827526197
317514 1.0 1.76168598032
111860 1.0 1.42405457768
510540 1.0 1.63768000003
25474 1.0 1.89449353061
486698 1.0 1.21681677097
171222 1.0 1.78738340357
11467 1.0 1.01419606738
59173 1.0 1.48622571691
4762 1.0 1.34663200507
489508 1.0 1.22313213253
500666 1.0 1.1124244391
512646 1.0 1.04126571857
499529 1.0 1.67660599342
310143 1.0 1.04738685276
336800 1.0 1.74829759806
58347 1.0 1.98994091669
351464 1.0 1.7518674335
457494 1.0 1.22501863855
90597 1.0 1.8750688328
294543 1.0 1.55698800294
232704 1.0 1.17343564052
333622 1.0 1.85224653234
184053 1.0 1.75006435464
262266 1.0 1.40894052583
61366 1.0 1.00021538461
207547 1.0 1.42196460661
512348 1.0 1.63888420248
222376 1.0 1.19804874023
3348 1.0 1.65941946878
468065 1.0 1.76871880546
169598 1.0 1.27149365566
71956 1.0 1.24963603133
92576 1.0 1.91360504957
79512 1.0 1.04119871926
518529 1.0 1.68928089895
403540 1.0 1.7662230378
346970 1.0 1.08482258739
330581 1.0 1.1771831481
138393 1.0 1.38248573837
246470 1.0 1.58290211019
273375 1.0 1.56551320015
398483 1.0 1.5960123036
437216 1.0 1.68879502321
387323 1.0 1.96280837642
27953 1.0 1.56907370849
400405 1.0 1.13781038621
327585 1.0 1.51389464254
304322 1.0 1.20548456686
455683 1.0 1.09017212628
69182 1.0 1.73342545523
328818 1.0 1.81968061874
251759 1.0 1.02501629026
212877 1.0 1.4637594767
229769 1.0 1.55307557128
219517 1.0 1.3795945399
417072 1.0 1.90504451138
337191 1.0 1.29757103951
415167 1.0 1.27772071069
178019 1.0 1.78378540526
111632 1.0 1.10247846484
320155 1.0 1.39822036382
189412 1.0 1.75279780588
524850 1.0 1.38946580619
372770 1.0 1.10455415853
65783 1.0 1.28950414296
127114 1.0 1.34432837679
48819 1.0 1.34091415692
389258 1.0 1.42651949495
484945 1.0 1.95376373968
468068 1.0 1.50923340499
372418 1.0 1.15923396672
120743 1.0 1.66196777977
489643 1.0 1.47504088654
393340 1.0 1.96540152938
112218 1.0 1.17387604863
119175 1.0 1.14758515499
245606 1.0 1.3061952292
329892 1.0 1.95275873258
460172 1.0 1.59028330711
135422 1.0 1.40623983818
50135 1.0 1.20084537567
91677 1.0 1.82657876307
155179 1.0 1.44373825251
289568 1.0 1.37596153362
488226 1.0 1.7767394941
220687 1.0 1.37527429995
154881 1.0 1.76577693005
222447 1.0 1.14001113982
72295 1.0 1.83770406584
342822 1.0 1.34906953189
466514 1.0 1.72969438093
484577 1.0 1.68614590091
505035 1.0 1.00778679277
519539 1.0 1.75108400387
414428 1.0 1.512946453
4192 1.0 1.29549891166
58822 1.0 1.12868444033
444650 1.0 1.01188516877
37882 1.0 1.75697837213
204264 1.0 1.49487640097
367606 1.0 1.29808515049
98679 1.0 1.39343924322
291027 1.0 1.6012250819
161577 1.0 1.52833237829
131158 1.0 1.74773487939
514405 1.0 1.25254664878
2003 1.0 1.3813367583
309549 1.0 1.01055091464
478074 1.0 1.43305620625
458549 1.0 1.62572388012
144976 1.0 1.73406208886
327092 1.0 1.23932626576
471008 1.0 1.12802236903
433875 1.0 1.68225769727
241730 1.0 1.81877302523
255528 1.0 1.1607008684
283247 1.0 1.73505157073
123934 1.0 1.36518937642
83262 1.0 1.34606098246
234158 1.0 1.69912278155
205362 1.0 1.01868515914
400817 1.0 1.61526466551
194462 1.0 1.55524056155
289458 1.0 1.27077928191
178765 1.0 1.51241813489
226771 1.0 1.0833789535
67307 1.0 1.62922164176
430318 1.0 1.72241305069
277304 1.0 1.5437651993
368732 1.0 1.19043122125
441409 1.0 1.14470650468
377699 1.0 1.98125611589
333311 1.0 1.97087791227
288578 1.0 1.51309180919
115509 1.0 1.40094471518
317601 1.0 1.97150825066
487935 1.0 1.02967454595
106197 1.0 1.51972791006
430509 1.0 1.21808640496
210936 1.0 1.41749916546
192094 1.0 1.25415911306
477727 1.0 1.25987257816
484672 1.0 1.32289873935
320626 1.0 1.07611445607
211145 1.0 1.13724869958
500240 1.0 1.68520415437
83423 1.0 1.38180667509
230422 1.0 1.73919945507
8705 1.0 1.3874685059
11181 1.0 1.22534753699
90976 1.0 1.47678253219
394575 1.0 1.72251274612
389553 1.0 1.47441462151
339527 1.0 1.96839524859
423831 1.0 1.37704413568
204881 1.0 1.95795241669
236733 1.0 1.26606975419
60223 1.0 1.00469207178
523503 1.0 1.12567126996
302389 1.0 1.39037651679
217139 1.0 1.09453217984
370646 1.0 1.42026724335
118788 1.0 1.7707837989
441883 1.0 1.83969780391
433482 1.0 1.33713973693
80426 1.0 1.60979117121
374389 1.0 1.03534574854
123635 1.0 1.89003179283
185065 1.0 1.07633653979
472677 1.0 1.37558401425
354622 1.0 1.04351512376
497608 1.0 1.22825754276
195597 1.0 1.15565488441
170233 1.0 1.64913156567
518294 1.0 1.76131731686
385591 1.0 1.6067532586
334329 1.0 1.72892133961
292509 1.0 1.37148740698
195331 1.0 1.08195565907
527332 1.0 1.66194095146
308549 1.0 1.2497439476
121162 1.0 1.8135574048
414254 1.0 1.9329747019
264437 1.0 1.63313819504
362199 1.0 1.43665545243
407555 1.0 1.63954123105
58550 1.0 1.67721520601
521510 1.0 1.57470340665
116838 1.0 1.95039743133
245976 1.0 1.28924278837
511958 1.0 1.63278710184
151635 1.0 1.63228048694
276395 1.0 1.47301755232
406055 1.0 1.4185480634
96874 1.0 1.9092770174
316836 1.0 1.02560426036
521248 1.0 1.54596024115
202587 1.0 1.78852231581
503474 1.0 1.95916657742
214349 1.0 1.5861267172
418150 1.0 1.65155736576
441878 1.0 1.39360565428
25854 1.0 1.96421812806
317079 1.0 1.88618567564
271385 1.0 1.19250793704
144215 1.0 1.17992344775
59835 1.0 1.33581702654
40112 1.0 1.86757272016
443460 1.0 1.31171867257
3581 1.0 1.17456696224
7496 1.0 1.94986087193
97037 1.0 1.70386751953
527237 1.0 1.35718704578
180192 1.0 1.78397516132
280368 1.0 1.72213755724
406240 1.0 1.22939661043
516434 1.0 1.03416066985
115799 1.0 1.16043897738
190642 1.0 1.07863263266
155752 1.0 1.14531381683
136767 1.0 1.90441194871
455868 1.0 1.37613151404
173091 1.0 1.15667248634
428390 1.0 1.75694437454
472888 1.0 1.31665009346
565 1.0 1.72725393169
5935 1.0 1.38881927851
256556 1.0 1.96051588328
413643 1.0 1.84030561433
128805 1.0 1.49746470644
143529 1.0 1.6535360924
356727 1.0 1.01309219589
357904 1.0 1.98931978574
489584 1.0 1.66830007536
280811 1.0 1.78749319674
31260 1.0 1.11639179225
429722 1.0 1.07826941806
120075 1.0 1.74839756064
426647 1.0 1.1651614209
269653 1.0 1.37744259643
306207 1.0 1.73835719474
71956 1.0 1.90147726081
248356 1.0 1.20394053229
221151 1.0 1.49580804015
289134 1.0 1.82679351836
207255 1.0 1.78318587762
175629 1.0 1.37945705698
51304 1.0 1.63547507817
200076 1.0 1.48583598104
17128 1.0 1.02853451229
330563 1.0 1.48042283108
206027 1.0 1.17568593855
142959 1.0 1.67110231595
335269 1.0 1.68695047685
494524 1.0 1.48317782471
167855 1.0 1.01015545846
385052 1.0 1.29017169093
74508 1.0 1.27357445509
454539 1.0 1.55392332833
15389 1.0 1.29796802771
254871 1.0 1.06853736307
362547 1.0 1.84912852363
464929 1.0 1.07448296505
161605 1.0 1.13652440447
352525 1.0 1.30340400753
99729 1.0 1.96579811182
234610 1.0 1.84833943872
302075 1.0 1.31746603561
175390 1.0 1.44715790217
250467 1.0 1.52890006668
253477 1.0 1.26855510314
17857 1.0 1.87237086125
358078 1.0 1.69393685699
176128 1.0 1.43803086227
12568 1.0 1.42828948128
235457 1.0 1.5983150942
97151 1.0 1.30515255152
445103 1.0 1.09876918697
54299 1.0 1.4273154577
413284 1.0 1.08261282551
122526 1.0 1.71697070716
135656 1.0 1.96810637325
525618 1.0 1.37683142971
165987 1.0 1.48679507303
266725 1.0 1.403339229
476355 1.0 1.16556907396
434978 1.0 1.12061823737
523006 1.0 1.06684100554
319224 1.0 1.93145891875
38723 1.0 1.72939033891
145879 1.0 1.92661770723
221385 1.0 1.22040743817
350330 1.0 1.12700649892
61181 1.0 1.05172243587
417301 1.0 1.21290841917
221581 1.0 1.72723296539
435751 1.0 1.17213720074
435434 1.0 1.40357039883
124655 1.0 1.22891545893
446647 1.0 1.13323349837
356174 1.0 1.27493213871
466705 1.0 1.5167381344
265282 1.0 1.3882657066
396827 1.0 1.94604047575
444543 1.0 1.53116471178
74127 1.0 1.46175692814
481006 1.0 1.61335913468
116118 1.0 1.82448024803
500545 1.0 1.9413139809
522056 1.0 1.53088547082
474275 1.0 1.8991352399
324553 1.0 1.57383404787
217088 1.0 1.05332606652
266015 1.0 1.56185791604
421257 1.0 1.44892306938
110513 1.0 1.2633360765
513338 1.0 1.84553443915
151674 1.0 1.6580261326
215727 1.0 1.32656699796
320562 1.0 1.55139543866
87489 1.0 1.857343773
470864 1.0 1.89776478669
378383 1.0 1.80095142335
14644 1.0 1.94161274464
205611 1.0 1.34528056958
471968 1.0 1.23696925437
480808 1.0 1.30148005926
14564 1.0 1.31313412444
313533 1.0 1.86919178353
94282 1.0 1.03559110187
229916 1.0 1.58498653363
349794 1.0 1.10483088613
362449 1.0 1.34363844376
506969 1.0 1.70795699275
45408 1.0 1.83495022633
297392 1.0 1.00982540787
354083 1.0 1.99569726823
420660 1.0 1.06831913409
349669 1.0 1.81027098759
349802 1.0 1.6123624664
487707 1.0 1.60325357059
161645 1.0 1.07774243473
509422 1.0 1.07870460217
166883 1.0 1.45907226586
31538 1.0 1.11046758585
259341 1.0 1.44648946362
196558 1.0 1.91814999264
218811 1.0 1.41458484037
75467 1.0 1.05656612823
315217 1.0 1.91990962649
384253 1.0 1.43389605517
212083 1.0 1.41938592933
463542 1.0 1.25030637433
317579 1.0 1.51006201352
467089 1.0 1.65626167298
258399 1.0 1.43391629538
432079 1.0 1.23984369883
221331 1.0 1.06846960723
471223 1.0 1.66120183176
462122 1.0 1.68531336709
272401 1.0 1.51597626774
43878 1.0 1.93422575731
22608 1.0 1.59344913336
153642 1.0 1.99834053398
356029 1.0 1.84566063171
492855 1.0 1.57655562353
212608 1.0 1.36120511284
493384 1.0 1.42262161342
190047 1.0 1.53901701574
127842 1.0 1.16836427369
320690 1.0 1.7290091999
452365 1.0 1.93292237212
3279 1.0 1.6836290098
286483 1.0 1.78340011536
226963 1.0 1.16903705171
117216 1.0 1.67579494731
82036 1.0 1.68038045343
40214 1.0 1.98046482057
52098 1.0 1.41299071294
75708 1.0 1.01934088303
120505 1.0 1.00675008506
146654 1.0 1.57775234184
19443 1.0 1.27796833096
440769 1.0 1.36736417549
103680 1.0 1.28934927917
951 1.0 1.6795094522
175106 1.0 1.28428368713
363882 1.0 1.36785481567
486907 1.0 1.34410398855
171483 1.0 1.63684048298
202173 1.0 1.25041515559
241089 1.0 1.86834699135
297935 1.0 1.31379075871
209226 1.0 1.95775117858
34871 1.0 1.77654849342
178978 1.0 1.07999670951
161855 1.0 1.30193419099
144106 1.0 1.37625507843
499404 1.0 1.75564854777
488378 1.0 1.4769854116
102370 1.0 1.4007131096
352564 1.0 1.26163314871
392863 1.0 1.91214749196
387775 1.0 1.83392756465
501640 1.0 1.35211030438
93060 1.0 1.41038986273
59857 1.0 1.34594458973
225309 1.0 1.94120472522
117025 1.0 1.73221509898
402943 1.0 1.34203879344
92036 1.0 1.12043952255
278559 1.0 1.52043535062
281537 1.0 1.07193622617
78801 1.0 1.28138336736
400101 1.0 1.77333047321
364387 1.0 1.2568435225
197585 1.0 1.95234972853
269284 1.0 1.6305822625
276055 1.0 1.64825221466
245242 1.0 1.08254077135
218207 1.0 1.97666159611
504138 1.0 1.47011954477
360558 1.0 1.34573928544
320316 1.0 1.13104013004
390214 1.0 1.98225410757
84700 1.0 1.73523214788
333628 1.0 1.32861745605
321405 1.0 1.49795992858
74969 1.0 1.57704834736
57024 1.0 1.96276683496
461529 1.0 1.80907393788
475556 1.0 1.91918853513
188977 1.0 1.76844525476
150365 1.0 1.66233787388
244020 1.0 1.89888949643
149449 1.0 1.13119905334
268973 1.0 1.9611524561
414436 1.0 1.31747939787
33918 1.0 1.27357867608
321866 1.0 1.49080150886
52652 1.0 1.69235391941
391115 1.0 1.79646045239
506573 1.0 1.01790426027
274990 1.0 1.39563951479
511040 1.0 1.91213784651
402691 1.0 1.28955273111
420556 1.0 1.03801807986
29255 1.0 1.74633935383
94332 1.0 1.46045654787
435955 1.0 1.31958727377
183373 1.0 1.79311561656
106537 1.0 1.08321851349
285225 1.0 1.69150489947
300077 1.0 1.28554163561
136816 1.0 1.22421127486
429007 1.0 1.47279924642
122142 1.0 1.52345605969
214525 1.0 1.14568619375
323696 1.0 1.34998261111
351923 1.0 1.41473645101
502557 1.0 1.3499996757
525471 1.0 1.79618612318
24014 1.0 1.16999832112
26886 1.0 1.7705346383
335417 1.0 1.71471996898
100238 1.0 1.1214042186
384963 1.0 1.29083388997
358301 1.0 1.09158370708
175527 1.0 1.86376300814
209348 1.0 1.68984233756
402534 1.0 1.07947766981
253794 1.0 1.46735695622
187638 1.0 1.3528061141
107547 1.0 1.52431100542
378261 1.0 1.45421150796
478734 1.0 1.84960606684
285383 1.0 1.19690435178
430055 1.0 1.75104323129
396310 1.0 1.69864803265
466961 1.0 1.16818820269
162385 1.0 1.2237308929
474125 1.0 1.26008433724
464013 1.0 1.97445543022
336528 1.0 1.19490075829
474763 1.0 1.34007194328
227965 1.0 1.94058699508
112919 1.0 1.23855326874
317942 1.0 1.83320220196
495300 1.0 1.85721893978
258139 1.0 1.18176612922
176174 1.0 1.3697266362
346589 1.0 1.44155031354
316222 1.0 1.28885386281
447713 1.0 1.49186218354
432214 1.0 1.81896912281
135985 1.0 1.00051525844
358648 1.0 1.77493449429
350015 1.0 1.73844474601
182084 1.0 1.20401329873
454627 1.0 1.44145500854
469425 1.0 1.65063474258
18135 1.0 1.08158157755
308866 1.0 1.80229927337
353192 1.0 1.02793196728
20526 1.0 1.86317287839
400135 1.0 1.30017695251
279536 1.0 1.96021070502
52625 1.0 1.35860162737
72423 1.0 1.70290263913
216006 1.0 1.28658743909
294278 1.0 1.4483037545
473893 1.0 1.11480212745
196945 1.0 1.77006965855
353788 1.0 1.3378666024
423215 1.0 1.10319885148
522570 1.0 1.27031006153
229585 1.0 1.99124808479
172633 1.0 1.31664998178
302694 1.0 1.07938770019
257110 1.0 1.14310897512
394734 1.0 1.84184903976
328824 1.0 1.17056085771
170807 1.0 1.56288591723
65693 1.0 1.34312052052
139343 1.0 1.15697760704
77901 1.0 1.69825395727
158908 1.0 1.21151244677
37825 1.0 1.23180459535
237657 1.0 1.39094965264
372732 1.0 1.05512554197
486742 1.0 1.35690714208
216452 1.0 1.05496802209
249312 1.0 1.57895492778
116067 1.0 1.13876670483
461580 1.0 1.93249522776
444314 1.0 1.70322584514
382023 1.0 1.85982592358
253504 1.0 1.12275884311
370006 1.0 1.29447241221
247242 1.0 1.09810497755
243559 1.0 1.43937879643
483609 1.0 1.18602142026
322883 1.0 1.16940290042
175225 1.0 1.3077230092
217984 1.0 1.31407227087
372853 1.0 1.61806626355
86067 1.0 1.32015142073
207671 1.0 1.13674651532
151468 1.0 1.60059949722
162099 1.0 1.82391722961
466290 1.0 1.62284071407
178041 1.0 1.24439294116
112128 1.0 1.22586713814
20778 1.0 1.81235855489
118623 1.0 1.61314351125
20493 1.0 1.12176695327
133712 1.0 1.35268278726
516833 1.0 1.84901991516
150850 1.0 1.60399942601
508379 1.0 1.56664647011
424723 1.0 1.97185044324
287847 1.0 1.11541331461
178952 1.0 1.87694666654
455955 1.0 1.94264222021
331027 1.0 1.13535358013
28454 1.0 1.84991106938
337409 1.0 1.00020543094
228451 1.0 1.37374341264
278382 1.0 1.38314538554
173223 1.0 1.7519966504
78504 1.0 1.61252751203
210929 1.0 1.3734674332
212592 1.0 1.10593787939
516574 1.0 1.10551974006
76298 1.0 1.77576485085
399367 1.0 1.69118692342
35332 1.0 1.17519408614
177522 1.0 1.83595978995
268781 1.0 1.94356695927
106754 1.0 1.26910985317
69892 1.0 1.50510911067
40357 1.0 1.89855040584
75323 1.0 1.44917594593
485347 1.0 1.06411058022
392334 1.0 1.19345628135
156461 1.0 1.07754129298
383765 1.0 1.19090852616
117817 1.0 1.02499818246
338965 1.0 1.45370868324
314897 1.0 1.58757366525
341275 1.0 1.17712343905
291519 1.0 1.12139851334
125091 1.0 1.44020421588
507698 1.0 1.55561883041
96707 1.0 1.86907944128
69678 1.0 1.96204402448
100377 1.0 1.43825980823
121510 1.0 1.75771616862
167535 1.0 1.81012621414
387395 1.0 1.66542174964
168516 1.0 1.89201093033
37298 1.0 1.93052627533
434146 1.0 1.13161389129
91002 1.0 1.90486256973
498940 1.0 1.42720953598
133 1.0 1.81813350953
346421 1.0 1.51118905445
135184 1.0 1.42112432505
289940 1.0 1.69370375482
304219 1.0 1.12323792025
328468 1.0 1.00222113795
345456 1.0 1.57216656024
435980 1.0 1.27327828541
203525 1.0 1.89045430686
68096 1.0 1.00467524903
255754 1.0 1.09774718041
85480 1.0 1.77628822542
381402 1.0 1.94625514603
522331 1.0 1.22814212477
3138 1.0 1.23688550005
199935 1.0 1.82695540468
146110 1.0 1.51066767513
285418 1.0 1.46150736026
216258 1.0 1.35682983549
167705 1.0 1.78947711807
216071 1.0 1.06744234929
291387 1.0 1.73308227449
165864 1.0 1.77683629162
415655 1.0 1.85126799195
170058 1.0 1.50991629904
5797 1.0 1.30193658649
482679 1.0 1.38455726715
460444 1.0 1.98483146068
459343 1.0 1.54046811752
248931 1.0 1.44068001398
403870 1.0 1.33676809899
126589 1.0 1.02934392647
406385 1.0 1.76638924303
328251 1.0 1.60038707121
355282 1.0 1.43792460323
71808 1.0 1.0197129205
355997 1.0 1.59942479121
326678 1.0 1.68869451523
457271 1.0 1.39352829301
367483 1.0 1.50262529964
389963 1.0 1.05524904508
449180 1.0 1.30442707689
307508 1.0 1.00202672376
434685 1.0 1.44555866652
458987 1.0 1.37978973759
300828 1.0 1.81741871843
510200 1.0 1.88494102393
452630 1.0 1.00804470114
102620 1.0 1.71109376984
32015 1.0 1.65205454818
94910 1.0 1.01872486716
246223 1.0 1.47758000741
54241 1.0 1.59047929134
522409 1.0 1.92517837859
130961 1.0 1.24254337426
291468 1.0 1.36122235073
493582 1.0 1.48604372752
56021 1.0 1.34766541789
290752 1.0 1.69145145696
245497 1.0 1.39021095662
266753 1.0 1.05325799694
265271 1.0 1.59917084875
445902 1.0 1.63319684884
396265 1.0 1.24209917189
89031 1.0 1.96791501427
231009 1.0 1.12406465108
456243 1.0 1.11013231887
249118 1.0 1.65254553025
448071 1.0 1.75767363761
519634 1.0 1.66258268441
433712 1.0 1.80574681975
493483 1.0 1.23941550664
387607 1.0 1.64451538781
407977 1.0 1.43868644374
229381 1.0 1.11416031511
40342 1.0 1.08205228371
390615 1.0 1.83518023551
126715 1.0 1.59717328683
238284 1.0 1.30405816044
132684 1.0 1.08838593735
4072 1.0 1.12202389736
172743 1.0 1.13341279351
442966 1.0 1.40411390319
18760 1.0 1.22147229914
24554 1.0 1.72223018857
379674 1.0 1.32704875325
400384 1.0 1.45177089573
345603 1.0 1.03762851605
352720 1.0 1.37538315218
478751 1.0 1.25820992198
287306 1.0 1.83807661269
315737 1.0 1.30737641811
212002 1.0 1.67771185367
372080 1.0 1.23752474345
311954 1.0 1.8940859022
84189 1.0 1.52803807147
310809 1.0 1.58306268423
294654 1.0 1.97673163057
508475 1.0 1.45326881989
226952 1.0 1.44439028247
350516 1.0 1.96072106053
328725 1.0 1.1194518974
360144 1.0 1.9783279998
510637 1.0 1.70030123473
146988 1.0 1.06786551786
298697 1.0 1.58354250021
520497 1.0 1.28663438996
425790 1.0 1.177961075
69287 1.0 1.79178683935
180194 1.0 1.55696676673
79160 1.0 1.09958278652
309891 1.0 1.00775601568
299387 1.0 1.00965099845
175823 1.0 1.32378771986
513448 1.0 1.12516540442
