28713 126446 0.557405605505
109688 56124 0.511676946359
210386 29426 0.590064053314
262063 2342 0.562620162227
136288 174906 0.517071991731
238884 245570 0.569262850201
13807 200803 0.569264591305
8847 244005 0.521902920647
144459 110784 0.528246242836
24235 256772 0.533916658145
218188 78567 0.538415226017
199855 14174 0.594932435255
189142 165156 0.544950295501
223184 141560 0.568457908267
27025 209433 0.517085365181
68521 75971 0.566313587212
147180 49425 0.53263341993
12601 39468 0.581313409194
179592 200136 0.58484697387
20304 19903 0.507717417239
223809 121547 0.519781003801
166892 151459 0.54940693748
123138 53984 0.554043422934
56641 42828 0.543446814504
259867 9486 0.560403526719
11398 40008 0.526524638342
220715 81299 0.542518093404
40103 106035 0.590366314652
84916 63968 0.505780441362
19247 198968 0.537836029627
207663 152965 0.594308228264
136705 152127 0.571864687292
160063 163363 0.512532850258
180581 252804 0.500216068637
25846 125244 0.583001107651
87231 68736 0.54723084693
38207 136905 0.533595015156
73841 68973 0.563563504145
218711 135537 0.50076063749
137890 2302 0.537092021368
114465 94114 0.581942796862
149199 28830 0.574231172761
128000 24071 0.520531126809
131748 81051 0.550790167339
81428 68733 0.551409488618
206976 21260 0.513053854737
129892 23705 0.56161023199
24377 38859 0.53023810508
107399 97957 0.589925555512
21940 36772 0.523548044971
33281 49598 0.520342098802
68213 73983 0.586363017782
178897 195394 0.597499606737
246673 198160 0.523468183571
126684 76157 0.57675906314
77030 86499 0.503227217037
178878 177461 0.559397348605
207471 104559 0.510055606872
104258 199704 0.500786343247
46105 149219 0.55726627548
161116 211961 0.551160673496
48819 222629 0.536790507262
230500 250871 0.58405870705
93777 38915 0.522507580438
49482 17121 0.561197570599
125465 94943 0.589766828728
22088 207447 0.53335819068
213920 160619 0.560092396466
161550 195717 0.588068502522
18152 108865 0.537925874678
35576 71588 0.527367699134
219619 186375 0.530252180774
133468 7350 0.540241119911
37401 106570 0.505827345948
22276 130055 0.505356229213
235571 134964 0.515385639891
149780 207075 0.537716232045
68134 90687 0.519913402858
154671 195727 0.55839782225
208368 179969 0.529368924902
133476 239920 0.501588721091
51131 15486 0.550097964313
7044 102421 0.504294780624
102218 36497 0.541466692764
53918 94536 0.553595665169
67295 42385 0.579567471911
156725 208122 0.550466187614
229107 103686 0.595305945057
86336 73610 0.519877719892
112848 43014 0.500184421589
183306 187453 0.536070434015
220535 122436 0.534945899211
126719 197288 0.583285211875
150254 218887 0.529831244101
143844 153296 0.502158520005
58415 45311 0.599722559885
211823 216017 0.552098663617
113419 46158 0.523039184869
125809 148351 0.588622692802
121530 29141 0.540562180901
201258 13522 0.5933396242
133556 261180 0.528511327928
246810 141043 0.539459530031
104657 143931 0.534029551269
101841 33660 0.503284485579
154664 207687 0.557716611298
50643 240705 0.583107550365
210858 249304 0.543353869129
170709 175987 0.55907512518
244474 13944 0.561174088692
185119 252061 0.534095976244
190573 166859 0.517943307386
190055 250389 0.548411945056
59807 102170 0.512395206775
14831 106080 0.502278243692
217418 74861 0.574664374888
247292 187483 0.547230833511
260120 231206 0.590635288207
52815 93187 0.508370247124
187572 41788 0.556526401017
146755 23554 0.514125599584
113112 204499 0.503911716252
233769 112883 0.54425291681
36307 23210 0.580804394089
173562 212274 0.583549790992
208906 188179 0.511117777844
23719 38470 0.549797219248
41717 51822 0.572730295724
23133 217319 0.50902235263
50504 23278 0.500276571019
138513 244105 0.510466005189
178599 172443 0.539435467513
102330 37182 0.561338555138
221572 39699 0.503366458476
165976 148275 0.56933445826
146023 224409 0.572407193096
202272 159682 0.545496748722
202137 132162 0.595481819663
39698 222741 0.570156814843
217928 53047 0.517326069694
222503 49596 0.57441214642
148592 215458 0.591100226133
22738 190383 0.578273916805
144967 187895 0.556446278762
150007 126713 0.574352941541
20423 69973 0.599608669991
78304 116557 0.546921103427
29230 97941 0.534983695617
53143 223926 0.562173930142
111756 123261 0.562149424807
68225 37533 0.560558008478
53888 20858 0.507159459428
140472 127143 0.582845241063
139635 216950 0.589965400224
206860 215191 0.537761751211
144361 156282 0.50045935142
127954 49940 0.517135350058
190817 171317 0.556460495417
9446 135244 0.507241315935
51942 21711 0.561634355101
70529 119547 0.593435743453
150589 264340 0.540546074223
13307 252782 0.555122814965
256763 201134 0.554325035577
194568 174452 0.583913870169
227170 113449 0.509745795268
182442 251822 0.555581735216
17693 249089 0.519066428166
134605 184827 0.53895600172
120790 35619 0.563424270315
30019 17935 0.552997617098
137974 146080 0.543534238935
253373 176389 0.518728172132
115475 190859 0.506665245042
174213 144330 0.582134031008
235298 24960 0.525833879352
140814 222059 0.57483923622
249464 7970 0.503616550652
23066 107620 0.544949955675
166246 253640 0.588982688357
108262 131230 0.516979672936
157736 213453 0.567860787646
151282 205918 0.598595487024
258654 189178 0.507656991614
111657 199004 0.594914471675
195031 104738 0.518402478824
233140 32876 0.571182597088
15175 133940 0.592027380764
112691 101587 0.510461621389
143770 182818 0.579246779775
24288 210787 0.584248312428
254466 33868 0.568405401348
65927 220725 0.51851678264
47071 63650 0.521928201464
111345 99777 0.587812313258
50200 133078 0.587688884119
104418 204227 0.586835072343
262693 5911 0.569697212175
43808 141109 0.511333251355
39208 218281 0.541783609851
249861 229351 0.549452879911
195918 39517 0.583366133837
69826 104237 0.543925127893
149012 167880 0.59938961391
15155 98182 0.553890404833
39600 151224 0.558708943884
243148 236544 0.579551922578
201957 173289 0.587593294202
217197 38111 0.528059189503
45280 68326 0.559383199794
198524 162515 0.547645839239
170756 142335 0.566681654342
105812 94848 0.566060488959
25535 254731 0.503889822508
33887 49572 0.523353828132
105102 101366 0.525058083622
37448 215597 0.584814535868
14741 198985 0.580196386981
207256 138882 0.506312710574
138321 104969 0.504281439764
182586 252353 0.568518082491
214878 15561 0.559341767033
231606 16890 0.564205489892
52342 69806 0.581550247557
264344 232158 0.517184447955
263903 208413 0.52118653716
196717 54238 0.592434357022
187631 145177 0.561500642323
99670 104923 0.526897640545
52337 248933 0.569373176998
136668 29328 0.551591172978
32208 46776 0.546509342937
33127 250740 0.51014539112
232050 113901 0.504912355027
138588 157845 0.542451597148
200587 256573 0.573579571477
93963 26719 0.571465003911
218557 212364 0.573678724635
95433 41433 0.584261923498
228607 242539 0.564307778109
188455 120701 0.558542553494
25448 246125 0.559774809912
68573 38341 0.541460046036
44449 68490 0.576560435932
211530 222783 0.547050769122
214906 180000 0.596653201666
257526 4583 0.576318744581
52508 253108 0.54464315017
127986 76527 0.561393027802
60273 41613 0.541083526264
217696 74314 0.506485283204
246848 236814 0.52562857143
40519 103108 0.539489255707
196400 20275 0.507205205257
144652 43562 0.518548757299
39809 208314 0.557606831675
251263 228739 0.573469841045
133432 203859 0.548524218849
260014 229805 0.560947171452
109990 131815 0.524394143424
139934 213928 0.502878966254
142013 70149 0.513328173881
203938 130553 0.518924913982
133851 259877 0.516219692226
36496 58760 0.536599364824
31959 115980 0.540296886571
92771 33570 0.523912730716
248413 214930 0.5516772888
205969 149064 0.595677940759
124676 79604 0.509626282498
92057 99561 0.526477868841
132068 104194 0.535945259846
236106 245242 0.540915508007
247503 238323 0.591913083087
14344 213857 0.53900185082
70571 74008 0.52654849296
41041 136104 0.511198881706
163151 144426 0.588672334068
48331 196664 0.552191970408
217947 125853 0.585850953138
187394 44267 0.52200052908
67376 29377 0.547722322492
36378 233968 0.589101821394
104554 97799 0.584541180153
166744 251360 0.574274530178
122208 103468 0.555571635672
153566 205413 0.531734778133
34361 47551 0.505411219837
251104 206699 0.532168439196
38215 121900 0.5596714666
54703 144832 0.505484643227
53941 207062 0.512667153144
205465 251254 0.521002090324
224631 46123 0.528888663275
223859 101204 0.598420792055
216750 195811 0.589369954215
147714 203344 0.53993870031
189761 169704 0.545023362768
245637 209473 0.536800289786
226996 13311 0.500663157746
162219 181069 0.577790804674
88511 127609 0.599709394784
220357 63962 0.577858743199
134320 180128 0.533649787676
174413 190476 0.558826474844
122470 78129 0.558426186319
40542 253328 0.539245096097
186765 9444 0.509852512074
181462 241523 0.571739630842
126301 186574 0.590922992295
148647 218343 0.592315391258
27275 92111 0.521200549788
211129 222753 0.572204481471
134265 38274 0.517161163353
141006 212727 0.501234814084
49272 142624 0.540026751203
17155 144436 0.599408041342
201982 55654 0.560579402975
115754 34938 0.519335205607
147401 207592 0.525061456502
154378 149079 0.542802621824
55235 105714 0.576823193615
222094 205732 0.513148632912
153007 149964 0.592024140178
221515 125464 0.556669497122
145160 174241 0.547132812038
178184 202501 0.585366545917
61782 130694 0.584591602965
150790 54526 0.556051233164
31395 37332 0.569461227493
217979 90836 0.572118077993
124361 223100 0.515154281372
184421 246361 0.55226344517
230825 236878 0.581153194976
247130 310 0.534706443202
50861 35388 0.586788242343
43694 130136 0.562434793862
112523 127136 0.52622410605
172502 137951 0.528837378322
54850 118056 0.530144832482
45946 66783 0.552084680837
105365 140629 0.587012936251
104512 187160 0.51545639375
241949 263133 0.532867668185
208093 38975 0.599490691165
136631 223053 0.549450118706
129397 143077 0.593310555214
214754 45499 0.555347741644
250959 182586 0.575656602076
21220 230169 0.533942026603
31815 12091 0.566583612815
135524 247166 0.588298777236
123106 147005 0.525923175018
125179 77745 0.542968004262
50471 222279 0.593787755696
104574 94072 0.546857811272
13287 6916 0.569763090838
116544 121542 0.543834865652
35588 137700 0.581512626254
158609 200730 0.589842632694
247082 200293 0.58712324851
112769 115091 0.515254933951
101719 45091 0.554116295625
132423 223316 0.562097281377
32936 40308 0.57438051181
84498 78225 0.516802137168
218033 88263 0.535405210427
128463 109078 0.553420142299
11571 151538 0.543749658533
129241 146417 0.577666697405
143544 45669 0.522621781944
129958 113609 0.505868230045
148916 221245 0.589790789784
200928 17221 0.570538072695
83080 220503 0.55795814292
216109 65985 0.560715060945
16704 141058 0.511424642279
28011 38673 0.523226891636
244801 18129 0.556452382123
9840 41032 0.542283153911
20302 107133 0.585295198681
110209 187394 0.58258834606
163021 134290 0.557704804688
23772 140980 0.502637137559
137560 156334 0.586260464935
171802 188735 0.516311796816
138809 147073 0.500808611992
182779 141895 0.521178336869
205134 55245 0.533741620986
195876 161594 0.59809001031
218359 76942 0.593161313293
240253 29583 0.54937990386
51454 17686 0.504247150579
203950 159728 0.534347516197
121810 37050 0.516157318996
53514 11659 0.504883246364
224129 60282 0.53791043858
44340 118278 0.537702058133
173162 211396 0.55966285787
54324 151470 0.589889865343
20365 98446 0.538774967139
50671 137109 0.514988107685
134043 34231 0.596331147105
128749 63773 0.597138474456
179086 186660 0.53998801294
22240 250554 0.594964850576
40737 34103 0.530494134534
194741 15264 0.57213874721
85583 128939 0.502248252665
37715 188072 0.508860634544
143969 131080 0.588536370662
14693 46130 0.531766532316
214842 22719 0.553877738409
11192 22105 0.588180900562
55798 41986 0.581323200847
239482 254461 0.569868269795
210300 134017 0.593939680769
118225 131955 0.569417167683
29961 10441 0.52460121966
201197 247611 0.524449006147
103168 97234 0.574500642435
183985 196866 0.508725063911
3829 262905 0.534330713383
249186 17623 0.52903003627
108490 95057 0.551039735963
186676 170569 0.593134814111
10582 30154 0.596650919742
120631 64335 0.511875878463
197557 36520 0.586123740352
52496 101661 0.523946732278
138517 157848 0.561268210682
212179 141753 0.555026895852
218589 205570 0.526884354982
181467 14183 0.526965493594
50644 214350 0.597192853581
185822 210172 0.575149755318
18747 145743 0.512045083132
214925 157097 0.523753484618
140292 166577 0.524057156681
197319 17892 0.549957286771
134077 153013 0.57363214275
152558 142368 0.595431930526
31665 134443 0.51016279618
129061 56141 0.585148758804
9006 246227 0.5926220304
16560 109438 0.561459405691
127452 57772 0.563084211169
15119 227898 0.553558258621
214147 136704 0.564927690958
180666 145077 0.591297220451
216229 11639 0.518164901971
127773 29185 0.578816725959
230082 13842 0.568824253547
186495 121128 0.536054750921
131938 51280 0.519830833134
221511 73336 0.564131238884
171306 144807 0.572155545424
22134 190440 0.541204922339
240637 8894 0.591498121456
254450 816 0.553597605553
35127 34291 0.585670857032
133211 143852 0.540359750987
37464 122053 0.518734200002
93789 17746 0.596120176773
222456 126719 0.524172087008
10107 261182 0.554322811677
35239 102272 0.522108074025
246552 7691 0.539119650178
211930 147497 0.570206791516
112725 126919 0.514697886647
28572 144980 0.502497899244
103074 104384 0.588887414687
38498 189711 0.535606520514
199489 18863 0.541645638759
242326 236855 0.551127091619
124541 26884 0.583343196806
100349 131776 0.515250665207
48673 24024 0.585169189864
197432 217138 0.598896277464
99430 106988 0.548832187006
64039 102154 0.536217166281
39145 233592 0.539056008339
189280 242507 0.579021382749
54055 122870 0.593412829975
140926 212090 0.568777693943
253243 201066 0.524084914347
57050 117744 0.538919753331
68215 100827 0.597246487242
25746 44152 0.517235808722
150640 22969 0.563670167315
106460 25289 0.569509433786
168972 148169 0.523580046115
53894 63348 0.577855647321
173623 170824 0.554262310752
135469 198626 0.571231694337
22107 141696 0.520728330252
261217 259204 0.555948697838
215067 155771 0.596435881562
64046 38558 0.580521570124
109199 77469 0.518479390708
239375 235043 0.56917348
57547 63027 0.573087801033
188680 36931 0.576261495919
254596 208873 0.548996828842
40213 141117 0.592461868361
233542 255290 0.558217825003
149609 136135 0.558723079807
137459 214012 0.540455977935
108610 230589 0.516706326577
31981 28103 0.584785397487
52388 103790 0.589748816774
103935 219880 0.512843002545
218451 149716 0.522277291973
11656 141783 0.533317817434
141729 216433 0.500438100221
160623 211655 0.562921217506
128761 215601 0.508104241241
219342 204477 0.585934008757
148266 131645 0.556016771871
35584 218341 0.548008275823
94558 9096 0.597923339233
249123 211192 0.590699904244
152302 137405 0.588513612649
52242 169988 0.521847718622
43553 25786 0.519512084327
175086 204891 0.59126241418
13307 145140 0.53270190312
16276 201160 0.530191894606
252596 201171 0.546688107227
213880 24190 0.521276381708
189828 153795 0.516328361901
215606 186477 0.57506185315
110274 56087 0.581561874721
19779 53110 0.502402290207
229753 32511 0.564436503008
138883 110018 0.556898959297
32237 13642 0.54163198503
151926 157707 0.50149629357
149616 137881 0.55706065491
149882 26443 0.522735590657
190374 174178 0.506126638783
53644 64129 0.550166770594
20759 141411 0.581607579836
142517 38474 0.530936422876
187502 180548 0.501270501731
44553 31401 0.564810265173
50943 201723 0.50857298399
66960 189721 0.572145772056
182384 166082 0.567156830561
36217 19523 0.548447147366
215306 74457 0.595589384112
7681 22780 0.563999201142
153490 145398 0.539556561106
147156 205384 0.525676690485
44918 97567 0.527999873017
196041 183413 0.538201022437
137915 175345 0.594470899549
190178 101537 0.535296924942
61213 130486 0.592334434204
135522 148746 0.598948425738
161720 52268 0.561201259809
149664 129893 0.502599412683
137605 109743 0.520153753257
199246 143395 0.53578480628
252161 144759 0.513384772202
207530 28496 0.595454522284
237940 263881 0.563957454113
130717 117122 0.584628270729
121773 38421 0.518379663454
162760 187319 0.565512487942
17328 26424 0.593676590214
76937 89023 0.599586447609
201653 144511 0.591348649403
2397 253094 0.570307275714
214116 248242 0.596963711772
137675 148132 0.559111036894
103576 145567 0.56607959265
25863 141931 0.51021744841
206460 252729 0.566854860297
197699 157901 0.527859196245
142863 103869 0.510956916105
147450 24369 0.553213616104
112657 193303 0.581560075725
176563 169640 0.538247952837
135398 247401 0.52677477016
110353 140444 0.503380057147
228052 26638 0.545880354313
17111 51070 0.544770768215
41070 72788 0.597014818895
23452 142013 0.504705199454
213936 249520 0.574801475815
32066 135359 0.562422770513
222293 65251 0.599386889564
103673 130812 0.52157111779
222224 194815 0.549080426068
94952 25562 0.521712649144
25209 232479 0.531286491793
140305 13157 0.505818211235
24526 148957 0.514564459823
132424 95384 0.566726935678
60365 116670 0.594161579664
96936 92071 0.506623233883
172560 197330 0.530614873256
198345 181634 0.538174802649
29599 11411 0.555391905599
74582 85047 0.510944437703
218243 44423 0.54187495536
217553 136332 0.598358053137
103869 127664 0.533517336747
11069 250072 0.526811142295
49278 216414 0.570170131448
102220 39532 0.513888510923
28912 41762 0.592771371942
239574 135740 0.505499847984
780 254871 0.544984158034
209580 134090 0.587996872611
216733 87434 0.548903183411
253584 866 0.590903361105
11040 55270 0.548090162382
69536 57875 0.501714592455
99610 127136 0.58031787704
185701 135965 0.56362694863
19722 226637 0.560163901549
218091 143741 0.530452956066
134247 109680 0.542511902448
186665 127047 0.540267698851
221177 203808 0.566874769184
246222 181435 0.575229603479
125420 15044 0.501340539918
150667 27248 0.506508502881
186518 123647 0.530497896879
206173 13891 0.584033063936
106787 27480 0.552856608272
230293 93873 0.533237567395
202311 38026 0.589670138831
253658 242633 0.574090049072
246282 212155 0.509223205518
140908 181708 0.524954228221
162491 139736 0.585737960839
188856 120959 0.535652187426
171417 137276 0.550320105799
143526 170749 0.535296763854
112530 51330 0.558149250165
37183 95968 0.542626209504
97285 71880 0.555494574383
12174 178969 0.507627914287
130627 190337 0.523535896607
10553 226662 0.575457308701
40718 140245 0.580722756683
252521 20365 0.567677529046
28977 199281 0.559525502511
48196 97336 0.541974263821
61825 82952 0.59265942471
220371 80748 0.539928013788
112218 196084 0.58253137
27558 129091 0.565981903031
101148 39603 0.534924105135
222603 70749 0.528638353798
216638 67558 0.598166088976
256213 184227 0.550821877521
217076 101144 0.59850706207
73460 217735 0.535721800243
51604 253346 0.507428273301
96465 111653 0.520090263748
190477 39660 0.508073870871
115625 33803 0.502098886174
16932 105573 0.513706451358
249775 143683 0.501613347658
137854 19729 0.570552739789
13331 141293 0.558973860722
118423 128063 0.588292563052
75980 62311 0.507789678705
102349 47659 0.568271269226
78228 62076 0.53647335305
19261 45219 0.598613879819
30713 49323 0.528893935007
252440 230921 0.559159124032
222394 189046 0.590795244266
46909 66823 0.515267615837
205532 11555 0.517598679269
7398 37894 0.599520781216
212160 55021 0.530062549806
156103 207577 0.554761519834
129765 80088 0.579924309181
181780 249492 0.591443935611
209507 254466 0.559520400795
205922 198799 0.50837666324
13892 109801 0.518582910532
255989 51346 0.596001311471
246538 7218 0.566649859668
127311 150984 0.589336168025
28227 163369 0.554874006099
145317 127064 0.553619382576
11417 252057 0.513400068553
234398 30443 0.505885528057
200351 185298 0.519155184262
232448 26068 0.522409779934
169606 135389 0.552605382266
121892 61536 0.524268567254
209899 176236 0.500051718231
242353 163160 0.588374395544
120287 71521 0.502110917843
163779 249250 0.530420964178
17561 138705 0.500063606586
246901 1117 0.556375700867
14564 51449 0.531912138263
146398 24122 0.54650661189
154076 205139 0.554046085742
233805 20216 0.597171876905
199118 21220 0.505372522251
261513 2536 0.544261676697
102642 128077 0.557787169072
176083 206582 0.570750162915
10656 187568 0.576136166156
194532 241417 0.53000915825
78487 90695 0.551438126568
144849 130250 0.506884480267
242625 254695 0.576165415017
197822 49478 0.578010611646
200415 223009 0.596295039754
170819 198125 0.564659324962
22819 230604 0.599945998525
108528 190214 0.544843900938
55504 207436 0.567336659793
188655 129513 0.567085242172
94064 45571 0.580505498161
202142 33934 0.560404192211
145306 127804 0.562920191053
45646 71355 0.552894251832
77984 224931 0.504408694476
92953 24409 0.537191485472
53467 206384 0.500849104198
37517 11304 0.501482412807
71338 86196 0.581724601002
232740 29190 0.504296458335
195723 223833 0.565947141903
54442 201386 0.502782589474
134238 19200 0.555020921719
163691 255675 0.573552966053
261273 18735 0.578696631804
48639 21487 0.560254638983
142817 14175 0.55937437283
128889 55400 0.596433415701
179704 252397 0.578758670607
76215 82199 0.591781667611
95318 49256 0.564551180842
146091 39117 0.502488338584
31998 50986 0.581671267698
46732 204725 0.508853092978
11803 225692 0.585636190699
262676 247652 0.566614587744
39712 122930 0.588655071491
40497 96935 0.519918969514
147371 161341 0.536742077416
65596 125311 0.52356111836
113875 21317 0.532624288599
254385 206926 0.590229149697
32456 115391 0.565666636774
12479 200317 0.52553492293
139627 247460 0.51292897701
202408 248878 0.509815576452
73037 97331 0.502507823303
33648 38073 0.507946180942
230507 133054 0.58067917622
54444 145838 0.598534392905
131900 111470 0.57345922931
130246 51933 0.512846115554
197110 175343 0.564619766847
55084 209913 0.591662849373
158334 210949 0.524771031503
233175 20219 0.522599970905
222370 64411 0.518969235145
168012 186533 0.544882825563
124814 73574 0.561153910738
155728 133426 0.526435950223
216049 24421 0.551069553603
189201 245172 0.553044138983
20417 127405 0.535881744271
63361 87237 0.503104302497
22010 100307 0.535264058047
9864 29817 0.508387386542
225162 110173 0.550403124972
217000 204996 0.503562573036
171056 146906 0.561064134142
138065 240011 0.565315252959
203472 248566 0.500372220226
197710 7304 0.523801286276
188953 123074 0.519329614356
20789 200433 0.516498750821
12691 190524 0.55115945583
143391 13024 0.505375497486
243434 23835 0.55721689648
68518 57663 0.56525837107
49731 33996 0.517356817646
84817 91392 0.583011261396
173925 157706 0.531512779848
66768 88344 0.566227056773
212385 189668 0.51365023647
138798 26618 0.535295934769
31527 54807 0.584670541276
138284 169107 0.519313785987
8883 53064 0.588268592182
250557 189688 0.590854933525
234017 10973 0.507881449722
201856 254357 0.510533170737
242329 238507 0.511864215122
146904 37437 0.522421405256
43929 72692 0.581364063347
196375 49066 0.598403685594
21556 40823 0.502425792564
29215 139532 0.599616701823
162649 136400 0.562763553402
110785 123014 0.538617223038
218700 73973 0.529987879954
146953 208758 0.512240431107
56633 16861 0.583096968445
133215 213808 0.558106655003
212482 222062 0.539530769648
218605 47891 0.558597244539
65278 73003 0.574534115268
65837 220154 0.584093259699
201820 147430 0.555971393703
250061 206410 0.550310836113
70790 80466 0.500690436376
7579 26720 0.596228793309
82849 75698 0.587930274865
160801 210802 0.568465891115
249925 184278 0.547731976827
224599 73911 0.525727081723
220011 44849 0.551222817524
247665 12397 0.549946198773
238686 258502 0.573638972565
111586 264160 0.513618631172
2286 248960 0.510761990493
245411 226907 0.537010248699
195843 163343 0.518067793536
254265 195487 0.552111575858
71406 216350 0.529856528898
210294 25768 0.525561411873
176872 163527 0.501038424643
56994 64595 0.550733084428
197393 224604 0.572488641752
54654 149551 0.549985428903
196726 24065 0.505623620529
204361 48615 0.546196760635
48654 124443 0.574231753876
70336 39402 0.58276587826
42857 130953 0.584721973753
247623 236111 0.518785485559
231295 264090 0.555124624328
124151 40110 0.592862891612
53684 100379 0.520175904132
122036 77238 0.535291082546
139629 15119 0.5250214357
190362 184087 0.504628010572
184992 188883 0.529277377449
24795 146980 0.544111238186
214834 113227 0.542111754807
65695 81015 0.501718933069
148677 49601 0.559336195972
52618 143855 0.505804250976
107508 100039 0.513677828055
84479 89197 0.505355717759
101287 72704 0.516752732929
36609 60046 0.519091131295
37832 20073 0.548843177154
117413 70051 0.543474538756
207632 179883 0.54832602913
219933 42909 0.523552173677
166720 198116 0.571656668238
13073 40406 0.507746664301
189014 250385 0.52308907343
134041 10304 0.579603036907
250122 144126 0.580336401489
103635 8164 0.539358784319
142381 171600 0.528689784241
63421 48475 0.576461639893
18964 130584 0.558107753883
19857 244967 0.5992457764
60542 100999 0.542887325858
143306 154493 0.579149212227
206831 136978 0.571834278212
72067 37531 0.539176416681
243972 10217 0.537781426543
46958 72677 0.596139434649
47741 22743 0.520820819322
141477 27123 0.58588607648
154168 138631 0.59737531304
249779 40046 0.569756672507
123669 96203 0.505863827865
246826 142217 0.543295785927
110873 122748 0.529901207843
205406 253170 0.513519666912
220843 44620 0.547137211586
42600 119826 0.512056874912
163302 146689 0.507638266002
211206 160054 0.594938335757
126749 102884 0.587673172408
194540 107618 0.552324716942
212389 137317 0.549972443016
13189 186683 0.552971716619
47305 60166 0.521358623864
74499 82713 0.544735695851
115306 41943 0.544732994615
23420 138863 0.581847423674
235474 244826 0.567371112479
92565 22266 0.521899204726
112569 32104 0.550891545728
146143 25511 0.51858101286
71070 90918 0.508160786518
204937 175512 0.535391342053
97531 20664 0.55181554695
59576 126812 0.520328472216
137102 179108 0.505882483941
67612 186403 0.598741897524
148737 168932 0.59948084961
212437 195008 0.590747415076
140454 210101 0.52469247564
150957 12310 0.563573350128
53921 129315 0.579479819005
23198 45985 0.586231720705
175292 212123 0.522601520503
195991 165807 0.588336201558
38198 118232 0.520676524488
31326 38120 0.579467185474
198787 150828 0.595843470458
218822 42628 0.510432620205
59550 216764 0.591656441185
239737 134195 0.509298206443
255957 196898 0.51776436171
232217 135772 0.526920481034
188286 11014 0.534716520559
248479 20032 0.574350436743
253480 197462 0.566576045226
44179 9610 0.588710422519
145051 112635 0.577257798772
252677 56566 0.528843343804
48369 116873 0.591346340249
195869 223023 0.5391432175
8385 39459 0.551818529844
57453 69548 0.587233116565
26018 45962 0.504021070655
91764 132077 0.526758708189
10437 137255 0.516047728663
254266 21977 0.594815312542
134076 206933 0.509202019789
54560 21230 0.556819676328
78766 120979 0.581712490717
183366 188807 0.588697746417
31195 241255 0.59177730383
261538 10953 0.527728008953
194927 120057 0.581509158822
53632 41772 0.546879465576
8427 112187 0.585476619055
105822 127233 0.579442349087
123532 113455 0.550056916264
238480 247695 0.597923031509
134640 29530 0.535934876285
195512 180413 0.505595940259
70008 88944 0.577981051459
221064 73790 0.598112664623
209650 138194 0.527543276971
6556 44051 0.536653564688
21151 255686 0.528663378835
151291 181718 0.558164147944
21090 219075 0.576029706827
46886 63516 0.570464779363
44990 105375 0.554379127712
258369 235592 0.523619125855
81425 61820 0.547202573266
70221 190344 0.536368621868
93500 187400 0.528706603128
123493 64323 0.562505436277
189455 109262 0.584894399738
55157 17379 0.592717851154
230258 240627 0.530797820963
128280 24099 0.56608122533
50078 21105 0.524438623088
124985 222055 0.594975307642
182795 204826 0.533274771301
18450 229894 0.568387764414
34228 49856 0.508891047016
140184 181622 0.540679120768
163537 55567 0.531575333112
21882 92893 0.532411179515
45955 215240 0.554808507284
134552 147501 0.579416437767
106809 103679 0.52972783246
252908 145273 0.591373020323
199744 247552 0.533687377445
101588 189761 0.559626343827
201894 148492 0.538697017557
146405 53174 0.586427436252
177500 205454 0.553061144003
87627 77526 0.558996641597
190273 106340 0.556741578365
149486 194792 0.544847161403
129325 97111 0.533450487684
123759 108819 0.562754455303
39755 122919 0.593060478481
