28713 126446 0.744781273399
109688 56124 0.795683966235
210386 29426 0.776008021069
262063 2342 0.765276673807
136288 174906 0.719615691548
238884 245570 0.742139839665
13807 200803 0.732165606986
8847 244005 0.700943440892
144459 110784 0.726689949392
24235 256772 0.758782421561
218188 78567 0.73124704152
199855 14174 0.799547871443
189142 165156 0.725538077975
223184 141560 0.796709827168
27025 209433 0.789827618647
68521 75971 0.747927131393
147180 49425 0.737352870311
12601 39468 0.751382189372
179592 200136 0.789430208922
20304 19903 0.736395989444
223809 121547 0.744966402643
166892 151459 0.774828222738
123138 53984 0.705783001997
56641 42828 0.715263039617
259867 9486 0.708014977106
11398 40008 0.719163345208
220715 81299 0.761861114859
40103 106035 0.773216622956
84916 63968 0.729293149728
19247 198968 0.736983704273
207663 152965 0.716103930486
136705 152127 0.752168504167
160063 163363 0.750022085993
180581 252804 0.770279138797
25846 125244 0.758303697412
87231 68736 0.767238240094
38207 136905 0.788164700769
73841 68973 0.76773055772
218711 135537 0.712222395108
137890 2302 0.728829338493
114465 94114 0.773052964145
149199 28830 0.754539139642
128000 24071 0.769510008445
131748 81051 0.701332292832
81428 68733 0.785968400472
206976 21260 0.767396711225
129892 23705 0.726489274865
24377 38859 0.705953985791
107399 97957 0.787703488577
21940 36772 0.752643227208
33281 49598 0.702284543043
68213 73983 0.722159194871
178897 195394 0.776573742358
246673 198160 0.760668552077
126684 76157 0.78897324886
77030 86499 0.723991163359
178878 177461 0.757129415532
207471 104559 0.769616608902
104258 199704 0.792557371784
46105 149219 0.753943772352
161116 211961 0.779030794078
48819 222629 0.727902285921
230500 250871 0.764887513314
93777 38915 0.772516989549
49482 17121 0.755055469255
125465 94943 0.716388158884
22088 207447 0.744133784935
213920 160619 0.752344857937
161550 195717 0.797699691892
18152 108865 0.764859389993
35576 71588 0.764712825104
219619 186375 0.798528039112
133468 7350 0.773578354941
37401 106570 0.787109839957
22276 130055 0.789717858478
235571 134964 0.735149380628
149780 207075 0.797080573043
68134 90687 0.777037171852
154671 195727 0.725810788686
208368 179969 0.715860434547
133476 239920 0.738059807449
51131 15486 0.795439098355
7044 102421 0.773829355564
102218 36497 0.731333474323
53918 94536 0.748761010204
67295 42385 0.731482599663
156725 208122 0.765739408455
229107 103686 0.789334997211
86336 73610 0.745967318193
112848 43014 0.745253267792
183306 187453 0.778590195568
220535 122436 0.738643616124
126719 197288 0.757730799622
150254 218887 0.768707366011
143844 153296 0.72995188315
58415 45311 0.783385746875
211823 216017 0.752601621951
113419 46158 0.723462276911
125809 148351 0.759259273974
121530 29141 0.74894489113
201258 13522 0.79088377666
133556 261180 0.722558528562
246810 141043 0.760034760966
104657 143931 0.724828274016
101841 33660 0.770997148244
154664 207687 0.703029602942
50643 240705 0.729237766069
210858 249304 0.734402466867
170709 175987 0.722861161679
244474 13944 0.75287875826
185119 252061 0.719868158153
190573 166859 0.769201313824
190055 250389 0.702980805439
59807 102170 0.747238059111
14831 106080 0.721239837545
217418 74861 0.705429674871
247292 187483 0.709675399526
260120 231206 0.718657975946
52815 93187 0.769343903976
187572 41788 0.731384389655
146755 23554 0.74677274782
113112 204499 0.709065478462
233769 112883 0.740104336691
36307 23210 0.746990827853
173562 212274 0.761409989754
208906 188179 0.70058692334
23719 38470 0.738200066939
41717 51822 0.760558746247
23133 217319 0.747057768343
50504 23278 0.797298907707
138513 244105 0.729715755479
178599 172443 0.729131897237
102330 37182 0.760587846779
221572 39699 0.711806135034
165976 148275 0.700908404575
146023 224409 0.769138450428
202272 159682 0.76458886877
202137 132162 0.79621596819
39698 222741 0.743520541169
217928 53047 0.748642048837
222503 49596 0.746876959852
148592 215458 0.769106714944
22738 190383 0.754274460311
144967 187895 0.730145890063
150007 126713 0.799312431647
20423 69973 0.754730698139
78304 116557 0.758466792643
29230 97941 0.766982903506
53143 223926 0.776170019145
111756 123261 0.706269326271
68225 37533 0.746017210401
53888 20858 0.748826917048
140472 127143 0.783252216151
139635 216950 0.771494686712
206860 215191 0.740799547833
144361 156282 0.734628110221
127954 49940 0.760773073091
190817 171317 0.723066091809
9446 135244 0.705263995889
51942 21711 0.788472450907
70529 119547 0.792437513723
150589 264340 0.75816928296
13307 252782 0.749002927204
256763 201134 0.703288212436
194568 174452 0.7836212922
227170 113449 0.717583977206
182442 251822 0.725451669253
17693 249089 0.700339597501
134605 184827 0.708714585359
120790 35619 0.719775963582
30019 17935 0.70805581038
137974 146080 0.742263426158
253373 176389 0.745073638947
115475 190859 0.765530459077
174213 144330 0.710210338811
235298 24960 0.775397669019
140814 222059 0.715056458176
249464 7970 0.777527177648
23066 107620 0.783726193153
166246 253640 0.757625170357
108262 131230 0.784996425061
157736 213453 0.710780420645
151282 205918 0.712540560705
258654 189178 0.716883383207
111657 199004 0.795654905308
195031 104738 0.771023504894
233140 32876 0.765151558135
15175 133940 0.733318918374
112691 101587 0.766717697825
143770 182818 0.795173446338
24288 210787 0.720015035212
254466 33868 0.736006216178
65927 220725 0.789759307428
47071 63650 0.787505220038
111345 99777 0.788975224741
50200 133078 0.797437824073
104418 204227 0.728051882206
262693 5911 0.713762218175
43808 141109 0.745494604439
39208 218281 0.768385117511
249861 229351 0.727157162245
195918 39517 0.737645785382
69826 104237 0.753897187076
149012 167880 0.746839747841
15155 98182 0.75238326329
39600 151224 0.774089976946
243148 236544 0.710549265715
201957 173289 0.711982691827
217197 38111 0.738458984141
45280 68326 0.776353128468
198524 162515 0.761445658853
170756 142335 0.772801705246
105812 94848 0.775378052469
25535 254731 0.760529091135
33887 49572 0.718649748104
105102 101366 0.795204116788
37448 215597 0.720541424409
14741 198985 0.739250443327
207256 138882 0.787902221644
138321 104969 0.736724804406
182586 252353 0.727645877812
214878 15561 0.74157228755
231606 16890 0.798914488311
52342 69806 0.781598152459
264344 232158 0.764442337115
263903 208413 0.744928410247
196717 54238 0.790240143439
187631 145177 0.793646048012
99670 104923 0.722641506134
52337 248933 0.794661159765
136668 29328 0.722591582625
32208 46776 0.76587967041
33127 250740 0.783549059919
232050 113901 0.785624055657
138588 157845 0.781188228868
200587 256573 0.797906482464
93963 26719 0.770170395504
218557 212364 0.727761121042
95433 41433 0.762751402214
228607 242539 0.716514934323
188455 120701 0.712069873183
25448 246125 0.713743681667
68573 38341 0.79714901349
44449 68490 0.773607531434
211530 222783 0.757813381314
214906 180000 0.796736093827
257526 4583 0.725119749962
52508 253108 0.793493880767
127986 76527 0.783649504078
60273 41613 0.790430256645
217696 74314 0.778618096313
246848 236814 0.742880342973
40519 103108 0.792207754493
196400 20275 0.714324868143
144652 43562 0.748704700374
39809 208314 0.729484922996
251263 228739 0.750463640544
133432 203859 0.705689150901
260014 229805 0.798037207035
109990 131815 0.741346610999
139934 213928 0.758474295636
142013 70149 0.761800828752
203938 130553 0.769071930039
133851 259877 0.773296586017
36496 58760 0.797804780343
31959 115980 0.797056122374
92771 33570 0.73864153125
248413 214930 0.768962413866
205969 149064 0.714858410473
124676 79604 0.747383258104
92057 99561 0.73940755893
132068 104194 0.76131615286
236106 245242 0.787698848788
247503 238323 0.782416114112
14344 213857 0.76973161527
70571 74008 0.721544230092
41041 136104 0.762201157039
163151 144426 0.773901254907
48331 196664 0.771062564356
217947 125853 0.752499713222
187394 44267 0.793520976894
67376 29377 0.768914231009
36378 233968 0.791759201658
104554 97799 0.701346190699
166744 251360 0.717742490142
122208 103468 0.786695714369
153566 205413 0.720632132616
34361 47551 0.712095586636
251104 206699 0.761490804862
38215 121900 0.774100691945
54703 144832 0.754218722399
53941 207062 0.703107903469
205465 251254 0.738322025359
224631 46123 0.793297832389
223859 101204 0.709586947699
216750 195811 0.780689799294
147714 203344 0.772729648533
189761 169704 0.795057977732
245637 209473 0.77346249943
226996 13311 0.774099688121
162219 181069 0.743773533823
88511 127609 0.799941981596
220357 63962 0.745060087866
134320 180128 0.786665038581
174413 190476 0.750621162511
122470 78129 0.767878516279
40542 253328 0.760913538409
186765 9444 0.706765919487
181462 241523 0.760916096603
126301 186574 0.793518991032
148647 218343 0.766000455968
27275 92111 0.760731386631
211129 222753 0.753263209401
134265 38274 0.725326844663
141006 212727 0.748917170333
49272 142624 0.749581279198
17155 144436 0.710224181876
201982 55654 0.782296038606
115754 34938 0.761593031165
147401 207592 0.736257761526
154378 149079 0.723909630972
55235 105714 0.742658705529
222094 205732 0.770607926111
153007 149964 0.738995549654
221515 125464 0.763658595493
145160 174241 0.785112242162
178184 202501 0.743304230463
61782 130694 0.797734062336
150790 54526 0.774904033217
31395 37332 0.769296426292
217979 90836 0.756783077299
124361 223100 0.721656974199
184421 246361 0.717068558017
230825 236878 0.726211797381
247130 310 0.729242408242
50861 35388 0.722231844923
43694 130136 0.743993185932
112523 127136 0.729008150258
172502 137951 0.770480053858
54850 118056 0.76802651911
45946 66783 0.762600247957
105365 140629 0.70087287711
104512 187160 0.705398338515
241949 263133 0.78803859874
208093 38975 0.707156138958
136631 223053 0.764615318812
129397 143077 0.797676466847
214754 45499 0.775901722382
250959 182586 0.77311952056
21220 230169 0.782824548795
31815 12091 0.721072238164
135524 247166 0.746123250969
123106 147005 0.779424783205
125179 77745 0.778089664765
50471 222279 0.748598592298
104574 94072 0.735986205624
13287 6916 0.773975322186
116544 121542 0.793663698731
35588 137700 0.78539722611
158609 200730 0.721970846025
247082 200293 0.722063000626
112769 115091 0.726493691982
101719 45091 0.783450445947
132423 223316 0.702770842858
32936 40308 0.734084748158
84498 78225 0.787717426308
218033 88263 0.753490704497
128463 109078 0.792139566117
11571 151538 0.777527264835
129241 146417 0.714575016636
143544 45669 0.747187959367
129958 113609 0.729332392702
148916 221245 0.749069375558
200928 17221 0.789284683951
83080 220503 0.762266099492
216109 65985 0.785909739603
16704 141058 0.723990301142
28011 38673 0.790520618003
244801 18129 0.765828041956
9840 41032 0.79196316296
20302 107133 0.720183129543
110209 187394 0.702830641222
163021 134290 0.716233288129
23772 140980 0.720831556169
137560 156334 0.787021412561
171802 188735 0.755260179982
138809 147073 0.798841624847
182779 141895 0.721808007819
205134 55245 0.751485825618
195876 161594 0.70781525207
218359 76942 0.74179419993
240253 29583 0.72685121523
51454 17686 0.763714436134
203950 159728 0.755908071035
121810 37050 0.768953010265
53514 11659 0.798157635056
224129 60282 0.702873470802
44340 118278 0.778098396827
173162 211396 0.720727359555
54324 151470 0.714801246384
20365 98446 0.790718710363
50671 137109 0.762222002589
134043 34231 0.704321653918
128749 63773 0.738450617552
179086 186660 0.779830404679
22240 250554 0.705390017078
40737 34103 0.753215230351
194741 15264 0.742146149045
85583 128939 0.718233384274
37715 188072 0.777757485194
143969 131080 0.775711542332
14693 46130 0.791725735028
214842 22719 0.774565978403
11192 22105 0.792024443233
55798 41986 0.746176386546
239482 254461 0.756716989697
210300 134017 0.746370898719
118225 131955 0.782411890407
29961 10441 0.738017639725
201197 247611 0.793302051882
103168 97234 0.757895847526
183985 196866 0.728971390732
3829 262905 0.717989295791
249186 17623 0.788658912604
108490 95057 0.767779626183
186676 170569 0.702176343718
10582 30154 0.783072131748
120631 64335 0.751696885098
197557 36520 0.791775990143
52496 101661 0.705568691616
138517 157848 0.729528778573
212179 141753 0.715921555535
218589 205570 0.738099533699
181467 14183 0.72984938208
50644 214350 0.749797955931
185822 210172 0.783291428927
18747 145743 0.745575640945
214925 157097 0.793486325192
140292 166577 0.729766128841
197319 17892 0.714707392474
134077 153013 0.783984450677
152558 142368 0.765931433035
31665 134443 0.765181518677
129061 56141 0.749830399009
9006 246227 0.797087760471
16560 109438 0.728487841713
127452 57772 0.724230989729
15119 227898 0.765456205933
214147 136704 0.778223477641
180666 145077 0.718575709731
216229 11639 0.723673682764
127773 29185 0.797063972437
230082 13842 0.708868360985
186495 121128 0.770809954343
131938 51280 0.792470072984
221511 73336 0.711597451171
171306 144807 0.752216299403
22134 190440 0.745407422198
240637 8894 0.796993941145
254450 816 0.748544767192
35127 34291 0.764384093846
133211 143852 0.758475712902
37464 122053 0.747895030503
93789 17746 0.72143069063
222456 126719 0.713447161977
10107 261182 0.791170267757
35239 102272 0.700457830783
246552 7691 0.754492582832
211930 147497 0.712340018998
112725 126919 0.729878738093
28572 144980 0.755312614346
103074 104384 0.782086990965
38498 189711 0.714589057945
199489 18863 0.745865688948
242326 236855 0.747277733787
124541 26884 0.783802814483
100349 131776 0.714423149399
48673 24024 0.778164854048
197432 217138 0.706410792978
99430 106988 0.734581036831
64039 102154 0.721751591184
39145 233592 0.756745939628
189280 242507 0.755917463767
54055 122870 0.741363565672
140926 212090 0.732179880397
253243 201066 0.764673171626
57050 117744 0.712867638849
68215 100827 0.734197166778
25746 44152 0.782567603027
150640 22969 0.734508463453
106460 25289 0.727613031201
168972 148169 0.730193173389
53894 63348 0.789663249287
173623 170824 0.752952292728
135469 198626 0.724870321196
22107 141696 0.749075206531
261217 259204 0.780185090648
215067 155771 0.791654582582
64046 38558 0.712522828469
109199 77469 0.751740197886
239375 235043 0.706344837613
57547 63027 0.765441773612
188680 36931 0.725523820922
254596 208873 0.784646138938
40213 141117 0.709506176521
233542 255290 0.757792204848
149609 136135 0.765363895925
137459 214012 0.715865765618
108610 230589 0.763272536103
31981 28103 0.719402293975
52388 103790 0.790159285681
103935 219880 0.792460275972
218451 149716 0.76460935536
11656 141783 0.770893661369
141729 216433 0.744403064547
160623 211655 0.736081819645
128761 215601 0.746010938126
219342 204477 0.785499130571
148266 131645 0.796692375531
35584 218341 0.744762122987
94558 9096 0.765697835037
249123 211192 0.775330216397
152302 137405 0.737010195598
52242 169988 0.758041647445
43553 25786 0.704217222859
175086 204891 0.748019389115
13307 145140 0.73644331047
16276 201160 0.77286047568
252596 201171 0.769695668804
213880 24190 0.725673754472
189828 153795 0.762876584804
215606 186477 0.778104958335
110274 56087 0.725455413742
19779 53110 0.75822804354
229753 32511 0.7421301516
138883 110018 0.743657891543
32237 13642 0.781729719122
151926 157707 0.77762389426
149616 137881 0.773978150383
149882 26443 0.748535113082
190374 174178 0.711116417394
53644 64129 0.74054122996
20759 141411 0.711787429161
142517 38474 0.793572589833
187502 180548 0.720667055396
44553 31401 0.733059228806
50943 201723 0.714122860349
66960 189721 0.723271893173
182384 166082 0.741240537787
36217 19523 0.751262559328
215306 74457 0.789613566763
7681 22780 0.728608025841
153490 145398 0.788047413295
147156 205384 0.749851659427
44918 97567 0.755881816524
196041 183413 0.773560998768
137915 175345 0.790768014074
190178 101537 0.796066231672
61213 130486 0.778779805734
135522 148746 0.786687126138
161720 52268 0.740750679286
149664 129893 0.770069392798
137605 109743 0.756969550519
199246 143395 0.752059711844
252161 144759 0.746012264625
207530 28496 0.790442890242
237940 263881 0.741478100763
130717 117122 0.757810054728
121773 38421 0.752788768453
162760 187319 0.753782393614
17328 26424 0.774118393124
76937 89023 0.734271608846
201653 144511 0.766604264303
2397 253094 0.704114089084
214116 248242 0.760319519215
137675 148132 0.7805279069
103576 145567 0.739119901554
25863 141931 0.70947703387
206460 252729 0.773981708917
197699 157901 0.796546713957
142863 103869 0.750577366648
147450 24369 0.730162541752
112657 193303 0.721078431888
176563 169640 0.707115443462
135398 247401 0.774604534684
110353 140444 0.711076047477
228052 26638 0.727109701107
17111 51070 0.765368565373
41070 72788 0.776394727139
23452 142013 0.734175123416
213936 249520 0.719493207628
32066 135359 0.775873046993
222293 65251 0.76952177064
103673 130812 0.74880890787
222224 194815 0.753329745482
94952 25562 0.795485169751
25209 232479 0.784263031765
140305 13157 0.740575037671
24526 148957 0.701222254695
132424 95384 0.753085100297
60365 116670 0.782042597407
96936 92071 0.7174436338
172560 197330 0.733376351686
198345 181634 0.772921923593
29599 11411 0.714174419436
74582 85047 0.726676608748
218243 44423 0.746281374763
217553 136332 0.787142431354
103869 127664 0.743633348465
11069 250072 0.757683932325
49278 216414 0.768757003097
102220 39532 0.746216108618
28912 41762 0.75564810483
239574 135740 0.724315471319
780 254871 0.76934700551
209580 134090 0.754727598099
216733 87434 0.759910875741
253584 866 0.78619446922
11040 55270 0.747474506233
69536 57875 0.708860251368
99610 127136 0.758274560865
185701 135965 0.71287576869
19722 226637 0.710893590272
218091 143741 0.789551855207
134247 109680 0.703374388645
186665 127047 0.780167341758
221177 203808 0.791473690698
246222 181435 0.798890236175
125420 15044 0.775841333103
150667 27248 0.758662100968
186518 123647 0.771795431135
206173 13891 0.792560221018
106787 27480 0.778334397908
230293 93873 0.789369941138
202311 38026 0.721536736587
253658 242633 0.793672808695
246282 212155 0.71630932183
140908 181708 0.76905068027
162491 139736 0.713271682384
188856 120959 0.74428529854
171417 137276 0.730844384859
143526 170749 0.74823316594
112530 51330 0.758049187722
37183 95968 0.748130617702
97285 71880 0.786414326584
12174 178969 0.700367056173
130627 190337 0.759965527521
10553 226662 0.724429836877
40718 140245 0.745716206632
252521 20365 0.717240737547
28977 199281 0.750394627639
48196 97336 0.796274433933
61825 82952 0.744948168558
220371 80748 0.777538313409
112218 196084 0.782316310218
27558 129091 0.737200461958
101148 39603 0.701680296342
222603 70749 0.744984846079
216638 67558 0.701719323269
256213 184227 0.72281768727
217076 101144 0.703151914705
73460 217735 0.77032008771
51604 253346 0.717093819894
96465 111653 0.739344920029
190477 39660 0.782088273253
115625 33803 0.752178839247
16932 105573 0.725791532526
249775 143683 0.745237556317
137854 19729 0.72550269241
13331 141293 0.767250217389
118423 128063 0.75510856978
75980 62311 0.796538753146
102349 47659 0.793263893515
78228 62076 0.703019825615
19261 45219 0.715252759794
30713 49323 0.720050386511
252440 230921 0.722184371858
222394 189046 0.797911998264
46909 66823 0.768262306179
205532 11555 0.751556944564
7398 37894 0.781159130761
212160 55021 0.759582891369
156103 207577 0.757922818149
129765 80088 0.757915578379
181780 249492 0.726053534068
209507 254466 0.737332361235
205922 198799 0.76824343961
13892 109801 0.749418604925
255989 51346 0.757324556461
246538 7218 0.746337211035
127311 150984 0.784535618667
28227 163369 0.769565333364
145317 127064 0.724390778749
11417 252057 0.742941412396
234398 30443 0.785740374234
200351 185298 0.717211760514
232448 26068 0.773958415313
169606 135389 0.761428665492
121892 61536 0.763743746466
209899 176236 0.79379929775
242353 163160 0.710529101148
120287 71521 0.74992445028
163779 249250 0.776793692394
17561 138705 0.764442091451
246901 1117 0.777822059328
14564 51449 0.777235228602
146398 24122 0.767205091353
154076 205139 0.763376604674
233805 20216 0.793155087447
199118 21220 0.745608149119
261513 2536 0.770274357417
102642 128077 0.717154889483
176083 206582 0.708514024674
10656 187568 0.740871850503
194532 241417 0.784371691312
78487 90695 0.71923251724
144849 130250 0.763707115483
242625 254695 0.781375948255
197822 49478 0.739776792258
200415 223009 0.764757207026
170819 198125 0.769664060411
22819 230604 0.706764701265
108528 190214 0.758301009314
55504 207436 0.716645536261
188655 129513 0.707045355871
94064 45571 0.778702960576
202142 33934 0.730265888173
145306 127804 0.77883977261
45646 71355 0.790908303725
77984 224931 0.743562846285
92953 24409 0.734051899405
53467 206384 0.718786432382
37517 11304 0.701981943805
71338 86196 0.781253512165
232740 29190 0.72131634054
195723 223833 0.751064575385
54442 201386 0.721630477989
134238 19200 0.713471992583
163691 255675 0.765332937089
261273 18735 0.760962373038
48639 21487 0.740235185491
142817 14175 0.735222856308
128889 55400 0.733025753703
179704 252397 0.750418718861
76215 82199 0.754884256741
95318 49256 0.777563783685
146091 39117 0.722047234048
31998 50986 0.711877633268
46732 204725 0.733244932926
11803 225692 0.784173715024
262676 247652 0.757512753542
39712 122930 0.711899800355
40497 96935 0.743754666265
147371 161341 0.792351469121
65596 125311 0.732312874217
113875 21317 0.721386898992
254385 206926 0.794519727899
32456 115391 0.729112450869
12479 200317 0.743731761095
139627 247460 0.701023599967
202408 248878 0.754784481715
73037 97331 0.789250041924
33648 38073 0.795085658073
230507 133054 0.753042046433
54444 145838 0.756900604818
131900 111470 0.70953442316
130246 51933 0.779224879254
197110 175343 0.758830851874
55084 209913 0.736567844708
158334 210949 0.741569751617
233175 20219 0.753258310908
222370 64411 0.770315688621
168012 186533 0.775307305571
124814 73574 0.771372736555
155728 133426 0.773108337106
216049 24421 0.742332803161
189201 245172 0.748579020068
20417 127405 0.706324418974
63361 87237 0.782430723523
22010 100307 0.712954278447
9864 29817 0.758787685245
225162 110173 0.724764872014
217000 204996 0.765117196633
171056 146906 0.758668929615
138065 240011 0.741258524556
203472 248566 0.741631286077
197710 7304 0.756874691287
188953 123074 0.769204998046
20789 200433 0.735911073667
12691 190524 0.727771269962
143391 13024 0.739132012656
243434 23835 0.784287140791
68518 57663 0.717548523654
49731 33996 0.72423521023
84817 91392 0.793354874408
173925 157706 0.740275759517
66768 88344 0.716040702617
212385 189668 0.739227855711
138798 26618 0.769025236199
31527 54807 0.739950884977
138284 169107 0.742255305287
8883 53064 0.784171876791
250557 189688 0.740472670988
234017 10973 0.790012256536
201856 254357 0.785792751443
242329 238507 0.793631109716
146904 37437 0.722902089216
43929 72692 0.705654545343
196375 49066 0.796521809994
21556 40823 0.770461573034
29215 139532 0.752634755258
162649 136400 0.724870207917
110785 123014 0.701597464997
218700 73973 0.749371436691
146953 208758 0.703637498905
56633 16861 0.768819382591
133215 213808 0.70346498471
212482 222062 0.706388851116
218605 47891 0.753041615352
65278 73003 0.793929749347
65837 220154 0.766717182436
201820 147430 0.745462502829
250061 206410 0.702590413756
70790 80466 0.731971891844
7579 26720 0.732687737586
82849 75698 0.756708525699
160801 210802 0.778343400311
249925 184278 0.742968661835
224599 73911 0.726273645183
220011 44849 0.735557508777
247665 12397 0.747772767895
238686 258502 0.703634430636
111586 264160 0.717410478998
2286 248960 0.788211079968
245411 226907 0.771875716323
195843 163343 0.76382422361
254265 195487 0.748472689735
71406 216350 0.734778573562
210294 25768 0.799406755126
176872 163527 0.769314373156
56994 64595 0.747773985747
197393 224604 0.739289283196
54654 149551 0.766931046946
196726 24065 0.700354068605
204361 48615 0.767522110147
48654 124443 0.731602277762
70336 39402 0.76210687057
42857 130953 0.7781028194
247623 236111 0.780654105302
231295 264090 0.757732627136
124151 40110 0.722574568361
53684 100379 0.700999740583
122036 77238 0.724085377007
139629 15119 0.763968075204
190362 184087 0.762509195409
184992 188883 0.7667790983
24795 146980 0.703542391384
214834 113227 0.714764198005
65695 81015 0.776802364843
148677 49601 0.789077123142
52618 143855 0.768964779454
107508 100039 0.760368359766
84479 89197 0.702056921415
101287 72704 0.728018174727
36609 60046 0.774577349686
37832 20073 0.724303965768
117413 70051 0.780593774378
207632 179883 0.769695262452
219933 42909 0.793922487639
166720 198116 0.739674718774
13073 40406 0.755431108509
189014 250385 0.790443135397
134041 10304 0.75200908761
250122 144126 0.760263088905
103635 8164 0.716697698422
142381 171600 0.799325841982
63421 48475 0.720469670809
18964 130584 0.755083202087
19857 244967 0.780443160273
60542 100999 0.735552687212
143306 154493 0.724756958176
206831 136978 0.733794908823
72067 37531 0.779218551927
243972 10217 0.78695141246
46958 72677 0.705349673434
47741 22743 0.794184638366
141477 27123 0.707824312634
154168 138631 0.752910237501
249779 40046 0.737634602806
123669 96203 0.717275739074
246826 142217 0.778563262444
110873 122748 0.755926834897
205406 253170 0.770953269948
220843 44620 0.701050762392
42600 119826 0.733121341267
163302 146689 0.777470184842
211206 160054 0.788225207446
126749 102884 0.749381259588
194540 107618 0.702576132252
212389 137317 0.792346921315
13189 186683 0.734986446613
47305 60166 0.78156974582
74499 82713 0.776067740604
115306 41943 0.786359251695
23420 138863 0.71416284461
235474 244826 0.793160602653
92565 22266 0.705492982523
112569 32104 0.731271568059
146143 25511 0.739729244156
71070 90918 0.761475555242
204937 175512 0.744885682445
97531 20664 0.750811967548
59576 126812 0.757656345335
137102 179108 0.767768698251
67612 186403 0.732954180224
148737 168932 0.74869072367
212437 195008 0.769735349762
140454 210101 0.779895277223
150957 12310 0.726463424599
53921 129315 0.735898851474
23198 45985 0.796836330474
175292 212123 0.728068497944
195991 165807 0.709508545462
38198 118232 0.777175867185
31326 38120 0.76933862219
198787 150828 0.742447721349
218822 42628 0.795378035618
59550 216764 0.770558387394
239737 134195 0.75235702723
255957 196898 0.730392037029
232217 135772 0.777965938615
188286 11014 0.707061334992
248479 20032 0.744305720679
253480 197462 0.769601846845
44179 9610 0.729019865587
145051 112635 0.766696141235
252677 56566 0.781607709971
48369 116873 0.793276782065
195869 223023 0.701712898844
8385 39459 0.774461463571
57453 69548 0.75789426984
26018 45962 0.734878556224
91764 132077 0.795591998858
10437 137255 0.79794587883
254266 21977 0.74054035628
134076 206933 0.795654812252
54560 21230 0.794571104069
78766 120979 0.703158564921
183366 188807 0.791029341608
31195 241255 0.715177862809
261538 10953 0.738524928756
194927 120057 0.74514388745
53632 41772 0.722177453301
8427 112187 0.713105040922
105822 127233 0.748635167312
123532 113455 0.771082916112
238480 247695 0.792843575714
134640 29530 0.756852217092
195512 180413 0.76465782429
70008 88944 0.720121618086
221064 73790 0.717800251347
209650 138194 0.739166042006
6556 44051 0.722788920302
21151 255686 0.758310339024
151291 181718 0.758818643366
21090 219075 0.742911705931
46886 63516 0.775516044359
44990 105375 0.750947373556
258369 235592 0.730217304066
81425 61820 0.739249825109
70221 190344 0.772268768794
93500 187400 0.775939306445
123493 64323 0.776060513101
189455 109262 0.759376743775
55157 17379 0.744731518093
230258 240627 0.760747490648
128280 24099 0.718040530621
50078 21105 0.730006805705
124985 222055 0.774394105915
182795 204826 0.752183824087
18450 229894 0.701423811945
34228 49856 0.787881125544
140184 181622 0.733395003728
163537 55567 0.760784025234
21882 92893 0.723001955298
45955 215240 0.771914128476
134552 147501 0.728280468165
106809 103679 0.739170094644
252908 145273 0.782240111602
199744 247552 0.779920534026
101588 189761 0.776116695521
201894 148492 0.760340733657
146405 53174 0.736669216607
177500 205454 0.754062018239
87627 77526 0.711430140721
190273 106340 0.78158284301
149486 194792 0.775254811079
129325 97111 0.758257935345
123759 108819 0.719154923892
39755 122919 0.702342711052
