28713 126446 0.690305704883
109688 56124 0.677412476193
210386 29426 0.637704786049
262063 2342 0.641531699474
136288 174906 0.624850695592
238884 245570 0.601939239786
13807 200803 0.660597791345
8847 244005 0.680971186911
144459 110784 0.627908882967
24235 256772 0.612810866595
218188 78567 0.614624584944
199855 14174 0.635794607876
189142 165156 0.677597489196
223184 141560 0.600984500192
27025 209433 0.624739045521
68521 75971 0.625987052658
147180 49425 0.655771483295
12601 39468 0.690548287316
179592 200136 0.675865142978
20304 19903 0.643778439102
223809 121547 0.601326701653
166892 151459 0.611217216414
123138 53984 0.614692302985
56641 42828 0.689963055226
259867 9486 0.698627857161
11398 40008 0.60582333886
220715 81299 0.68523723294
40103 106035 0.627253422204
84916 63968 0.694838617745
19247 198968 0.684561646628
207663 152965 0.6679689724
136705 152127 0.670231558531
160063 163363 0.650053957907
180581 252804 0.661207189045
25846 125244 0.671918408672
87231 68736 0.633690205214
38207 136905 0.621191961326
73841 68973 0.619127674199
218711 135537 0.603101296947
137890 2302 0.639718161922
114465 94114 0.69277187321
149199 28830 0.687832998994
128000 24071 0.671443321463
131748 81051 0.615281313289
81428 68733 0.664137819469
206976 21260 0.656051957766
129892 23705 0.609173008563
24377 38859 0.613585598191
107399 97957 0.698817531131
21940 36772 0.666952402063
33281 49598 0.675400388128
68213 73983 0.673510474432
178897 195394 0.658119734785
246673 198160 0.657163476388
126684 76157 0.664864386644
77030 86499 0.681881032085
178878 177461 0.630456190908
207471 104559 0.628149241012
104258 199704 0.608863707151
46105 149219 0.656875730787
161116 211961 0.696639689047
48819 222629 0.623556156444
230500 250871 0.653751940222
93777 38915 0.611684437983
49482 17121 0.622004500642
125465 94943 0.604084680707
22088 207447 0.635191857486
213920 160619 0.690231347458
161550 195717 0.633517614281
18152 108865 0.692877123243
35576 71588 0.645209215969
219619 186375 0.619611497003
133468 7350 0.639408992239
37401 106570 0.64675625359
22276 130055 0.691364140659
235571 134964 0.632232858673
149780 207075 0.698531869804
68134 90687 0.692725047901
154671 195727 0.631173268578
208368 179969 0.66943100566
133476 239920 0.685961809347
51131 15486 0.691412181056
7044 102421 0.664127980454
102218 36497 0.692555426315
53918 94536 0.621200621465
67295 42385 0.680083871011
156725 208122 0.683690781115
229107 103686 0.684585100446
86336 73610 0.683308987318
112848 43014 0.666760251355
183306 187453 0.686607937685
220535 122436 0.686471320437
126719 197288 0.692999205354
150254 218887 0.673703151099
143844 153296 0.646882215844
58415 45311 0.654111215053
211823 216017 0.666779378697
113419 46158 0.610463927149
125809 148351 0.624308521492
121530 29141 0.675117270783
201258 13522 0.637777213092
133556 261180 0.685617303223
246810 141043 0.649180728058
104657 143931 0.641314014021
101841 33660 0.652713838414
154664 207687 0.621450433414
50643 240705 0.616922355823
210858 249304 0.61186714958
170709 175987 0.635125307823
244474 13944 0.605526953577
185119 252061 0.604180397187
190573 166859 0.65389067677
190055 250389 0.670887750783
59807 102170 0.625141664703
14831 106080 0.659990270912
217418 74861 0.609071886311
247292 187483 0.603584225696
260120 231206 0.639744347677
52815 93187 0.682828169722
187572 41788 0.633866231835
146755 23554 0.639658410754
113112 204499 0.646948613211
233769 112883 0.60543350125
36307 23210 0.633875457193
173562 212274 0.670717317756
208906 188179 0.605281563889
23719 38470 0.680596855008
41717 51822 0.674792686864
23133 217319 0.628786826999
50504 23278 0.655167599114
138513 244105 0.658879194835
178599 172443 0.647772780694
102330 37182 0.66020379235
221572 39699 0.620673565481
165976 148275 0.609491844201
146023 224409 0.64795518675
202272 159682 0.661410787484
202137 132162 0.617363476433
39698 222741 0.652437010927
217928 53047 0.654732680223
222503 49596 0.675290258488
148592 215458 0.65248508872
22738 190383 0.600024129057
144967 187895 0.655566670461
150007 126713 0.656867600641
20423 69973 0.648821682888
78304 116557 0.631786394764
29230 97941 0.663479343561
53143 223926 0.62743724204
111756 123261 0.679540078164
68225 37533 0.685378399145
53888 20858 0.676521890363
140472 127143 0.682437323182
139635 216950 0.605776512217
206860 215191 0.699239905379
144361 156282 0.672247872032
127954 49940 0.662566710413
190817 171317 0.64283071706
9446 135244 0.627643977815
51942 21711 0.657889473022
70529 119547 0.680278743013
150589 264340 0.640420859623
13307 252782 0.676754452151
256763 201134 0.690771408094
194568 174452 0.618207559307
227170 113449 0.669215068367
182442 251822 0.633949540663
17693 249089 0.651129128996
134605 184827 0.669049165566
120790 35619 0.65403746674
30019 17935 0.694362137012
137974 146080 0.668536162071
253373 176389 0.668529943824
115475 190859 0.688002910497
174213 144330 0.689243995093
235298 24960 0.644305720325
140814 222059 0.681083547665
249464 7970 0.68683370178
23066 107620 0.629165603607
166246 253640 0.617275618877
108262 131230 0.675503859131
157736 213453 0.661136808004
151282 205918 0.627534517027
258654 189178 0.605670183375
111657 199004 0.607629276124
195031 104738 0.685160470459
233140 32876 0.6119434106
15175 133940 0.623478407263
112691 101587 0.608130311096
143770 182818 0.695391669108
24288 210787 0.6721913142
254466 33868 0.66326659567
65927 220725 0.627859852731
47071 63650 0.688915575057
111345 99777 0.608883528079
50200 133078 0.640263139014
104418 204227 0.619312474491
262693 5911 0.691665982715
43808 141109 0.63558692603
39208 218281 0.696932576836
249861 229351 0.636309173964
195918 39517 0.604207441123
69826 104237 0.612565268821
149012 167880 0.62271837304
15155 98182 0.657933348377
39600 151224 0.689135120264
243148 236544 0.60317447442
201957 173289 0.666787722493
217197 38111 0.666732013188
45280 68326 0.656503734727
198524 162515 0.614957098283
170756 142335 0.669506006243
105812 94848 0.600239984605
25535 254731 0.653794379046
33887 49572 0.614373707139
105102 101366 0.696588748838
37448 215597 0.67288988664
14741 198985 0.691150242716
207256 138882 0.633549978575
138321 104969 0.610910574883
182586 252353 0.623555052229
214878 15561 0.660326322825
231606 16890 0.605150694061
52342 69806 0.698449504849
264344 232158 0.676871162728
263903 208413 0.697987314327
196717 54238 0.631624571089
187631 145177 0.664325040576
99670 104923 0.634413654671
52337 248933 0.692497415221
136668 29328 0.662421324487
32208 46776 0.604517879571
33127 250740 0.694234438725
232050 113901 0.696360738844
138588 157845 0.662184427534
200587 256573 0.698853844983
93963 26719 0.620189917272
218557 212364 0.6693592571
95433 41433 0.683065851888
228607 242539 0.698733143035
188455 120701 0.662581648654
25448 246125 0.679210021862
68573 38341 0.615159891485
44449 68490 0.627972599043
211530 222783 0.623982923721
214906 180000 0.645846585408
257526 4583 0.63896312439
52508 253108 0.685354425233
127986 76527 0.67246097664
60273 41613 0.674302329806
217696 74314 0.64203695281
246848 236814 0.67760029901
40519 103108 0.677369370459
196400 20275 0.69066402237
144652 43562 0.607765899129
39809 208314 0.617080090146
251263 228739 0.643064913251
133432 203859 0.663092730672
260014 229805 0.668936623666
109990 131815 0.692130126619
139934 213928 0.689638469387
142013 70149 0.699266700958
203938 130553 0.652276636505
133851 259877 0.606939970048
36496 58760 0.611837799588
31959 115980 0.680003933276
92771 33570 0.691219276032
248413 214930 0.678589020576
205969 149064 0.62471162829
124676 79604 0.699237452966
92057 99561 0.664403280876
132068 104194 0.681931480485
236106 245242 0.68246148113
247503 238323 0.607367620624
14344 213857 0.658776231537
70571 74008 0.630001447154
41041 136104 0.676145094262
163151 144426 0.638194905134
48331 196664 0.624244459575
217947 125853 0.605446028691
187394 44267 0.681013801074
67376 29377 0.604258963052
36378 233968 0.691811961946
104554 97799 0.647705665102
166744 251360 0.681063663267
122208 103468 0.6166632759
153566 205413 0.670851620875
34361 47551 0.64824048566
251104 206699 0.649726021804
38215 121900 0.644852511727
54703 144832 0.675187121748
53941 207062 0.616664265306
205465 251254 0.679571175816
224631 46123 0.631223715033
223859 101204 0.651652948492
216750 195811 0.697766752356
147714 203344 0.655631545978
189761 169704 0.613007201223
245637 209473 0.678481070814
226996 13311 0.676275365107
162219 181069 0.6044266567
88511 127609 0.686703569766
220357 63962 0.646626095301
134320 180128 0.617642710612
174413 190476 0.68435630735
122470 78129 0.605834284618
40542 253328 0.659589188108
186765 9444 0.655990313393
181462 241523 0.601296004997
126301 186574 0.651043777112
148647 218343 0.634380232769
27275 92111 0.667482652105
211129 222753 0.651915637272
134265 38274 0.620327641289
141006 212727 0.682124535416
49272 142624 0.691189703278
17155 144436 0.679818772419
201982 55654 0.634550955198
115754 34938 0.682063996103
147401 207592 0.602236591751
154378 149079 0.66340387446
55235 105714 0.638546069289
222094 205732 0.634373278281
153007 149964 0.609305033378
221515 125464 0.616169167208
145160 174241 0.626042092429
178184 202501 0.649551461775
61782 130694 0.699268357331
150790 54526 0.671856025317
31395 37332 0.687747625096
217979 90836 0.643614150373
124361 223100 0.695021754549
184421 246361 0.679624662318
230825 236878 0.605915062044
247130 310 0.644510056476
50861 35388 0.605542871518
43694 130136 0.604554830684
112523 127136 0.621205627467
172502 137951 0.653219021286
54850 118056 0.653136127254
45946 66783 0.678524585441
105365 140629 0.656663862486
104512 187160 0.624390785283
241949 263133 0.60885923362
208093 38975 0.642763827798
136631 223053 0.667499909085
129397 143077 0.65294352689
214754 45499 0.661399999758
250959 182586 0.650063006339
21220 230169 0.679547121072
31815 12091 0.615099890442
135524 247166 0.64709719643
123106 147005 0.658593289281
125179 77745 0.679383099734
50471 222279 0.607763812812
104574 94072 0.629491149935
13287 6916 0.619792325925
116544 121542 0.680129999257
35588 137700 0.631853187353
158609 200730 0.622837741514
247082 200293 0.624509978436
112769 115091 0.638973928448
101719 45091 0.668472562727
132423 223316 0.658907522732
32936 40308 0.692947786333
84498 78225 0.633944827985
218033 88263 0.696254481407
128463 109078 0.622689623375
11571 151538 0.698675845894
129241 146417 0.652065396787
143544 45669 0.620972159253
129958 113609 0.697804178417
148916 221245 0.65122681337
200928 17221 0.673908372654
83080 220503 0.680481654496
216109 65985 0.641693918622
16704 141058 0.61329881493
28011 38673 0.653759896614
244801 18129 0.693746590682
9840 41032 0.65892358807
20302 107133 0.617861452606
110209 187394 0.687453282396
163021 134290 0.607560341314
23772 140980 0.671503118315
137560 156334 0.662209482252
171802 188735 0.668492225586
138809 147073 0.686446155469
182779 141895 0.651468217394
205134 55245 0.624798501704
195876 161594 0.604915285732
218359 76942 0.623407873814
240253 29583 0.60513696366
51454 17686 0.64419942264
203950 159728 0.673160691869
121810 37050 0.619901477558
53514 11659 0.616897558661
224129 60282 0.635839816424
44340 118278 0.652918980818
173162 211396 0.616500626049
54324 151470 0.65313151934
20365 98446 0.696912491545
50671 137109 0.647721237346
134043 34231 0.690432332067
128749 63773 0.663284057097
179086 186660 0.603963308968
22240 250554 0.642789551744
40737 34103 0.626476848263
194741 15264 0.634523467194
85583 128939 0.609311310244
37715 188072 0.670707512335
143969 131080 0.607580559837
14693 46130 0.691169568973
214842 22719 0.636346207958
11192 22105 0.609233167081
55798 41986 0.63141919869
239482 254461 0.616152891103
210300 134017 0.622986493472
118225 131955 0.636835858591
29961 10441 0.683189695626
201197 247611 0.694595229644
103168 97234 0.679146221888
183985 196866 0.615172357791
3829 262905 0.624611115906
249186 17623 0.606181461132
108490 95057 0.613353273348
186676 170569 0.6011193358
10582 30154 0.679547411259
120631 64335 0.664800891041
197557 36520 0.646716176523
52496 101661 0.65233941005
138517 157848 0.686728926847
212179 141753 0.601111872632
218589 205570 0.633069017943
181467 14183 0.633157071482
50644 214350 0.657837287212
185822 210172 0.670149949495
18747 145743 0.66702035235
214925 157097 0.649606166638
140292 166577 0.622892380782
197319 17892 0.615840815478
134077 153013 0.648197887824
152558 142368 0.640050829042
31665 134443 0.60431550883
129061 56141 0.659899540807
9006 246227 0.636471986783
16560 109438 0.649947619101
127452 57772 0.676443734409
15119 227898 0.618108325917
214147 136704 0.618741461655
180666 145077 0.613442973135
216229 11639 0.621066294905
127773 29185 0.660777480523
230082 13842 0.699995647173
186495 121128 0.689573665053
131938 51280 0.637593035778
221511 73336 0.683967128103
171306 144807 0.609789412706
22134 190440 0.684365075934
240637 8894 0.665941039371
254450 816 0.624818623683
35127 34291 0.646545605813
133211 143852 0.64896796923
37464 122053 0.636178267689
93789 17746 0.660723608619
222456 126719 0.666065304664
10107 261182 0.611202971208
35239 102272 0.698452053153
246552 7691 0.622405022569
211930 147497 0.6062508254
112725 126919 0.623961155038
28572 144980 0.662114957198
103074 104384 0.653000725104
38498 189711 0.620457091156
199489 18863 0.642569308202
242326 236855 0.64819159473
124541 26884 0.63628948929
100349 131776 0.617997722081
48673 24024 0.631405345032
197432 217138 0.670563713316
99430 106988 0.644104786027
64039 102154 0.613568793785
39145 233592 0.691839125028
189280 242507 0.6009287183
54055 122870 0.661306908558
140926 212090 0.673976225833
253243 201066 0.688124661466
57050 117744 0.69216144595
68215 100827 0.673583659155
25746 44152 0.606223615489
150640 22969 0.613110322328
106460 25289 0.674922477973
168972 148169 0.68508971994
53894 63348 0.627505409148
173623 170824 0.623845635704
135469 198626 0.697964005143
22107 141696 0.684442172486
261217 259204 0.644469065468
215067 155771 0.631246469227
64046 38558 0.622233107977
109199 77469 0.609311128552
239375 235043 0.653907025407
57547 63027 0.638919117137
188680 36931 0.611945526495
254596 208873 0.618750011333
40213 141117 0.657791311403
233542 255290 0.683236708513
149609 136135 0.674810716406
137459 214012 0.616689170359
108610 230589 0.600791056985
31981 28103 0.663957498073
52388 103790 0.668651095048
103935 219880 0.669239820817
218451 149716 0.631619396453
11656 141783 0.630678044963
141729 216433 0.655010224632
160623 211655 0.616830823
128761 215601 0.643681623935
219342 204477 0.60362348195
148266 131645 0.659439624298
35584 218341 0.696717019547
94558 9096 0.602157760582
249123 211192 0.690694402231
152302 137405 0.602549554616
52242 169988 0.648010166986
43553 25786 0.695394447447
175086 204891 0.69890888772
13307 145140 0.659177910697
16276 201160 0.643648488357
252596 201171 0.626101642743
213880 24190 0.674606997109
189828 153795 0.650679603687
215606 186477 0.650245978519
110274 56087 0.616951891944
19779 53110 0.642738304863
229753 32511 0.600104309898
138883 110018 0.661213948452
32237 13642 0.642626564231
151926 157707 0.675297619335
149616 137881 0.624599353682
149882 26443 0.628680847654
190374 174178 0.622142661141
53644 64129 0.624830292689
20759 141411 0.639363870971
142517 38474 0.64916958553
187502 180548 0.608299320331
44553 31401 0.691350522016
50943 201723 0.662550088591
66960 189721 0.630574187548
182384 166082 0.655860205137
36217 19523 0.637640779483
215306 74457 0.644046532936
7681 22780 0.64889758595
153490 145398 0.622132846317
147156 205384 0.661228987794
44918 97567 0.699382653891
196041 183413 0.672696033443
137915 175345 0.677635209863
190178 101537 0.632785395108
61213 130486 0.624049326488
135522 148746 0.669629097014
161720 52268 0.60870072408
149664 129893 0.605753932606
137605 109743 0.632587289405
199246 143395 0.618409425996
252161 144759 0.60860788748
207530 28496 0.628848786717
237940 263881 0.624292296619
130717 117122 0.6054533402
121773 38421 0.635766933739
162760 187319 0.628597626293
17328 26424 0.679731068246
76937 89023 0.626489368432
201653 144511 0.669541811019
2397 253094 0.696923056442
214116 248242 0.69398533226
137675 148132 0.61201868535
103576 145567 0.618122208632
25863 141931 0.673025106546
206460 252729 0.616694674613
197699 157901 0.604344458597
142863 103869 0.630213137956
147450 24369 0.629132934923
112657 193303 0.646449236564
176563 169640 0.636101211495
135398 247401 0.668793999111
110353 140444 0.631694798187
228052 26638 0.62255785148
17111 51070 0.650652241576
41070 72788 0.627110772279
23452 142013 0.680942666919
213936 249520 0.654730236413
32066 135359 0.689335414178
222293 65251 0.675415531109
103673 130812 0.611569014734
222224 194815 0.680513699967
94952 25562 0.697657113111
25209 232479 0.668494977998
140305 13157 0.674830765789
24526 148957 0.658668692988
132424 95384 0.637537849993
60365 116670 0.64210915966
96936 92071 0.657193643804
172560 197330 0.698370139775
198345 181634 0.666997272223
29599 11411 0.663846194019
74582 85047 0.692595333286
218243 44423 0.685864240638
217553 136332 0.638352238176
103869 127664 0.627371279485
11069 250072 0.60843618458
49278 216414 0.699641980149
102220 39532 0.617998077682
28912 41762 0.62526531755
239574 135740 0.699633293171
780 254871 0.656585176479
209580 134090 0.646585075834
216733 87434 0.640284411967
253584 866 0.649863509548
11040 55270 0.66931416365
69536 57875 0.682360383073
99610 127136 0.675820609298
185701 135965 0.603754447612
19722 226637 0.600217705121
218091 143741 0.688273830252
134247 109680 0.655676931058
186665 127047 0.620297763865
221177 203808 0.659568131149
246222 181435 0.679451514338
125420 15044 0.672909984221
150667 27248 0.69257490838
186518 123647 0.657287264658
206173 13891 0.681922537614
106787 27480 0.651810471345
230293 93873 0.631678518872
202311 38026 0.614389162837
253658 242633 0.62931600476
246282 212155 0.631399670557
140908 181708 0.643945016387
162491 139736 0.629904764026
188856 120959 0.625724183419
171417 137276 0.672321043411
143526 170749 0.692654278751
112530 51330 0.655140542061
37183 95968 0.688540831225
97285 71880 0.69078837369
12174 178969 0.61215122062
130627 190337 0.699317051531
10553 226662 0.61593520856
40718 140245 0.610262455008
252521 20365 0.695488408467
28977 199281 0.675394625393
48196 97336 0.644611237868
61825 82952 0.685750174617
220371 80748 0.646251353882
112218 196084 0.61734947468
27558 129091 0.614352729807
101148 39603 0.693465552733
222603 70749 0.68538778081
216638 67558 0.682264368853
256213 184227 0.650910106729
217076 101144 0.672130995199
73460 217735 0.673457572897
51604 253346 0.697646425234
96465 111653 0.661007717676
190477 39660 0.676952813792
115625 33803 0.6156479264
16932 105573 0.699216825779
249775 143683 0.658794957472
137854 19729 0.670275540486
13331 141293 0.663748824555
118423 128063 0.629059216913
75980 62311 0.637743495776
102349 47659 0.681388019899
78228 62076 0.644140412738
19261 45219 0.63288819367
30713 49323 0.667556452825
252440 230921 0.64527935831
222394 189046 0.683377171194
46909 66823 0.6584134404
205532 11555 0.613139202345
7398 37894 0.63194333909
212160 55021 0.695438678536
156103 207577 0.610160971384
129765 80088 0.628948519177
181780 249492 0.687856054612
209507 254466 0.636637298148
205922 198799 0.666572444142
13892 109801 0.693318090284
255989 51346 0.657926930187
246538 7218 0.626175376269
127311 150984 0.613164431116
28227 163369 0.639046341121
145317 127064 0.661507019683
11417 252057 0.652653145341
234398 30443 0.61463765882
200351 185298 0.698640351014
232448 26068 0.65720296131
169606 135389 0.691146292342
121892 61536 0.654278723252
209899 176236 0.697982975774
242353 163160 0.616330294101
120287 71521 0.695377518692
163779 249250 0.622684807475
17561 138705 0.688398644389
246901 1117 0.647035454148
14564 51449 0.63720954028
146398 24122 0.615079593931
154076 205139 0.639162396045
233805 20216 0.611224988625
199118 21220 0.628161788318
261513 2536 0.624267292308
102642 128077 0.677760000982
176083 206582 0.658855124816
10656 187568 0.683874413604
194532 241417 0.662599513735
78487 90695 0.611304179085
144849 130250 0.661622331102
242625 254695 0.638981602818
197822 49478 0.604922629942
200415 223009 0.675909002849
170819 198125 0.686281195848
22819 230604 0.655493696033
108528 190214 0.671878426977
55504 207436 0.628088417525
188655 129513 0.642715664711
94064 45571 0.634991826298
202142 33934 0.616732794055
145306 127804 0.66951179494
45646 71355 0.622483654671
77984 224931 0.678774882568
92953 24409 0.694730348715
53467 206384 0.676784090556
37517 11304 0.688718205551
71338 86196 0.670204940754
232740 29190 0.644690505239
195723 223833 0.653971031135
54442 201386 0.636188092787
134238 19200 0.66717864076
163691 255675 0.628558194542
261273 18735 0.628629270766
48639 21487 0.668871284695
142817 14175 0.68970493205
128889 55400 0.605368495888
179704 252397 0.640776447982
76215 82199 0.69420776764
95318 49256 0.673997105823
146091 39117 0.668216797577
31998 50986 0.605183582621
46732 204725 0.697963629112
11803 225692 0.63374957017
262676 247652 0.64325817784
39712 122930 0.638226131301
40497 96935 0.696246881434
147371 161341 0.675145852504
65596 125311 0.636430337319
113875 21317 0.691616878437
254385 206926 0.675975456652
32456 115391 0.631024053961
12479 200317 0.65833336444
139627 247460 0.699721351197
202408 248878 0.699751457158
73037 97331 0.605055040286
33648 38073 0.662500466783
230507 133054 0.612085691377
54444 145838 0.693055569961
131900 111470 0.604136035827
130246 51933 0.675759373077
197110 175343 0.676942262451
55084 209913 0.616468312642
158334 210949 0.645414627181
233175 20219 0.633286158769
222370 64411 0.641671906964
168012 186533 0.65738409848
124814 73574 0.615389334859
155728 133426 0.626299748403
216049 24421 0.642114074565
189201 245172 0.69602450989
20417 127405 0.678685899714
63361 87237 0.693060564549
22010 100307 0.673337460322
9864 29817 0.668782655844
225162 110173 0.622433304723
217000 204996 0.68146571026
171056 146906 0.616519145876
138065 240011 0.691905303256
203472 248566 0.611129455851
197710 7304 0.626255356054
188953 123074 0.697767783346
20789 200433 0.607252214726
12691 190524 0.638250270586
143391 13024 0.606443611624
243434 23835 0.614342565237
68518 57663 0.695956124936
49731 33996 0.607612145688
84817 91392 0.638602948595
173925 157706 0.678059000081
66768 88344 0.632456235774
212385 189668 0.688812567724
138798 26618 0.680417530428
31527 54807 0.66014864305
138284 169107 0.698630049311
8883 53064 0.682858073438
250557 189688 0.657830154628
234017 10973 0.643315670431
201856 254357 0.691090394971
242329 238507 0.613937082474
146904 37437 0.682136609461
43929 72692 0.614614508054
196375 49066 0.661743656404
21556 40823 0.611213649826
29215 139532 0.612960657294
162649 136400 0.698933194088
110785 123014 0.641504479853
218700 73973 0.661056114138
146953 208758 0.66488754483
56633 16861 0.650114676682
133215 213808 0.686480618346
212482 222062 0.69774382179
218605 47891 0.605936155464
65278 73003 0.618919160772
65837 220154 0.60111900092
201820 147430 0.640403881208
250061 206410 0.692820689043
70790 80466 0.645613127621
7579 26720 0.61494774046
82849 75698 0.643543736145
160801 210802 0.685181900938
249925 184278 0.61268379241
224599 73911 0.682214815995
220011 44849 0.602989124669
247665 12397 0.657723673165
238686 258502 0.636460512019
111586 264160 0.648343161225
2286 248960 0.61875282546
245411 226907 0.685365516698
195843 163343 0.647381347014
254265 195487 0.674923904463
71406 216350 0.633777732643
210294 25768 0.655284609697
176872 163527 0.696433764172
56994 64595 0.61176652739
197393 224604 0.692922064061
54654 149551 0.68001573624
196726 24065 0.615730432708
204361 48615 0.644951384976
48654 124443 0.665552326538
70336 39402 0.628298899411
42857 130953 0.631633988393
247623 236111 0.687215521219
231295 264090 0.650832839074
124151 40110 0.650511408047
53684 100379 0.668268908039
122036 77238 0.618690246541
139629 15119 0.622779021992
190362 184087 0.677485164815
184992 188883 0.606306003809
24795 146980 0.661444909198
214834 113227 0.607286362586
65695 81015 0.638971490106
148677 49601 0.637633584968
52618 143855 0.659289791549
107508 100039 0.69840502925
84479 89197 0.664649723881
101287 72704 0.69179812035
36609 60046 0.684321533364
37832 20073 0.665300918321
117413 70051 0.620398064645
207632 179883 0.615484489612
219933 42909 0.634886678369
166720 198116 0.647594301401
13073 40406 0.6155808275
189014 250385 0.650691357495
134041 10304 0.663022565382
250122 144126 0.638189785745
103635 8164 0.658819826633
142381 171600 0.612929456268
63421 48475 0.632874414064
18964 130584 0.617564357496
19857 244967 0.643386528844
60542 100999 0.602988145711
143306 154493 0.61602406048
206831 136978 0.679489169326
72067 37531 0.65749054574
243972 10217 0.681080630948
46958 72677 0.603374210872
47741 22743 0.652566223709
141477 27123 0.603066412794
154168 138631 0.686816823812
249779 40046 0.68168166593
123669 96203 0.649904470882
246826 142217 0.679165788539
110873 122748 0.670961523256
205406 253170 0.653541021153
220843 44620 0.628012554236
42600 119826 0.669341258293
163302 146689 0.619300927536
211206 160054 0.666018931818
126749 102884 0.627826099904
194540 107618 0.61628021656
212389 137317 0.634915554955
13189 186683 0.645228329912
47305 60166 0.676678943984
74499 82713 0.659747725917
115306 41943 0.680644973888
23420 138863 0.621861982893
235474 244826 0.602484927254
92565 22266 0.620013354856
112569 32104 0.663381449095
146143 25511 0.624587277669
71070 90918 0.624889465827
204937 175512 0.638601343144
97531 20664 0.696033211181
59576 126812 0.669338682952
137102 179108 0.622170514016
67612 186403 0.651828316689
148737 168932 0.696689302061
212437 195008 0.687349030215
140454 210101 0.635547522826
150957 12310 0.658998614353
53921 129315 0.692464116894
23198 45985 0.640504431289
175292 212123 0.609929555103
195991 165807 0.644124856216
38198 118232 0.618674082126
31326 38120 0.662006213619
198787 150828 0.661300246129
218822 42628 0.638355839034
59550 216764 0.696664370887
239737 134195 0.683465927419
255957 196898 0.639130774149
232217 135772 0.663107358671
188286 11014 0.609874196141
248479 20032 0.62926278523
253480 197462 0.621714954879
44179 9610 0.661203096861
145051 112635 0.646968798095
252677 56566 0.661987110778
48369 116873 0.669597076412
195869 223023 0.677933266476
8385 39459 0.677784843575
57453 69548 0.619466505737
26018 45962 0.676090236075
91764 132077 0.646645953602
10437 137255 0.613255984774
254266 21977 0.647386299521
134076 206933 0.685190610203
54560 21230 0.676463539977
78766 120979 0.61910321281
183366 188807 0.678451905067
31195 241255 0.647359148045
261538 10953 0.613651637783
194927 120057 0.637116016491
53632 41772 0.622122908046
8427 112187 0.691214037394
105822 127233 0.651275900698
123532 113455 0.620458762785
238480 247695 0.612313853252
134640 29530 0.616715244052
195512 180413 0.632016951962
70008 88944 0.627042720298
221064 73790 0.641307720962
209650 138194 0.626240004325
6556 44051 0.662872291719
21151 255686 0.668329605685
151291 181718 0.68650078257
21090 219075 0.620109178216
46886 63516 0.689008533069
44990 105375 0.663452178149
258369 235592 0.642158292878
81425 61820 0.684615598136
70221 190344 0.64666066456
93500 187400 0.613526347101
123493 64323 0.692196952231
189455 109262 0.681189316361
55157 17379 0.66679208108
230258 240627 0.653390567686
128280 24099 0.600348208132
50078 21105 0.677415485351
124985 222055 0.678132009983
182795 204826 0.642401770022
18450 229894 0.600958372658
34228 49856 0.66134888455
140184 181622 0.690203787799
163537 55567 0.682049444284
21882 92893 0.669844360231
45955 215240 0.632640699129
134552 147501 0.63177169887
106809 103679 0.615468537827
252908 145273 0.653704688342
199744 247552 0.657262506477
101588 189761 0.699915196465
201894 148492 0.606057546737
146405 53174 0.688593690607
177500 205454 0.603984911595
87627 77526 0.666874763167
190273 106340 0.619768345972
149486 194792 0.665677910519
129325 97111 0.670845495586
123759 108819 0.630200393912
39755 122919 0.679353053444
