28713 126446 0.815829658958
109688 56124 0.851012950779
210386 29426 0.871417383326
262063 2342 0.806987228762
136288 174906 0.877294075245
238884 245570 0.846974994909
13807 200803 0.840760886818
8847 244005 0.807033007542
144459 110784 0.884572849973
24235 256772 0.860913150047
218188 78567 0.889623575052
199855 14174 0.829743653993
189142 165156 0.865294428093
223184 141560 0.861895083559
27025 209433 0.833063575202
68521 75971 0.834032920138
147180 49425 0.88033113373
12601 39468 0.863274229705
179592 200136 0.851700053678
20304 19903 0.834860903264
223809 121547 0.807260796314
166892 151459 0.883521296736
123138 53984 0.823327742709
56641 42828 0.887739862345
259867 9486 0.845584189968
11398 40008 0.897407297714
220715 81299 0.82766169847
40103 106035 0.899584972728
84916 63968 0.89849686622
19247 198968 0.807272535306
207663 152965 0.887933835451
136705 152127 0.873324247961
160063 163363 0.838991137437
180581 252804 0.806882121118
25846 125244 0.866253400235
87231 68736 0.873064216796
38207 136905 0.841666194979
73841 68973 0.850610474076
218711 135537 0.822523456736
137890 2302 0.898966372977
114465 94114 0.844817431351
149199 28830 0.893624329692
128000 24071 0.848433950486
131748 81051 0.851667096831
81428 68733 0.805908502114
206976 21260 0.841474690283
129892 23705 0.870812984848
24377 38859 0.814820116718
107399 97957 0.813176221326
21940 36772 0.837283068483
33281 49598 0.891483556604
68213 73983 0.800009375974
178897 195394 0.803017255182
246673 198160 0.865794352108
126684 76157 0.806094787069
77030 86499 0.871985555506
178878 177461 0.839187577389
207471 104559 0.868806307507
104258 199704 0.850909098521
46105 149219 0.88685595853
161116 211961 0.869440422382
48819 222629 0.888002272293
230500 250871 0.893357816899
93777 38915 0.809581146313
49482 17121 0.88224196866
125465 94943 0.84945754637
22088 207447 0.848347019545
213920 160619 0.815628484794
161550 195717 0.839271889763
18152 108865 0.821632435928
35576 71588 0.819823871286
219619 186375 0.845485922501
133468 7350 0.875724511234
37401 106570 0.854526899683
22276 130055 0.894236082967
235571 134964 0.889951145755
149780 207075 0.862183310938
68134 90687 0.875149379205
154671 195727 0.897939772154
208368 179969 0.837586016961
133476 239920 0.885501940504
51131 15486 0.828466657025
7044 102421 0.841612886059
102218 36497 0.809915211823
53918 94536 0.838663562824
67295 42385 0.895520516005
156725 208122 0.898995630105
229107 103686 0.815661137984
86336 73610 0.855091363758
112848 43014 0.865507132123
183306 187453 0.823864491763
220535 122436 0.877359480396
126719 197288 0.884162415804
150254 218887 0.820852115611
143844 153296 0.892076452628
58415 45311 0.800359554231
211823 216017 0.828733039549
113419 46158 0.809450173845
125809 148351 0.830825475214
121530 29141 0.859895092654
201258 13522 0.811459078834
133556 261180 0.876485659234
246810 141043 0.858557274569
104657 143931 0.892168501819
101841 33660 0.802947536631
154664 207687 0.820214465726
50643 240705 0.865986503909
210858 249304 0.846429602334
170709 175987 0.80784676907
244474 13944 0.847184978592
185119 252061 0.874600118877
190573 166859 0.870352442393
190055 250389 0.816879621005
59807 102170 0.881881494193
14831 106080 0.864256709181
217418 74861 0.82656298456
247292 187483 0.800723741408
260120 231206 0.893675418848
52815 93187 0.854009824603
187572 41788 0.859257122436
146755 23554 0.829652948288
113112 204499 0.847758402667
233769 112883 0.838614053871
36307 23210 0.816937512518
173562 212274 0.871838160283
208906 188179 0.83882118247
23719 38470 0.839591752563
41717 51822 0.849817599904
23133 217319 0.813684925366
50504 23278 0.814882703908
138513 244105 0.865736420737
178599 172443 0.824452420937
102330 37182 0.805357112717
221572 39699 0.897713028933
165976 148275 0.874584128481
146023 224409 0.891149286138
202272 159682 0.807072457306
202137 132162 0.896610801304
39698 222741 0.870355926621
217928 53047 0.848361174659
222503 49596 0.823311239196
148592 215458 0.838784431834
22738 190383 0.868551423393
144967 187895 0.848279197103
150007 126713 0.84154478082
20423 69973 0.805915014149
78304 116557 0.883822310678
29230 97941 0.846057161557
53143 223926 0.889082844108
111756 123261 0.898710679881
68225 37533 0.85956027503
53888 20858 0.813742891961
140472 127143 0.867834564672
139635 216950 0.887149620639
206860 215191 0.846645420801
144361 156282 0.872775317168
127954 49940 0.880985714447
190817 171317 0.835931501513
9446 135244 0.831258603977
51942 21711 0.894007956918
70529 119547 0.872040438644
150589 264340 0.800026938318
13307 252782 0.834495073306
256763 201134 0.808066729512
194568 174452 0.87096174802
227170 113449 0.843133504673
182442 251822 0.863035852367
17693 249089 0.832707490559
134605 184827 0.862499016356
120790 35619 0.868999262846
30019 17935 0.899486209818
137974 146080 0.892758277263
253373 176389 0.875065378994
115475 190859 0.823377300038
174213 144330 0.816200080433
235298 24960 0.872472901255
140814 222059 0.824732099884
249464 7970 0.84675864002
23066 107620 0.817299986098
166246 253640 0.872590812076
108262 131230 0.862230914395
157736 213453 0.846633402875
151282 205918 0.804432090037
258654 189178 0.834510103557
111657 199004 0.813647008596
195031 104738 0.893556405985
233140 32876 0.84234779056
15175 133940 0.820189824107
112691 101587 0.843292216137
143770 182818 0.851840215873
24288 210787 0.839124378498
254466 33868 0.881181625246
65927 220725 0.879264598994
47071 63650 0.840623014154
111345 99777 0.822351735072
50200 133078 0.803088185055
104418 204227 0.804964905069
262693 5911 0.839610890264
43808 141109 0.889546552173
39208 218281 0.839600971087
249861 229351 0.834717651679
195918 39517 0.894264908458
69826 104237 0.829226087001
149012 167880 0.891235600025
15155 98182 0.82318165864
39600 151224 0.826894111729
243148 236544 0.835528808369
201957 173289 0.892171267184
217197 38111 0.896160951678
45280 68326 0.89714661805
198524 162515 0.84243983455
170756 142335 0.861387605869
105812 94848 0.867942675245
25535 254731 0.810474851163
33887 49572 0.813926022226
105102 101366 0.848564101927
37448 215597 0.892226316002
14741 198985 0.808357971137
207256 138882 0.809191298373
138321 104969 0.887389731954
182586 252353 0.845554244063
214878 15561 0.869741458775
231606 16890 0.845461255006
52342 69806 0.870077073231
264344 232158 0.80209744835
263903 208413 0.867537257548
196717 54238 0.87102331823
187631 145177 0.822525504575
99670 104923 0.877784221884
52337 248933 0.849145954139
136668 29328 0.84936716729
32208 46776 0.851509128881
33127 250740 0.837290247325
232050 113901 0.871648401744
138588 157845 0.87627539159
200587 256573 0.819444449885
93963 26719 0.89049910607
218557 212364 0.861963156212
95433 41433 0.851279666555
228607 242539 0.84502287608
188455 120701 0.824300772823
25448 246125 0.898447688112
68573 38341 0.856534059774
44449 68490 0.842155603441
211530 222783 0.85242449191
214906 180000 0.832064977477
257526 4583 0.886681361191
52508 253108 0.887940620673
127986 76527 0.818215376631
60273 41613 0.827144459113
217696 74314 0.893221728212
246848 236814 0.808656664265
40519 103108 0.84851582651
196400 20275 0.894463627635
144652 43562 0.812173507961
39809 208314 0.825766937936
251263 228739 0.842849179805
133432 203859 0.892858668404
260014 229805 0.872516478901
109990 131815 0.875064137307
139934 213928 0.810094625301
142013 70149 0.86883197371
203938 130553 0.867186607745
133851 259877 0.879912052795
36496 58760 0.885338286956
31959 115980 0.840362269021
92771 33570 0.857848180106
248413 214930 0.827269541462
205969 149064 0.813033004276
124676 79604 0.888150523887
92057 99561 0.847123583251
132068 104194 0.887402428593
236106 245242 0.858539356261
247503 238323 0.895259510423
14344 213857 0.88056468515
70571 74008 0.849832320194
41041 136104 0.878723055385
163151 144426 0.823550678069
48331 196664 0.816758790507
217947 125853 0.877812036335
187394 44267 0.808050673659
67376 29377 0.811442240461
36378 233968 0.837700435165
104554 97799 0.844667620045
166744 251360 0.816918490901
122208 103468 0.86829907959
153566 205413 0.802962453727
34361 47551 0.816566916187
251104 206699 0.808143718854
38215 121900 0.865101239059
54703 144832 0.880852583309
53941 207062 0.858365938313
205465 251254 0.884781674482
224631 46123 0.852476651957
223859 101204 0.84789633807
216750 195811 0.851495757956
147714 203344 0.847191855713
189761 169704 0.892816636628
245637 209473 0.837685919364
226996 13311 0.812914379122
162219 181069 0.866222686934
88511 127609 0.804241806516
220357 63962 0.891843268314
134320 180128 0.877204592806
174413 190476 0.843601014583
122470 78129 0.868616688502
40542 253328 0.887954037828
186765 9444 0.857652322633
181462 241523 0.865396632512
126301 186574 0.846058101947
148647 218343 0.855620324648
27275 92111 0.858389496046
211129 222753 0.870937398418
134265 38274 0.89224220029
141006 212727 0.857035041501
49272 142624 0.84832001645
17155 144436 0.862088384519
201982 55654 0.831073171377
115754 34938 0.877602774808
147401 207592 0.874058389837
154378 149079 0.873727090282
55235 105714 0.876251851667
222094 205732 0.881887115191
153007 149964 0.847361201792
221515 125464 0.8101863593
145160 174241 0.807972427482
178184 202501 0.834426522112
61782 130694 0.810631213934
150790 54526 0.874597235505
31395 37332 0.84568192685
217979 90836 0.887048245753
124361 223100 0.879635833954
184421 246361 0.872702962491
230825 236878 0.826983748404
247130 310 0.83664418591
50861 35388 0.892291721578
43694 130136 0.847132982581
112523 127136 0.8021512533
172502 137951 0.833146654798
54850 118056 0.899774005068
45946 66783 0.846581288473
105365 140629 0.864686456746
104512 187160 0.872641887669
241949 263133 0.878070275221
208093 38975 0.812992298861
136631 223053 0.811104946513
129397 143077 0.863984228313
214754 45499 0.847560152031
250959 182586 0.868846000088
21220 230169 0.889462728276
31815 12091 0.82392719531
135524 247166 0.878624655689
123106 147005 0.849211986912
125179 77745 0.856607626777
50471 222279 0.831290282717
104574 94072 0.817695418276
13287 6916 0.895127567531
116544 121542 0.88607192718
35588 137700 0.869493835893
158609 200730 0.816194689892
247082 200293 0.844901202489
112769 115091 0.812726790983
101719 45091 0.887904937321
132423 223316 0.865914869758
32936 40308 0.814138968973
84498 78225 0.815460513991
218033 88263 0.881065541378
128463 109078 0.85394049523
11571 151538 0.81365347853
129241 146417 0.84313127521
143544 45669 0.847259450558
129958 113609 0.859419238681
148916 221245 0.820059126238
200928 17221 0.830728171991
83080 220503 0.8986848393
216109 65985 0.884244868674
16704 141058 0.83656713667
28011 38673 0.874521478545
244801 18129 0.882419772216
9840 41032 0.824206444209
20302 107133 0.812616464036
110209 187394 0.854209300836
163021 134290 0.845932088457
23772 140980 0.849555828238
137560 156334 0.8168302612
171802 188735 0.87801884875
138809 147073 0.850353257386
182779 141895 0.892196914667
205134 55245 0.873171585928
195876 161594 0.813482612647
218359 76942 0.835764334125
240253 29583 0.81855104169
51454 17686 0.896425371785
203950 159728 0.864664650094
121810 37050 0.89839113925
53514 11659 0.851062804856
224129 60282 0.832440324216
44340 118278 0.822523820305
173162 211396 0.83740545114
54324 151470 0.821211914686
20365 98446 0.821219016238
50671 137109 0.820403974047
134043 34231 0.833963820669
128749 63773 0.818135365861
179086 186660 0.835714010753
22240 250554 0.883317864405
40737 34103 0.834515774071
194741 15264 0.822187069288
85583 128939 0.880393837098
37715 188072 0.869761858487
143969 131080 0.810069672766
14693 46130 0.841911271254
214842 22719 0.847710507386
11192 22105 0.823141270247
55798 41986 0.812598966485
239482 254461 0.880596607146
210300 134017 0.851607575643
118225 131955 0.803779261592
29961 10441 0.884817289833
201197 247611 0.866798519523
103168 97234 0.802370968618
183985 196866 0.885027134295
3829 262905 0.896937112746
249186 17623 0.812330833434
108490 95057 0.844134909688
186676 170569 0.83032577907
10582 30154 0.887244950561
120631 64335 0.803563444998
197557 36520 0.884522344335
52496 101661 0.815599317612
138517 157848 0.843283925999
212179 141753 0.83290055516
218589 205570 0.82066253764
181467 14183 0.825892063731
50644 214350 0.809115410927
185822 210172 0.80972605751
18747 145743 0.867053609042
214925 157097 0.822085149589
140292 166577 0.827181463492
197319 17892 0.89042722752
134077 153013 0.888191937906
152558 142368 0.88506050975
31665 134443 0.808761900119
129061 56141 0.802954539048
9006 246227 0.897870809852
16560 109438 0.831607550458
127452 57772 0.877738826195
15119 227898 0.839452033186
214147 136704 0.885473268502
180666 145077 0.836217404476
216229 11639 0.877332015154
127773 29185 0.879752982706
230082 13842 0.811054225406
186495 121128 0.893946909443
131938 51280 0.889681753001
221511 73336 0.864390192251
171306 144807 0.817193647621
22134 190440 0.896402583552
240637 8894 0.834777157053
254450 816 0.827553762825
35127 34291 0.870476241475
133211 143852 0.895595227357
37464 122053 0.880740508618
93789 17746 0.862656255741
222456 126719 0.890521007062
10107 261182 0.811677986227
35239 102272 0.810119536504
246552 7691 0.828021631389
211930 147497 0.806548199418
112725 126919 0.818343185337
28572 144980 0.818049535019
103074 104384 0.820238094714
38498 189711 0.815946412234
199489 18863 0.877867889321
242326 236855 0.839977622505
124541 26884 0.809879436876
100349 131776 0.891364182339
48673 24024 0.881409354844
197432 217138 0.843602580701
99430 106988 0.818968271532
64039 102154 0.810721323716
39145 233592 0.897021266801
189280 242507 0.862316095467
54055 122870 0.875588550535
140926 212090 0.866187361034
253243 201066 0.86300824074
57050 117744 0.854331975158
68215 100827 0.831768674355
25746 44152 0.849434710742
150640 22969 0.80987540107
106460 25289 0.81047521353
168972 148169 0.877374573362
53894 63348 0.839472677522
173623 170824 0.817514466878
135469 198626 0.856238824236
22107 141696 0.860095101904
261217 259204 0.869746553133
215067 155771 0.886093957254
64046 38558 0.833997393995
109199 77469 0.812806819306
239375 235043 0.835221402453
57547 63027 0.824519647463
188680 36931 0.805526414132
254596 208873 0.856102394858
40213 141117 0.815400843241
233542 255290 0.811511801456
149609 136135 0.861135451348
137459 214012 0.884383598411
108610 230589 0.813192448034
31981 28103 0.845596736096
52388 103790 0.806544191857
103935 219880 0.891722829855
218451 149716 0.835295373639
11656 141783 0.871015548036
141729 216433 0.885546198848
160623 211655 0.85157508139
128761 215601 0.889387895497
219342 204477 0.870732156265
148266 131645 0.887794055692
35584 218341 0.858898602462
94558 9096 0.817410018149
249123 211192 0.869476349166
152302 137405 0.849863870744
52242 169988 0.885155058237
43553 25786 0.843890091054
175086 204891 0.886790678332
13307 145140 0.878058647478
16276 201160 0.85635993769
252596 201171 0.817630301404
213880 24190 0.872849483265
189828 153795 0.827043935191
215606 186477 0.820319944914
110274 56087 0.823265183801
19779 53110 0.82834371419
229753 32511 0.801784220482
138883 110018 0.898093637882
32237 13642 0.82895967256
151926 157707 0.895732062851
149616 137881 0.876621575393
149882 26443 0.891201363429
190374 174178 0.824672685541
53644 64129 0.862700761211
20759 141411 0.822019652552
142517 38474 0.841061953094
187502 180548 0.855792109979
44553 31401 0.809432358933
50943 201723 0.885871984113
66960 189721 0.894623662447
182384 166082 0.809989740474
36217 19523 0.883989926664
215306 74457 0.880398961989
7681 22780 0.802075937691
153490 145398 0.851795517516
147156 205384 0.862049662134
44918 97567 0.875441323437
196041 183413 0.826992882458
137915 175345 0.865230259978
190178 101537 0.810330053152
61213 130486 0.865953788871
135522 148746 0.856468005514
161720 52268 0.818360483993
149664 129893 0.8607573503
137605 109743 0.818597768442
199246 143395 0.813576988931
252161 144759 0.805508971437
207530 28496 0.891195614534
237940 263881 0.838704061256
130717 117122 0.870607680923
121773 38421 0.836526521063
162760 187319 0.853912586444
17328 26424 0.89687106708
76937 89023 0.833197295918
201653 144511 0.859935121619
2397 253094 0.895722206459
214116 248242 0.839625964873
137675 148132 0.881069870356
103576 145567 0.887382383606
25863 141931 0.882780403387
206460 252729 0.825442886033
197699 157901 0.874353687153
142863 103869 0.867697790342
147450 24369 0.840594486034
112657 193303 0.811837463748
176563 169640 0.817263610466
135398 247401 0.834194846193
110353 140444 0.835246637475
228052 26638 0.840298728102
17111 51070 0.86737051776
41070 72788 0.888942513068
23452 142013 0.88541572388
213936 249520 0.89198624625
32066 135359 0.829754602993
222293 65251 0.80641137584
103673 130812 0.897988573336
222224 194815 0.848554186569
94952 25562 0.80692446005
25209 232479 0.854847195662
140305 13157 0.831969809978
24526 148957 0.835621108646
132424 95384 0.84573594376
60365 116670 0.818224567829
96936 92071 0.822060665401
172560 197330 0.844217867517
198345 181634 0.868956143686
29599 11411 0.85345393925
74582 85047 0.838364733651
218243 44423 0.845225103079
217553 136332 0.803330218908
103869 127664 0.861534732821
11069 250072 0.841700889534
49278 216414 0.817780117571
102220 39532 0.858015251768
28912 41762 0.873586905464
239574 135740 0.832042951441
780 254871 0.865684872701
209580 134090 0.835553948502
216733 87434 0.813857443164
253584 866 0.813372907822
11040 55270 0.870359309338
69536 57875 0.862724586735
99610 127136 0.843017560267
185701 135965 0.865307457638
19722 226637 0.891060338719
218091 143741 0.830142369696
134247 109680 0.899574238248
186665 127047 0.840153307978
221177 203808 0.831310534925
246222 181435 0.829502500394
125420 15044 0.896490321681
150667 27248 0.87750205003
186518 123647 0.895776756805
206173 13891 0.855521902524
106787 27480 0.882185647441
230293 93873 0.876746931299
202311 38026 0.885745310718
253658 242633 0.804972138351
246282 212155 0.880714557951
140908 181708 0.840771818311
162491 139736 0.83842601099
188856 120959 0.827148425694
171417 137276 0.819920887555
143526 170749 0.877900665963
112530 51330 0.895322132414
37183 95968 0.843724355948
97285 71880 0.838326124641
12174 178969 0.856404956314
130627 190337 0.813089292508
10553 226662 0.897063386967
40718 140245 0.842164424664
252521 20365 0.860998781735
28977 199281 0.862324665855
48196 97336 0.833896478025
61825 82952 0.82705008848
220371 80748 0.803016858525
112218 196084 0.811350544931
27558 129091 0.877349270154
101148 39603 0.858106362655
222603 70749 0.811414147119
216638 67558 0.83833335289
256213 184227 0.894477134993
217076 101144 0.853084875693
73460 217735 0.843755911108
51604 253346 0.832200843059
96465 111653 0.865963216767
190477 39660 0.885231614665
115625 33803 0.872007304819
16932 105573 0.816419573283
249775 143683 0.889262333276
137854 19729 0.814379271456
13331 141293 0.861252520745
118423 128063 0.851381093063
75980 62311 0.830614401417
102349 47659 0.894825779893
78228 62076 0.836782713891
19261 45219 0.879594397632
30713 49323 0.812467430317
252440 230921 0.813310259219
222394 189046 0.871093136059
46909 66823 0.892039391415
205532 11555 0.827696676638
7398 37894 0.851747111812
212160 55021 0.838355380984
156103 207577 0.842354622903
129765 80088 0.889426379754
181780 249492 0.821670221715
209507 254466 0.849145827142
205922 198799 0.89473765572
13892 109801 0.891600987032
255989 51346 0.883470161857
246538 7218 0.88230152492
127311 150984 0.810989836601
28227 163369 0.813640414
145317 127064 0.879762637519
11417 252057 0.853095610653
234398 30443 0.850603273758
200351 185298 0.898627065397
232448 26068 0.837283103377
169606 135389 0.84341966161
121892 61536 0.839789873368
209899 176236 0.820571832476
242353 163160 0.867192114088
120287 71521 0.836111614379
163779 249250 0.803904859974
17561 138705 0.808394882226
246901 1117 0.875053154519
14564 51449 0.854400705306
146398 24122 0.821832766386
154076 205139 0.893795149697
233805 20216 0.816459096068
199118 21220 0.849492564703
261513 2536 0.881628949296
102642 128077 0.849842073503
176083 206582 0.898798261061
10656 187568 0.878809978559
194532 241417 0.87839095048
78487 90695 0.882612715678
144849 130250 0.877992452015
242625 254695 0.805625229242
197822 49478 0.89825600424
200415 223009 0.851233210822
170819 198125 0.853319545804
22819 230604 0.849451749386
108528 190214 0.883080312699
55504 207436 0.899454866273
188655 129513 0.879934550376
94064 45571 0.886898785406
202142 33934 0.833183263737
145306 127804 0.868041192226
45646 71355 0.895320437208
77984 224931 0.808849245036
92953 24409 0.826343528439
53467 206384 0.850640380749
37517 11304 0.836578832061
71338 86196 0.892167066082
232740 29190 0.846148031059
195723 223833 0.814736702265
54442 201386 0.866127950893
134238 19200 0.883288449351
163691 255675 0.810809020973
261273 18735 0.890344285163
48639 21487 0.872720223389
142817 14175 0.860816389242
128889 55400 0.894017142355
179704 252397 0.895241624741
76215 82199 0.837893092424
95318 49256 0.812931159765
146091 39117 0.845592000658
31998 50986 0.873315052383
46732 204725 0.872949177544
11803 225692 0.856762457509
262676 247652 0.844175003617
39712 122930 0.870316361923
40497 96935 0.819743235426
147371 161341 0.883224949823
65596 125311 0.85077378116
113875 21317 0.874182723491
254385 206926 0.808379418123
32456 115391 0.856103355211
12479 200317 0.822562885555
139627 247460 0.800179328246
202408 248878 0.810783218539
73037 97331 0.848665719885
33648 38073 0.883876945228
230507 133054 0.81904500765
54444 145838 0.886859308097
131900 111470 0.841130025818
130246 51933 0.861252456879
197110 175343 0.881318641093
55084 209913 0.879764568986
158334 210949 0.879875332353
233175 20219 0.815933336088
222370 64411 0.846622987629
168012 186533 0.890105354191
124814 73574 0.830656794892
155728 133426 0.844496572247
216049 24421 0.815617208659
189201 245172 0.837004594573
20417 127405 0.826743342254
63361 87237 0.841598821437
22010 100307 0.844185153839
9864 29817 0.899048350707
225162 110173 0.822194962174
217000 204996 0.84345186159
171056 146906 0.80297886838
138065 240011 0.885973208337
203472 248566 0.833161751301
197710 7304 0.819880474741
188953 123074 0.810494818877
20789 200433 0.831002700071
12691 190524 0.886393158558
143391 13024 0.855249299717
243434 23835 0.840040223264
68518 57663 0.885698187241
49731 33996 0.869114296255
84817 91392 0.825903384762
173925 157706 0.892046924686
66768 88344 0.888592554784
212385 189668 0.865109636651
138798 26618 0.842115579214
31527 54807 0.86500906347
138284 169107 0.85534497477
8883 53064 0.813532600553
250557 189688 0.893545475741
234017 10973 0.806228876588
201856 254357 0.89022688114
242329 238507 0.822899344916
146904 37437 0.823386263032
43929 72692 0.877264938889
196375 49066 0.833050606987
21556 40823 0.898515954095
29215 139532 0.85779493481
162649 136400 0.844967294635
110785 123014 0.855803009481
218700 73973 0.871041033398
146953 208758 0.854232301362
56633 16861 0.890075213348
133215 213808 0.828097275788
212482 222062 0.804404657687
218605 47891 0.866329843694
65278 73003 0.809181053115
65837 220154 0.833816509028
201820 147430 0.879969565369
250061 206410 0.875703494578
70790 80466 0.851151350266
7579 26720 0.880165126247
82849 75698 0.846452835992
160801 210802 0.887251615755
249925 184278 0.84162821946
224599 73911 0.819650105025
220011 44849 0.826056408084
247665 12397 0.881427392191
238686 258502 0.876740730809
111586 264160 0.867622408886
2286 248960 0.862271142597
245411 226907 0.814384200653
195843 163343 0.875115658722
254265 195487 0.879116595478
71406 216350 0.810203571847
210294 25768 0.862693928353
176872 163527 0.806653275591
56994 64595 0.827936462072
197393 224604 0.892633885577
54654 149551 0.867389965856
196726 24065 0.837912104444
204361 48615 0.828247294547
48654 124443 0.802995808423
70336 39402 0.875296498653
42857 130953 0.845678355073
247623 236111 0.8264439365
231295 264090 0.821878547818
124151 40110 0.848413614342
53684 100379 0.85819213367
122036 77238 0.864543856287
139629 15119 0.812732180613
190362 184087 0.813279061496
184992 188883 0.819746704684
24795 146980 0.883387200262
214834 113227 0.810754862997
65695 81015 0.896048364242
148677 49601 0.84312674768
52618 143855 0.811087786032
107508 100039 0.856730973503
84479 89197 0.88532024055
101287 72704 0.851822996567
36609 60046 0.809751653315
37832 20073 0.825477687714
117413 70051 0.801191663638
207632 179883 0.85992028445
219933 42909 0.816676071083
166720 198116 0.824980403459
13073 40406 0.872836118912
189014 250385 0.862520513043
134041 10304 0.830450356376
250122 144126 0.893792672638
103635 8164 0.831937144782
142381 171600 0.878393312956
63421 48475 0.884408673213
18964 130584 0.836443170486
19857 244967 0.825694040998
60542 100999 0.81330367107
143306 154493 0.826662472722
206831 136978 0.834461428942
72067 37531 0.89291657016
243972 10217 0.89649260801
46958 72677 0.883239574753
47741 22743 0.850663923889
141477 27123 0.846989326236
154168 138631 0.825160722381
249779 40046 0.810552118506
123669 96203 0.85197273045
246826 142217 0.846548552789
110873 122748 0.841316246061
205406 253170 0.87813675384
220843 44620 0.850197870746
42600 119826 0.865755065122
163302 146689 0.870758714508
211206 160054 0.82957016965
126749 102884 0.842032425247
194540 107618 0.851506996119
212389 137317 0.820717037311
13189 186683 0.892278414665
47305 60166 0.883014255495
74499 82713 0.879306650337
115306 41943 0.882644171112
23420 138863 0.819412780796
235474 244826 0.846266717704
92565 22266 0.828417974134
112569 32104 0.815579557772
146143 25511 0.878982412758
71070 90918 0.833916173996
204937 175512 0.837533975418
97531 20664 0.878778758173
59576 126812 0.847472833499
137102 179108 0.814799561652
67612 186403 0.835691925005
148737 168932 0.822984777455
212437 195008 0.881783953198
140454 210101 0.865193795599
150957 12310 0.825846366506
53921 129315 0.826557413163
23198 45985 0.890315072238
175292 212123 0.897379291725
195991 165807 0.843366569104
38198 118232 0.802135395317
31326 38120 0.824433796779
198787 150828 0.846297336927
218822 42628 0.850108181234
59550 216764 0.80102608201
239737 134195 0.883043791668
255957 196898 0.879992342056
232217 135772 0.872580752678
188286 11014 0.847471835589
248479 20032 0.837144532828
253480 197462 0.824698420812
44179 9610 0.842890008514
145051 112635 0.886121637253
252677 56566 0.819521337455
48369 116873 0.890561749172
195869 223023 0.861237251676
8385 39459 0.810020182852
57453 69548 0.863458926156
26018 45962 0.868279075689
91764 132077 0.894457091122
10437 137255 0.830673791126
254266 21977 0.857220370894
134076 206933 0.854351266032
54560 21230 0.875627666684
78766 120979 0.896215458067
183366 188807 0.875982554761
31195 241255 0.869506799099
261538 10953 0.895318577353
194927 120057 0.831401622183
53632 41772 0.895738551146
8427 112187 0.833250870353
105822 127233 0.845294242013
123532 113455 0.829638902848
238480 247695 0.83381070764
134640 29530 0.81492294725
195512 180413 0.8036249103
70008 88944 0.859033567867
221064 73790 0.825015366219
209650 138194 0.86416033729
6556 44051 0.876712433454
21151 255686 0.893799171377
151291 181718 0.81484870184
21090 219075 0.802160173768
46886 63516 0.802881179213
44990 105375 0.891928922438
258369 235592 0.81500809245
81425 61820 0.811089080441
70221 190344 0.837003271973
93500 187400 0.836937907946
123493 64323 0.848485346177
189455 109262 0.873917317109
55157 17379 0.84824326822
230258 240627 0.853920057198
128280 24099 0.870524672857
50078 21105 0.815324157843
124985 222055 0.825757376689
182795 204826 0.832124429357
18450 229894 0.85502749329
34228 49856 0.898807633221
140184 181622 0.890202991358
163537 55567 0.859811385199
21882 92893 0.818715923691
45955 215240 0.856182478208
134552 147501 0.844587290729
106809 103679 0.830667733179
252908 145273 0.876102704372
199744 247552 0.826834762043
101588 189761 0.819890732247
201894 148492 0.834063857643
146405 53174 0.877756451518
177500 205454 0.86586284296
87627 77526 0.80045011311
190273 106340 0.824815770279
149486 194792 0.831644338773
129325 97111 0.887717054768
123759 108819 0.802828840965
39755 122919 0.889162510732
