28713 126446 0.931068766808
109688 56124 0.957282394381
210386 29426 0.902938170728
262063 2342 0.970487142703
136288 174906 0.996580540145
238884 245570 0.971611518637
13807 200803 0.965495165579
8847 244005 0.93639045201
144459 110784 0.995579688397
24235 256772 0.992075849373
218188 78567 0.917988549481
199855 14174 0.993927481406
189142 165156 0.987873700354
223184 141560 0.99560862904
27025 209433 0.917334780916
68521 75971 0.977910250092
147180 49425 0.924645303124
12601 39468 0.941847848605
179592 200136 0.97259997829
20304 19903 0.946123132092
223809 121547 0.967932086816
166892 151459 0.963124730847
123138 53984 0.935631835916
56641 42828 0.934821604419
259867 9486 0.926937515235
11398 40008 0.968854654848
220715 81299 0.976901643396
40103 106035 0.927685497326
84916 63968 0.918287090035
19247 198968 0.919387581193
207663 152965 0.912165845773
136705 152127 0.954117862942
160063 163363 0.943311045803
180581 252804 0.982493283169
25846 125244 0.977663629143
87231 68736 0.987712944866
38207 136905 0.914241315031
73841 68973 0.97470032016
218711 135537 0.906531423878
137890 2302 0.982618943106
114465 94114 0.950714123263
149199 28830 0.956274143209
128000 24071 0.92793541196
131748 81051 0.964279564546
81428 68733 0.928922134041
206976 21260 0.957933566759
129892 23705 0.905265025349
24377 38859 0.987447926555
107399 97957 0.958074311112
21940 36772 0.953318756514
33281 49598 0.905833645877
68213 73983 0.91003807569
178897 195394 0.993793786568
246673 198160 0.903815387219
126684 76157 0.980059789465
77030 86499 0.962693861462
178878 177461 0.905129506804
207471 104559 0.967579149412
104258 199704 0.926164122692
46105 149219 0.982691195971
161116 211961 0.987803966715
48819 222629 0.905831060968
230500 250871 0.987468367621
93777 38915 0.992283375341
49482 17121 0.935815582071
125465 94943 0.923649591591
22088 207447 0.945820330728
213920 160619 0.972904453356
161550 195717 0.968380784811
18152 108865 0.961486117522
35576 71588 0.962687896759
219619 186375 0.990960531143
133468 7350 0.92022821667
37401 106570 0.945568782006
22276 130055 0.91122574585
235571 134964 0.921363230393
149780 207075 0.969935534458
68134 90687 0.9857011615
154671 195727 0.975245543952
208368 179969 0.907866746895
133476 239920 0.914710230801
51131 15486 0.96894204682
7044 102421 0.937911265939
102218 36497 0.981659275443
53918 94536 0.901432192692
67295 42385 0.956707440718
156725 208122 0.985573524435
229107 103686 0.942863205026
86336 73610 0.978231645679
112848 43014 0.957904190975
183306 187453 0.953034483312
220535 122436 0.910974201744
126719 197288 0.955855482818
150254 218887 0.932657810735
143844 153296 0.930125775258
58415 45311 0.920398645208
211823 216017 0.950112273509
113419 46158 0.927034325968
125809 148351 0.912907622437
121530 29141 0.931068275605
201258 13522 0.902676109873
133556 261180 0.90390710437
246810 141043 0.928642975531
104657 143931 0.936849838926
101841 33660 0.984089153087
154664 207687 0.921836901656
50643 240705 0.953838238159
210858 249304 0.999179611502
170709 175987 0.996041507623
244474 13944 0.953465311077
185119 252061 0.980449371848
190573 166859 0.978805684661
190055 250389 0.955686939393
59807 102170 0.988324767415
14831 106080 0.985344229594
217418 74861 0.965252549163
247292 187483 0.964920561006
260120 231206 0.971731229685
52815 93187 0.933089424879
187572 41788 0.924641882701
146755 23554 0.981545263062
113112 204499 0.994012535196
233769 112883 0.988757232315
36307 23210 0.921702395246
173562 212274 0.974628705949
208906 188179 0.921172412538
23719 38470 0.987491913089
41717 51822 0.936628181781
23133 217319 0.968152992685
50504 23278 0.982887320012
138513 244105 0.909838829288
178599 172443 0.996634771755
102330 37182 0.987155402263
221572 39699 0.955533311308
165976 148275 0.940085506046
146023 224409 0.981854523845
202272 159682 0.938105256121
202137 132162 0.947083163652
39698 222741 0.920589178997
217928 53047 0.979480708832
222503 49596 0.90881970833
148592 215458 0.931112151697
22738 190383 0.908805458443
144967 187895 0.932574745162
150007 126713 0.998254331686
20423 69973 0.931221150539
78304 116557 0.90839220226
29230 97941 0.93169972797
53143 223926 0.919266936869
111756 123261 0.96866363262
68225 37533 0.996723996365
53888 20858 0.99877902808
140472 127143 0.987923652214
139635 216950 0.936620160718
206860 215191 0.94800198571
144361 156282 0.976520993781
127954 49940 0.907855191345
190817 171317 0.967407026978
9446 135244 0.924460397849
51942 21711 0.945089821769
70529 119547 0.917639105363
150589 264340 0.908636947997
13307 252782 0.988034209556
256763 201134 0.989312968498
194568 174452 0.90452438542
227170 113449 0.923046716201
182442 251822 0.932290307918
17693 249089 0.913081259253
134605 184827 0.979851175623
120790 35619 0.904625346403
30019 17935 0.992227766817
137974 146080 0.916017438368
253373 176389 0.901454884694
115475 190859 0.98681726233
174213 144330 0.901818679331
235298 24960 0.967424822089
140814 222059 0.902606046323
249464 7970 0.961420014406
23066 107620 0.920026414261
166246 253640 0.963645759904
108262 131230 0.970484260478
157736 213453 0.949265458057
151282 205918 0.924578901518
258654 189178 0.980684540508
111657 199004 0.928930063476
195031 104738 0.930614938519
233140 32876 0.984310548644
15175 133940 0.92617269544
112691 101587 0.917106778297
143770 182818 0.955769027596
24288 210787 0.925330501493
254466 33868 0.95157705003
65927 220725 0.913192688113
47071 63650 0.973585270547
111345 99777 0.954573926559
50200 133078 0.985186886686
104418 204227 0.966775913233
262693 5911 0.975240733156
43808 141109 0.925269018189
39208 218281 0.962899041084
249861 229351 0.97263528219
195918 39517 0.920048453149
69826 104237 0.985238713394
149012 167880 0.968525855155
15155 98182 0.940800618021
39600 151224 0.968415176024
243148 236544 0.903943242303
201957 173289 0.905940643938
217197 38111 0.996832781332
45280 68326 0.981026747063
198524 162515 0.959305995552
170756 142335 0.944492322126
105812 94848 0.901876503869
25535 254731 0.987475221486
33887 49572 0.928117480226
105102 101366 0.99771321747
37448 215597 0.956704948315
14741 198985 0.913804816059
207256 138882 0.984691512593
138321 104969 0.915715306118
182586 252353 0.942380194448
214878 15561 0.957718618835
231606 16890 0.973434126959
52342 69806 0.97019371546
264344 232158 0.947671345689
263903 208413 0.988735559963
196717 54238 0.916378344461
187631 145177 0.943508188571
99670 104923 0.982956247045
52337 248933 0.968830133931
136668 29328 0.990571957472
32208 46776 0.910547454756
33127 250740 0.901372402389
232050 113901 0.937977988311
138588 157845 0.907792550757
200587 256573 0.955085714693
93963 26719 0.966396701422
218557 212364 0.930011344885
95433 41433 0.953244304484
228607 242539 0.979586053965
188455 120701 0.993079061553
25448 246125 0.953312843346
68573 38341 0.932236010128
44449 68490 0.914577831215
211530 222783 0.914373132263
214906 180000 0.951504660483
257526 4583 0.933537788274
52508 253108 0.915803752668
127986 76527 0.922116299676
60273 41613 0.972989626259
217696 74314 0.938649839088
246848 236814 0.996241093106
40519 103108 0.997883516687
196400 20275 0.95226951793
144652 43562 0.956909794553
39809 208314 0.97599389707
251263 228739 0.916924131776
133432 203859 0.957309678149
260014 229805 0.960744911295
109990 131815 0.933882164303
139934 213928 0.973102251977
142013 70149 0.987295690393
203938 130553 0.987287347228
133851 259877 0.96299406488
36496 58760 0.936023882132
31959 115980 0.909665570996
92771 33570 0.918364366775
248413 214930 0.964232642775
205969 149064 0.911083005665
124676 79604 0.907454318794
92057 99561 0.983298183042
132068 104194 0.997702996319
236106 245242 0.955105627189
247503 238323 0.96234636198
14344 213857 0.974310849904
70571 74008 0.960838939006
41041 136104 0.929538740847
163151 144426 0.911009272662
48331 196664 0.962341745349
217947 125853 0.970344285724
187394 44267 0.950807979089
67376 29377 0.982553703284
36378 233968 0.950800231885
104554 97799 0.911643690756
166744 251360 0.909849070422
122208 103468 0.975388022347
153566 205413 0.986510735218
34361 47551 0.965097268938
251104 206699 0.945675304487
38215 121900 0.986364222112
54703 144832 0.939156763642
53941 207062 0.975434241109
205465 251254 0.982907529461
224631 46123 0.902157001283
223859 101204 0.963218272658
216750 195811 0.985571363137
147714 203344 0.982546836633
189761 169704 0.917932871973
245637 209473 0.927652344865
226996 13311 0.910075112861
162219 181069 0.908091057002
88511 127609 0.944271577963
220357 63962 0.905136248078
134320 180128 0.980495203691
174413 190476 0.907082005475
122470 78129 0.949715012513
40542 253328 0.915977580939
186765 9444 0.95907436577
181462 241523 0.927944172267
126301 186574 0.995828469523
148647 218343 0.944856541281
27275 92111 0.984619023332
211129 222753 0.996831259066
134265 38274 0.962697051748
141006 212727 0.903814829861
49272 142624 0.943575304609
17155 144436 0.966804758549
201982 55654 0.949459163267
115754 34938 0.973068149335
147401 207592 0.969780042017
154378 149079 0.985493934156
55235 105714 0.924321493465
222094 205732 0.964701021055
153007 149964 0.960411091184
221515 125464 0.966556333151
145160 174241 0.90822283948
178184 202501 0.963647670791
61782 130694 0.952033414007
150790 54526 0.94578147993
31395 37332 0.901704313232
217979 90836 0.948934272803
124361 223100 0.912277974952
184421 246361 0.940130042151
230825 236878 0.982442673355
247130 310 0.914026060872
50861 35388 0.987857475963
43694 130136 0.953394534845
112523 127136 0.975689101731
172502 137951 0.986363352435
54850 118056 0.907074392976
45946 66783 0.933773210721
105365 140629 0.928114774906
104512 187160 0.919396624879
241949 263133 0.93722060013
208093 38975 0.977285374495
136631 223053 0.969767235856
129397 143077 0.961090570607
214754 45499 0.966236721545
250959 182586 0.945020018247
21220 230169 0.929106451124
31815 12091 0.965131021597
135524 247166 0.983021920826
123106 147005 0.990881586421
125179 77745 0.950732792664
50471 222279 0.948499418076
104574 94072 0.987800936862
13287 6916 0.953980076358
116544 121542 0.935231589276
35588 137700 0.903371447444
158609 200730 0.95105799463
247082 200293 0.99121990692
112769 115091 0.964832254147
101719 45091 0.987065020235
132423 223316 0.989696050528
32936 40308 0.951540970957
84498 78225 0.940704864627
218033 88263 0.937929140312
128463 109078 0.923574323938
11571 151538 0.901074707526
129241 146417 0.928147888019
143544 45669 0.927731751094
129958 113609 0.944112713149
148916 221245 0.983836439736
200928 17221 0.986569454886
83080 220503 0.975275731683
216109 65985 0.92563816449
16704 141058 0.965975139019
28011 38673 0.947817866099
244801 18129 0.91119108021
9840 41032 0.913074304495
20302 107133 0.905935764662
110209 187394 0.99890876068
163021 134290 0.98882814294
23772 140980 0.952143846187
137560 156334 0.928707915632
171802 188735 0.933500222649
138809 147073 0.910948670015
182779 141895 0.95788967059
205134 55245 0.935427009804
195876 161594 0.978068542798
218359 76942 0.926671835152
240253 29583 0.972782522886
51454 17686 0.973579938427
203950 159728 0.937421546802
121810 37050 0.955515566898
53514 11659 0.985818908666
224129 60282 0.952512294995
44340 118278 0.996704701061
173162 211396 0.910576659048
54324 151470 0.909213542766
20365 98446 0.926699206696
50671 137109 0.94051842551
134043 34231 0.927035008178
128749 63773 0.927775837888
179086 186660 0.969511209914
22240 250554 0.98091868825
40737 34103 0.974304108526
194741 15264 0.938378377099
85583 128939 0.985350534095
37715 188072 0.978405778525
143969 131080 0.904500012552
14693 46130 0.938309028462
214842 22719 0.958553051133
11192 22105 0.906216749897
55798 41986 0.981335967948
239482 254461 0.922805911352
210300 134017 0.965098789699
118225 131955 0.974370909059
29961 10441 0.973644947577
201197 247611 0.959368908458
103168 97234 0.965255402871
183985 196866 0.905734266251
3829 262905 0.981825803169
249186 17623 0.949508340157
108490 95057 0.973956617212
186676 170569 0.906051594898
10582 30154 0.989661181336
120631 64335 0.933090962395
197557 36520 0.920624472559
52496 101661 0.974774599961
138517 157848 0.941522132766
212179 141753 0.951480743967
218589 205570 0.984746623993
181467 14183 0.942614667345
50644 214350 0.905340087377
185822 210172 0.998469641892
18747 145743 0.981199511403
214925 157097 0.916265529065
140292 166577 0.90997473201
197319 17892 0.932668262675
134077 153013 0.98560561886
152558 142368 0.904581815484
31665 134443 0.919556597487
129061 56141 0.966287019712
9006 246227 0.956492781662
16560 109438 0.999089349046
127452 57772 0.922395841796
15119 227898 0.920034976816
214147 136704 0.963750679429
180666 145077 0.987494014554
216229 11639 0.978790212244
127773 29185 0.943346187898
230082 13842 0.983124508997
186495 121128 0.947289527745
131938 51280 0.956537426646
221511 73336 0.908258146848
171306 144807 0.97404267727
22134 190440 0.983557301069
240637 8894 0.959259774792
254450 816 0.939956855406
35127 34291 0.909970138039
133211 143852 0.904824828359
37464 122053 0.903864783406
93789 17746 0.913792106498
222456 126719 0.909475816874
10107 261182 0.930216480017
35239 102272 0.944469428608
246552 7691 0.916859373623
211930 147497 0.994048369041
112725 126919 0.91039144375
28572 144980 0.951622606776
103074 104384 0.941834332827
38498 189711 0.947052685735
199489 18863 0.980789821307
242326 236855 0.920764284968
124541 26884 0.975815636098
100349 131776 0.981822509665
48673 24024 0.978608088196
197432 217138 0.994766800389
99430 106988 0.982243069324
64039 102154 0.944887858763
39145 233592 0.913628538726
189280 242507 0.964686926904
54055 122870 0.921497213579
140926 212090 0.907703079113
253243 201066 0.960112020139
57050 117744 0.990269572919
68215 100827 0.956777154594
25746 44152 0.900459977377
150640 22969 0.936902460571
106460 25289 0.990804725011
168972 148169 0.915373055398
53894 63348 0.943972762397
173623 170824 0.9642276966
135469 198626 0.933296448017
22107 141696 0.968685936029
261217 259204 0.904909069388
215067 155771 0.91227223386
64046 38558 0.913479813087
109199 77469 0.992314983983
239375 235043 0.997997329876
57547 63027 0.918302994449
188680 36931 0.946869883661
254596 208873 0.910732136918
40213 141117 0.974072733754
233542 255290 0.915268861217
149609 136135 0.9230445326
137459 214012 0.924774234857
108610 230589 0.951407928903
31981 28103 0.990784926745
52388 103790 0.978631519969
103935 219880 0.970952670286
218451 149716 0.966469911243
11656 141783 0.921139706537
141729 216433 0.928018313275
160623 211655 0.956367979084
128761 215601 0.953556106532
219342 204477 0.908313397577
148266 131645 0.986510851012
35584 218341 0.928528794341
94558 9096 0.932603527312
249123 211192 0.987577937564
152302 137405 0.99751175953
52242 169988 0.913773637414
43553 25786 0.981020451809
175086 204891 0.972539222556
13307 145140 0.992490424362
16276 201160 0.98355773583
252596 201171 0.904229001816
213880 24190 0.93116075094
189828 153795 0.998455819658
215606 186477 0.984557071291
110274 56087 0.956159635687
19779 53110 0.97135564027
229753 32511 0.97944862535
138883 110018 0.924379743676
32237 13642 0.905597060525
151926 157707 0.921412614547
149616 137881 0.975968446368
149882 26443 0.990532611012
190374 174178 0.956023348659
53644 64129 0.94530779761
20759 141411 0.918831214406
142517 38474 0.958010544673
187502 180548 0.917676982065
44553 31401 0.96024899043
50943 201723 0.918151815618
66960 189721 0.976646293309
182384 166082 0.930498599529
36217 19523 0.925658271928
215306 74457 0.937597211911
7681 22780 0.982705887451
153490 145398 0.912240672546
147156 205384 0.938835422909
44918 97567 0.966497952927
196041 183413 0.906324046499
137915 175345 0.922940286755
190178 101537 0.951964561426
61213 130486 0.994610427154
135522 148746 0.990943184878
161720 52268 0.94899252213
149664 129893 0.993638942423
137605 109743 0.986946711173
199246 143395 0.984009789373
252161 144759 0.968716182034
207530 28496 0.923949389059
237940 263881 0.916117221964
130717 117122 0.905585023144
121773 38421 0.93408201481
162760 187319 0.985496130823
17328 26424 0.978752051994
76937 89023 0.907417940273
201653 144511 0.992180674708
2397 253094 0.988490542956
214116 248242 0.996244328963
137675 148132 0.972857176948
103576 145567 0.957550816988
25863 141931 0.960495920635
206460 252729 0.949451455485
197699 157901 0.98555754452
142863 103869 0.996375659813
147450 24369 0.940638708557
112657 193303 0.971782293243
176563 169640 0.962108842373
135398 247401 0.966620141819
110353 140444 0.966365327839
228052 26638 0.922455210769
17111 51070 0.99306202791
41070 72788 0.977183679286
23452 142013 0.929807332659
213936 249520 0.94345120318
32066 135359 0.971004154274
222293 65251 0.989070033665
103673 130812 0.981208811619
222224 194815 0.924804348587
94952 25562 0.985856893787
25209 232479 0.934147849724
140305 13157 0.95044421414
24526 148957 0.998271747543
132424 95384 0.915668809259
60365 116670 0.956962368384
96936 92071 0.977965004853
172560 197330 0.942854289363
198345 181634 0.923106594633
29599 11411 0.902100053123
74582 85047 0.95719923041
218243 44423 0.96211388527
217553 136332 0.984438832866
103869 127664 0.94542011
11069 250072 0.926512819755
49278 216414 0.998607173421
102220 39532 0.90458976909
28912 41762 0.948431217925
239574 135740 0.935725702898
780 254871 0.907421360269
209580 134090 0.980512800882
216733 87434 0.923093573664
253584 866 0.945657805779
11040 55270 0.942286900445
69536 57875 0.976046068419
99610 127136 0.91672598845
185701 135965 0.909184115256
19722 226637 0.986963197867
218091 143741 0.977748074253
134247 109680 0.979639622659
186665 127047 0.905309609723
221177 203808 0.988198661542
246222 181435 0.9124345218
125420 15044 0.955172497926
150667 27248 0.937706093661
186518 123647 0.922130592249
206173 13891 0.923221160417
106787 27480 0.937851338129
230293 93873 0.912264545284
202311 38026 0.994001159714
253658 242633 0.963168164381
246282 212155 0.910128768039
140908 181708 0.944452857206
162491 139736 0.909065588058
188856 120959 0.953719275121
171417 137276 0.901729834666
143526 170749 0.904524963254
112530 51330 0.971459475334
37183 95968 0.977424662544
97285 71880 0.947691855205
12174 178969 0.966866770218
130627 190337 0.933788028628
10553 226662 0.952359669109
40718 140245 0.924266388229
252521 20365 0.925864622376
28977 199281 0.950509778425
48196 97336 0.946216918443
61825 82952 0.997575360978
220371 80748 0.90006933043
112218 196084 0.99092430631
27558 129091 0.942450565337
101148 39603 0.91745112341
222603 70749 0.987887511893
216638 67558 0.985898266872
256213 184227 0.979109746969
217076 101144 0.929807798955
73460 217735 0.90657768142
51604 253346 0.927353189946
96465 111653 0.918454436447
190477 39660 0.954553403861
115625 33803 0.928956977482
16932 105573 0.979223278654
249775 143683 0.907253818836
137854 19729 0.919196138352
13331 141293 0.961233749321
118423 128063 0.945673466876
75980 62311 0.965825495678
102349 47659 0.967486259734
78228 62076 0.92065858856
19261 45219 0.919246157658
30713 49323 0.920077460061
252440 230921 0.940157213378
222394 189046 0.960098706831
46909 66823 0.98808467107
205532 11555 0.946210826758
7398 37894 0.906839795923
212160 55021 0.95470568148
156103 207577 0.901029563409
129765 80088 0.982094312424
181780 249492 0.994252818724
209507 254466 0.908726242976
205922 198799 0.945783120402
13892 109801 0.917938337709
255989 51346 0.965223182958
246538 7218 0.964511964463
127311 150984 0.959641072505
28227 163369 0.967229671207
145317 127064 0.919386428519
11417 252057 0.970618973702
234398 30443 0.905027421597
200351 185298 0.986737288299
232448 26068 0.997762646643
169606 135389 0.954978971694
121892 61536 0.958933419617
209899 176236 0.956492992758
242353 163160 0.957972281859
120287 71521 0.918598796281
163779 249250 0.979886091006
17561 138705 0.928258567867
246901 1117 0.98778743818
14564 51449 0.957688350788
146398 24122 0.982669164925
154076 205139 0.985621464388
233805 20216 0.979241954254
199118 21220 0.915988258926
261513 2536 0.901748438184
102642 128077 0.934925782397
176083 206582 0.926896603337
10656 187568 0.980621680335
194532 241417 0.915212405367
78487 90695 0.969342521623
144849 130250 0.916528457303
242625 254695 0.94630191073
197822 49478 0.991530240027
200415 223009 0.967285535287
170819 198125 0.940955248908
22819 230604 0.988197458175
108528 190214 0.938446199235
55504 207436 0.944741845637
188655 129513 0.906471787107
94064 45571 0.959849696474
202142 33934 0.916348048593
145306 127804 0.999106150419
45646 71355 0.965618793882
77984 224931 0.954992478287
92953 24409 0.994125093994
53467 206384 0.993238293275
37517 11304 0.934072621124
71338 86196 0.918242585891
232740 29190 0.985126395963
195723 223833 0.999029306816
54442 201386 0.964462114178
134238 19200 0.924628607962
163691 255675 0.937836543009
261273 18735 0.931192840725
48639 21487 0.953543269845
142817 14175 0.956171291208
128889 55400 0.972423614719
179704 252397 0.965600095095
76215 82199 0.921938713735
95318 49256 0.920195866175
146091 39117 0.989309985483
31998 50986 0.912442693278
46732 204725 0.980303841123
11803 225692 0.919862033379
262676 247652 0.975952054912
39712 122930 0.982974618692
40497 96935 0.982540137135
147371 161341 0.948885079394
65596 125311 0.932748748375
113875 21317 0.948583326148
254385 206926 0.958925213609
32456 115391 0.933701588796
12479 200317 0.974010600839
139627 247460 0.984516773173
202408 248878 0.902574188795
73037 97331 0.93350845354
33648 38073 0.931161642036
230507 133054 0.9848463431
54444 145838 0.991895560148
131900 111470 0.928278288011
130246 51933 0.913528532726
197110 175343 0.917556332914
55084 209913 0.961588398606
158334 210949 0.963806380682
233175 20219 0.96771653421
222370 64411 0.909807557666
168012 186533 0.907155181765
124814 73574 0.925097160322
155728 133426 0.94507246709
216049 24421 0.907844913054
189201 245172 0.997793345335
20417 127405 0.91777006514
63361 87237 0.972367575827
22010 100307 0.913722535842
9864 29817 0.945692912593
225162 110173 0.992337528807
217000 204996 0.900634787214
171056 146906 0.972092636434
138065 240011 0.991729688179
203472 248566 0.954280432323
197710 7304 0.946772302376
188953 123074 0.922463479927
20789 200433 0.996380722491
12691 190524 0.942080918371
143391 13024 0.966436093734
243434 23835 0.961922898851
68518 57663 0.941217399786
49731 33996 0.986716681712
84817 91392 0.988254959294
173925 157706 0.947568755804
66768 88344 0.918114447501
212385 189668 0.989112633334
138798 26618 0.979277699017
31527 54807 0.919652994124
138284 169107 0.967276635995
8883 53064 0.940619152956
250557 189688 0.99944891171
234017 10973 0.936510647521
201856 254357 0.979645817372
242329 238507 0.973206560206
146904 37437 0.974042817954
43929 72692 0.940723208132
196375 49066 0.986482961036
21556 40823 0.915059919767
29215 139532 0.955515319085
162649 136400 0.951957665626
110785 123014 0.913165482489
218700 73973 0.933176474453
146953 208758 0.998141621276
56633 16861 0.99848167547
133215 213808 0.982684383807
212482 222062 0.977159476471
218605 47891 0.942171691914
65278 73003 0.994762255923
65837 220154 0.923598118343
201820 147430 0.938059662556
250061 206410 0.989660439988
70790 80466 0.94736389095
7579 26720 0.977081282579
82849 75698 0.969695665304
160801 210802 0.911817879021
249925 184278 0.901269776984
224599 73911 0.913728698155
220011 44849 0.910686705756
247665 12397 0.968213787477
238686 258502 0.969268655378
111586 264160 0.900594018273
2286 248960 0.914820439437
245411 226907 0.995521970894
195843 163343 0.972255885891
254265 195487 0.992353293693
71406 216350 0.904364154047
210294 25768 0.998159171
176872 163527 0.972339433199
56994 64595 0.904895362635
197393 224604 0.938621796492
54654 149551 0.981926007302
196726 24065 0.965888214062
204361 48615 0.918853110269
48654 124443 0.947801668955
70336 39402 0.939582812314
42857 130953 0.987216230577
247623 236111 0.914781235485
231295 264090 0.909608392931
124151 40110 0.905537246747
53684 100379 0.903490775557
122036 77238 0.957211516779
139629 15119 0.984303341875
190362 184087 0.926671996485
184992 188883 0.984997650489
24795 146980 0.941566638995
214834 113227 0.966910578106
65695 81015 0.9054196953
148677 49601 0.960840348551
52618 143855 0.986240046586
107508 100039 0.977855040049
84479 89197 0.927418335105
101287 72704 0.913680196256
36609 60046 0.90826154912
37832 20073 0.931205214358
117413 70051 0.953998959389
207632 179883 0.986719832205
219933 42909 0.990501561882
166720 198116 0.965594382497
13073 40406 0.98922892684
189014 250385 0.959022758254
134041 10304 0.923717359723
250122 144126 0.974898308892
103635 8164 0.900371470672
142381 171600 0.900231267599
63421 48475 0.919667019177
18964 130584 0.935037212456
19857 244967 0.974772331705
60542 100999 0.994052878361
143306 154493 0.923046397652
206831 136978 0.968938108267
72067 37531 0.955734784112
243972 10217 0.923579907783
46958 72677 0.98246520967
47741 22743 0.909392595428
141477 27123 0.974440964285
154168 138631 0.983484383577
249779 40046 0.909681172117
123669 96203 0.999729720671
246826 142217 0.950234365676
110873 122748 0.980775214548
205406 253170 0.979307947455
220843 44620 0.996423116293
42600 119826 0.975244164031
163302 146689 0.974405709392
211206 160054 0.905082846792
126749 102884 0.990222924222
194540 107618 0.981822893684
212389 137317 0.966895878034
13189 186683 0.95517264194
47305 60166 0.907443170593
74499 82713 0.993461858579
115306 41943 0.935144112323
23420 138863 0.949607702591
235474 244826 0.937693958229
92565 22266 0.935003060714
112569 32104 0.961551427667
146143 25511 0.966078867134
71070 90918 0.991152076234
204937 175512 0.925809003218
97531 20664 0.995830788981
59576 126812 0.911682111786
137102 179108 0.965545586114
67612 186403 0.984011884387
148737 168932 0.956542166253
212437 195008 0.97627281652
140454 210101 0.912989056297
150957 12310 0.968954721949
53921 129315 0.959453383877
23198 45985 0.948001363298
175292 212123 0.973367590755
195991 165807 0.925386310601
38198 118232 0.991214546453
31326 38120 0.933544679474
198787 150828 0.996031229812
218822 42628 0.93890771714
59550 216764 0.969895141322
239737 134195 0.930910774547
255957 196898 0.945957331692
232217 135772 0.922935060688
188286 11014 0.972423102442
248479 20032 0.92660565433
253480 197462 0.995642948012
44179 9610 0.9817878871
145051 112635 0.978119661504
252677 56566 0.908609060597
48369 116873 0.973003250576
195869 223023 0.990654627064
8385 39459 0.993201871996
57453 69548 0.926318590029
26018 45962 0.937657906722
91764 132077 0.935645236427
10437 137255 0.920902021602
254266 21977 0.901153893917
134076 206933 0.986299269629
54560 21230 0.923978840376
78766 120979 0.923408729822
183366 188807 0.909765304533
31195 241255 0.942846076206
261538 10953 0.918913986195
194927 120057 0.963530958634
53632 41772 0.917864269089
8427 112187 0.978340272139
105822 127233 0.943771920238
123532 113455 0.97607437679
238480 247695 0.929266015409
134640 29530 0.985770097018
195512 180413 0.975828078226
70008 88944 0.96977319006
221064 73790 0.903652730458
209650 138194 0.913649449196
6556 44051 0.953490996218
21151 255686 0.91461320474
151291 181718 0.947951230296
21090 219075 0.932863908002
46886 63516 0.974211175376
44990 105375 0.960973292812
258369 235592 0.969301022703
81425 61820 0.969315113004
70221 190344 0.967244028753
93500 187400 0.947438959154
123493 64323 0.965079416487
189455 109262 0.913813033316
55157 17379 0.901143576067
230258 240627 0.985987062836
128280 24099 0.993182190919
50078 21105 0.963609873143
124985 222055 0.961346380143
182795 204826 0.962759032623
18450 229894 0.934640564633
34228 49856 0.925188255245
140184 181622 0.976467345891
163537 55567 0.951630118915
21882 92893 0.985468425841
45955 215240 0.990701103881
134552 147501 0.990163418963
106809 103679 0.962264811622
252908 145273 0.959689917373
199744 247552 0.996835691732
101588 189761 0.992500707363
201894 148492 0.925136354146
146405 53174 0.946861810758
177500 205454 0.971260739581
87627 77526 0.921418854469
190273 106340 0.969521863946
149486 194792 0.932258777556
129325 97111 0.987654597853
123759 108819 0.9402961392
39755 122919 0.940595467381
