96091 99074 0.766992965792
62812 64647 0.700784379198
148939 151053 0.741455896273
209402 200907 0.790964207259
142281 186882 0.759307640149
119250 119157 0.761166768642
165481 168933 0.712240445336
46160 127802 0.714500126844
161669 211198 0.770517771823
52228 27209 0.753222076554
108663 94241 0.767372233624
120824 70234 0.711290577588
23765 24677 0.798268097378
105360 21320 0.78282528711
140898 140034 0.770072631937
160501 177298 0.734326407368
141102 209724 0.776210259085
121137 48469 0.774246058291
143182 145163 0.722314436382
59693 64504 0.715132443589
247720 255686 0.778955660083
55844 52318 0.76541338486
200353 138941 0.758791043681
46583 126019 0.705695850951
164542 172206 0.729689580638
18594 17512 0.715278705401
67779 124923 0.784790945443
189759 55838 0.747889516996
171446 170311 0.710115053591
107741 109260 0.785391154385
45860 128136 0.75194400784
246711 244604 0.738413716944
104430 26251 0.746851900053
88990 81126 0.706808801498
95800 94618 0.733401968738
39450 105031 0.75815350657
162143 168113 0.799340497768
262348 244603 0.767719697049
135357 139005 0.759619282248
203291 208485 0.710121041878
35765 47041 0.77102504691
69111 127541 0.746382935631
126598 125045 0.738809314742
80478 79571 0.763869912786
109532 107040 0.78629559544
66380 64153 0.781304721575
224466 224241 0.746363222845
156196 153824 0.796008403495
40732 39856 0.712319535109
183738 153526 0.702698244447
140529 141350 0.71944374535
37623 48408 0.736630649349
206473 214547 0.744617400817
129488 68981 0.799333891801
201062 198329 0.73942875492
156969 177302 0.741038157913
52302 56016 0.715031749162
17423 112647 0.702172190182
142807 197266 0.754154184922
127503 124295 0.766091064727
199121 201102 0.729479592306
33556 17923 0.748799303853
186770 147000 0.767713031397
158217 168982 0.774082809899
158247 156502 0.719759156343
60073 67115 0.751034846289
258891 254950 0.759523305077
149918 142944 0.79905532431
261742 253189 0.799277478313
129023 126032 0.739635411271
217719 147249 0.703058031815
152542 162737 0.787233269177
243196 263761 0.704422596851
142683 197224 0.70356716893
164905 209318 0.705502521115
206666 209116 0.763903519059
35697 43989 0.70461183541
205466 211119 0.733562957012
156606 175413 0.71635652411
99847 43179 0.710129289878
195958 140980 0.714447021199
162530 165631 0.73849606048
132079 126494 0.792185733988
30789 106830 0.701953779993
165280 167232 0.712919349964
137786 188509 0.748269348275
251690 248249 0.709188252867
195330 205339 0.781965663755
238720 264301 0.700287813391
177730 178246 0.770963649585
92389 115403 0.744427214259
109372 110038 0.738665413448
197522 188143 0.720137443711
146437 141557 0.716760817586
202494 200135 0.790449164082
49063 53982 0.796521754783
74343 72954 0.758416550267
67173 59290 0.768306663733
162193 166011 0.78241271786
22734 18080 0.725931545745
39844 18347 0.733327844987
184995 163028 0.787394340049
113957 107533 0.739534937152
168604 152019 0.708009620044
85351 81339 0.754216019252
104156 36027 0.702100087955
27200 104071 0.709499462303
129916 69276 0.715444404261
153547 163593 0.720039733181
199553 204759 0.728732580456
68059 69051 0.723590452176
81020 80984 0.724278805146
48738 46610 0.701279706267
49110 130686 0.752430013516
80919 87587 0.756151264191
127163 47963 0.781652595321
40050 38966 0.708094276518
214417 145746 0.706984854486
164769 210007 0.79004141353
217641 224802 0.773485555502
134987 138022 0.798470206036
201695 179088 0.745365250948
262826 258850 0.750059945796
210146 203066 0.769281557514
107498 33385 0.753717768917
60016 120918 0.747213202371
264048 236733 0.738591960323
250658 254879 0.742519921935
161392 164020 0.749516347418
154820 171611 0.720636229625
250908 133510 0.717126421175
43083 102311 0.78169817711
19178 21914 0.720120610598
229617 226475 0.710013713209
258561 244342 0.783378519354
132295 131124 0.773023821098
50536 42882 0.796114958122
120770 67745 0.74435954973
121491 70079 0.712751793578
6731 29210 0.751229471182
196162 203910 0.765726000354
125582 123352 0.714355865017
167559 153253 0.769250485121
55892 140688 0.760676987721
45187 45172 0.761175180382
51259 27183 0.707851331565
165415 154224 0.72749079231
70070 71664 0.796128608841
49635 48315 0.765192136375
20470 15707 0.758403800761
201000 139275 0.776123229433
174459 153796 0.71683268934
147595 149643 0.732323173214
258596 261228 0.700219529656
204541 214951 0.748173594088
163000 185186 0.750063229639
184707 201943 0.705474808861
109651 112056 0.748812272357
198987 206490 0.740838263228
149288 150007 0.706006550658
118186 60403 0.758449777308
108726 36101 0.716753669183
163048 211982 0.7327400599
23464 27956 0.708909177205
186164 178113 0.752957355294
88507 90541 0.771992352565
129208 131949 0.781957464134
20875 17698 0.772433926331
127326 129518 0.767126584171
81581 85775 0.745888827955
174581 152361 0.747085065405
55720 53954 0.792180338295
10414 233506 0.788227252884
56034 190191 0.738657915535
195222 172155 0.777062229363
168410 163182 0.711112186199
187675 23932 0.733063297871
257001 259963 0.747148525277
142266 196352 0.732789129613
208463 209098 0.714649300468
213978 167143 0.798155183503
166647 167869 0.777103176231
222767 223384 0.796425849713
133738 252239 0.747815290889
196461 141505 0.744936454308
78181 119642 0.781572329653
145108 142114 0.766761790084
228068 230270 0.711368282212
201616 200512 0.732160473595
127972 123042 0.740604646933
202107 205208 0.74581083063
103630 13071 0.783656016659
85832 80444 0.78614341298
125306 129941 0.731340189544
192701 114083 0.751337867244
61619 64796 0.746415582505
112816 18366 0.722153201539
140556 144644 0.74900590905
247687 255564 0.779247614671
205980 201149 0.784703158295
212258 169151 0.786416487004
135556 188497 0.729234184657
132630 137549 0.711819453623
154493 165624 0.708103413564
156284 157489 0.769315784087
202618 140563 0.781197783209
155919 168715 0.713488691582
95478 97847 0.751931323927
36545 29294 0.721338718643
121790 123030 0.73164628856
164548 161761 0.79047175473
216772 151174 0.740919252872
28721 13956 0.7958067589
127811 124920 0.77558760243
17245 18351 0.707675404402
185914 176109 0.741513845975
171598 167929 0.763747234124
8504 15327 0.72949086743
19389 17403 0.793256818089
12284 20651 0.76592194164
33261 111988 0.795060275863
154004 160571 0.790435496326
131939 120872 0.746202786306
229769 232223 0.765216424969
62180 65312 0.717584793783
252058 254375 0.768589824559
88336 87538 0.76228153775
176123 185792 0.768548204898
164372 210360 0.755375615221
150774 143869 0.779164861686
168740 164699 0.744274378753
199389 139169 0.73378112389
71927 63025 0.760493891928
134446 249816 0.764719507582
27672 18720 0.773876515418
109630 109822 0.779562880098
140557 190449 0.738638180508
47019 128070 0.759722225693
206395 202263 0.735721405454
142797 151254 0.712685450107
124633 122112 0.796486227905
20165 11379 0.791445096693
195814 214961 0.703375925845
254266 257042 0.747271414897
143721 148593 0.71932118457
124390 59814 0.703702279494
141395 204089 0.72333697237
211117 145979 0.750233366223
25539 113339 0.709062132446
43899 39417 0.717259708683
21890 19266 0.764243670933
44298 43326 0.706412684113
130167 125295 0.761448301213
148446 145233 0.707864973881
251729 256095 0.747002598749
140484 190109 0.740439034679
25589 23033 0.737633999794
199712 208629 0.770155791193
30052 226991 0.791515783827
156331 167264 0.734429858708
62076 63367 0.795255976731
99145 101930 0.729441402437
73001 74911 0.70493774866
226477 229459 0.770033732408
199242 201374 0.744604357667
186106 161015 0.767713179061
25977 20613 0.745333037483
163379 165654 0.744761566174
54350 56227 0.751014400508
184138 165150 0.72175162103
126572 125028 0.74464282292
59420 124276 0.773683783284
65501 66009 0.731659792072
184601 174459 0.791727332378
142067 147105 0.734780077515
79701 80163 0.729025694694
110279 107623 0.737885181668
214984 135490 0.732558466632
163891 212266 0.750098014079
168227 211562 0.742726781952
26460 36891 0.768043565888
174188 167143 0.703235577322
36835 110333 0.751269617248
17887 22907 0.730498823816
116286 42144 0.757290835459
170572 161489 0.79734645203
170050 165458 0.715788912158
209237 197194 0.728714502724
29457 34430 0.749798550808
227795 228262 0.78471265363
177346 156161 0.766177817603
7595 9013 0.769316589088
207678 196411 0.70265874623
25741 19586 0.711033688901
143064 149234 0.717092386446
29290 36979 0.76381535123
231041 231583 0.774519358509
248059 255785 0.73579444134
23434 14095 0.719649525727
185975 180339 0.720087455679
130531 38093 0.76996220422
229434 232545 0.776655151345
37620 49125 0.730966493481
82624 91961 0.708736049758
56752 54988 0.772583195281
66153 63629 0.767553874263
251470 246171 0.752205055425
161524 213678 0.771021375585
75482 79284 0.780034669225
19044 33530 0.716663980042
91177 88478 0.708469879317
121555 68844 0.72364006647
79133 78605 0.742412051875
155415 168255 0.720407860776
229576 230475 0.70508391092
26986 41313 0.778289717599
179550 162964 0.753115523993
182913 184484 0.700992555872
26887 21384 0.725061711242
226932 225233 0.778712144524
202918 201557 0.785674128414
143373 148128 0.785868335163
171241 163852 0.751695194922
252214 138812 0.71098308355
43087 47063 0.752290149516
151401 142430 0.735199107875
24326 27679 0.71743956191
134788 24275 0.733926146158
196609 204698 0.756311283725
190797 12316 0.709225805813
245904 250258 0.741992194625
232883 9729 0.778543356611
263292 258706 0.721406776769
180944 201235 0.750533652593
143504 190445 0.796201182269
78956 77421 0.716284886167
232444 10319 0.776798170711
201007 208215 0.716969319783
205955 200014 0.759472935948
51055 190615 0.710666267004
2505 1223 0.701732795349
167160 163369 0.765654324349
187129 196559 0.759313587564
98888 42439 0.783373336702
2198 5185 0.761851974844
128675 120882 0.739930096435
86217 88287 0.741920606873
8627 9277 0.737020920396
73725 74531 0.7785046708
232896 232361 0.746863296153
185324 209960 0.757155127301
154495 157421 0.740054109249
204908 206578 0.734008244221
44301 43341 0.773399659707
69826 72197 0.765223985996
240889 246878 0.753071606444
210150 206296 0.708206990413
25234 134640 0.7785662366
140823 140112 0.779820798056
239074 244679 0.791947448715
177038 175078 0.791291305805
21940 10702 0.747307397222
75445 73229 0.709317253503
101264 123697 0.781458409422
253134 250370 0.72884456939
109147 103832 0.731715629467
17140 22671 0.756003984849
136289 134436 0.70318789155
254272 263981 0.792930708507
147260 143733 0.708709071248
198589 195123 0.70296711612
245211 236883 0.799946219052
222660 215533 0.711907956749
34340 32137 0.754813837277
163091 174164 0.751384724827
31857 30114 0.779778999174
162225 164949 0.763786305423
222171 216192 0.793077909943
224085 224461 0.763147812409
200189 202378 0.738344028004
238138 257923 0.773753199874
231047 228491 0.742466857485
126746 128041 0.718320852358
39738 113952 0.716104172588
117822 124219 0.708660520924
19341 22980 0.711417864572
208008 200912 0.70639477702
15937 10281 0.776338001322
136694 138690 0.741813208871
99295 100584 0.789970056989
141078 140411 0.735275995775
191734 194042 0.721516531723
44481 126849 0.753954996909
216575 221719 0.772578444132
139898 140917 0.771878110604
173434 165927 0.766723717816
106985 92757 0.796357585961
1916 1499 0.787341980636
144420 204014 0.78738556761
88487 89436 0.730674657074
214536 211269 0.779028321546
22629 10576 0.794920042396
127820 121269 0.757230127062
153651 170105 0.766358659378
21941 28344 0.786908722777
120719 127696 0.786791864496
200616 201838 0.716489154769
123956 132494 0.769618842341
64986 74598 0.767100059859
213032 162168 0.718619801328
163041 184373 0.766197231757
189890 140847 0.701205113918
189471 139603 0.714102948573
25005 188304 0.782341420412
112293 17677 0.750149088498
221453 216213 0.712212374125
111670 17269 0.727597054499
226918 227935 0.784891577291
33835 109836 0.708737814549
76498 78025 0.736272101803
196820 194563 0.71234836955
206175 202025 0.74959140201
259899 247080 0.768896363595
203806 207854 0.789691518773
234065 227641 0.707932036303
196111 203092 0.780903805185
167815 154649 0.782004154266
124075 122815 0.755547646347
166002 185079 0.72195064828
6970 15495 0.75887897464
129537 127400 0.718505603929
104214 110574 0.793480618181
217341 223580 0.753869412603
254085 253786 0.762808735018
18981 28245 0.714305796527
230739 232978 0.739759217482
171853 152121 0.75793790045
36676 104820 0.705399738928
217701 151202 0.757095436626
220136 72675 0.706060022947
211544 163280 0.714260557722
121423 127270 0.704172507115
130907 129250 0.745362719527
184132 208915 0.78951054166
15696 20159 0.750091793757
120769 124815 0.788166445854
160203 157361 0.710809417418
214112 184911 0.748686229684
255827 258553 0.70527290565
143087 224232 0.744429763827
42810 35951 0.722723723323
235609 228388 0.769767568239
199359 201276 0.709144036937
157088 166890 0.70567541736
205621 199653 0.736017689966
201213 206818 0.734546007294
154012 169394 0.794750519091
151306 206744 0.794633125712
16954 31889 0.779870725066
199254 201094 0.748505885558
153427 168720 0.706134903089
128302 131855 0.764007069518
226320 225357 0.704712678829
233651 29682 0.708174464973
128683 121476 0.717099827209
116848 124816 0.70607564886
80770 83963 0.74746191954
170540 211034 0.704657111234
9167 21586 0.758928728301
180217 184415 0.7806001747
207096 146007 0.758426250158
134919 188082 0.711935517914
205225 210313 0.740770355331
249331 242312 0.727702752211
71234 67789 0.723963749302
17843 112174 0.793265126596
40485 53152 0.730223367172
195328 161941 0.760228631353
7260 6694 0.739610420747
233072 233562 0.770206865191
162951 201990 0.724366509168
165930 215157 0.727763210781
127179 129651 0.785026306825
160975 176578 0.778026425836
110134 32785 0.772429845187
189424 195425 0.767758897966
110685 111966 0.713532915131
210740 203964 0.740430134919
142706 140764 0.709026301577
146889 151595 0.739330264232
26092 13644 0.732349753417
7316 8247 0.715004541454
161318 210993 0.77421077458
7395 32240 0.70560166519
166948 183207 0.715377985717
77646 71326 0.775511175806
211830 201306 0.7475211968
142772 190333 0.779140665023
197285 190091 0.763463636314
29155 25247 0.794630610412
245950 245449 0.778902943638
162733 209755 0.735975889606
108967 41941 0.737567745679
208676 162621 0.745611991146
33432 111372 0.777585675724
233473 6765 0.792526066472
166778 209833 0.723228757573
75958 88398 0.770013187474
72553 68632 0.761218810676
6746 34617 0.732948758998
175464 160214 0.781628187491
211469 151569 0.74339098457
23793 134955 0.792908602558
26992 41056 0.728252436827
105572 104643 0.759882220855
39567 40668 0.725285998305
154531 167586 0.785599610646
60245 118071 0.749718129727
156885 152489 0.709715697653
227700 231153 0.715735691694
136714 197781 0.708772837661
206952 212259 0.755028879003
160690 153153 0.726819782542
36200 110596 0.721817404477
202445 206502 0.736738233311
223191 54231 0.758670780524
181465 166639 0.73953692479
153821 172741 0.783639606464
52291 55347 0.776288233073
7206 31365 0.737783787686
186409 151778 0.724957664139
155981 175399 0.79983235494
188330 195174 0.726426722565
144698 203733 0.708721347115
10278 232279 0.7751074584
96809 100552 0.75359483341
35704 45703 0.729913107385
139997 147414 0.755250793933
145516 207791 0.727648387576
203256 144444 0.711722984476
24319 20672 0.700885499967
4911 262327 0.722858332967
62339 78642 0.737891591553
119630 59705 0.770607492973
216938 223784 0.772775653443
18838 23274 0.760870246465
259928 246796 0.785723221105
244904 247771 0.792595289766
21640 13126 0.723474143755
240905 242568 0.73144366069
248739 242134 0.744818145305
129376 125852 0.700114355276
170872 165199 0.733302725974
249844 250193 0.792579054988
138036 133273 0.786872378559
2839 3225 0.711378532827
135568 138381 0.76660638174
55549 140686 0.71255696829
189859 55749 0.774856735597
184706 209999 0.735680254157
122886 127657 0.741053405803
31967 31255 0.721449252227
72221 64604 0.702621440267
150940 142737 0.727292624536
139238 138512 0.771946736959
122608 121986 0.79409545433
61465 65061 0.749342217635
6961 6532 0.761309246883
12381 10049 0.787409452223
199819 209736 0.738427117428
210149 214392 0.788906336772
190388 142534 0.748784866041
52512 51896 0.756688056749
38683 129950 0.763490727017
54896 48635 0.724690194039
73019 221024 0.763229603756
138966 132965 0.726618839783
164805 166358 0.756347728983
254872 255759 0.723207947116
249305 246238 0.733135353564
206344 210850 0.746192220473
223237 216829 0.744083659883
22672 18752 0.77709560622
108063 110330 0.778354796933
164371 163172 0.748617469949
17548 21062 0.749873840634
80746 90847 0.753898063225
107474 110294 0.742979504281
145414 151904 0.7044629911
154602 159067 0.737666120107
36962 44378 0.765331193061
121945 118121 0.729953902185
167934 211028 0.720391474303
212465 211602 0.74407538607
218632 217503 0.759983153133
66529 57395 0.774924008603
73229 66263 0.752291194878
190182 52399 0.758327281383
65040 61485 0.798132017936
140653 188964 0.770863928178
16948 110862 0.715427770352
85268 86806 0.786020353869
129799 131653 0.76169137022
40811 50532 0.7295322758
19726 23339 0.757204452298
156364 167197 0.783272596252
249741 240340 0.79912853851
50079 36675 0.7244361273
105775 40146 0.732847961095
104202 109984 0.742411049229
136805 133193 0.732655791848
111144 112411 0.767929030237
76051 76210 0.799158973605
105068 39413 0.786735696441
217920 223296 0.799209149662
29369 49524 0.708210757377
159452 154859 0.713517702906
48107 50223 0.710418362727
222114 54278 0.708162910269
8473 19617 0.777826578695
1100 3216 0.799056660245
48390 130279 0.775369570152
21662 10283 0.720495929279
4094 1143 0.761234819689
198791 200556 0.785523462542
220012 220224 0.779901710148
50404 109162 0.721752411533
141523 195125 0.718045912369
76910 68118 0.725125834042
185842 180177 0.70825707369
210390 164294 0.78946249011
25959 21769 0.780631522937
231151 230590 0.74878941492
60688 58239 0.733378659836
48727 38381 0.743415103672
19962 25776 0.779832211477
189500 136950 0.762725967546
179802 173848 0.797582920271
187679 132891 0.79436945331
99310 98401 0.713510551038
166991 155311 0.73057868313
29071 48748 0.734215470069
164313 153738 0.793503165711
145187 141715 0.76476086614
183920 167064 0.756728038453
19395 16853 0.737638303295
107264 107440 0.779391556427
241797 250595 0.792518747374
165156 162222 0.790125758387
189321 197758 0.79156014345
112393 18950 0.721110398932
12087 25877 0.71707154687
112146 110664 0.709190899663
174625 152291 0.700158446221
163493 168209 0.762643944285
67851 71221 0.784223949165
228799 14221 0.720692856537
169883 170796 0.739325106789
52762 52219 0.755636164125
240770 245614 0.768251366022
220628 222482 0.777474027048
174135 184551 0.758249694173
239814 244959 0.735927518315
205578 208642 0.785482519682
147819 223962 0.789254880521
207820 164132 0.724867529049
39790 40631 0.776914804839
39148 112913 0.756500293446
66787 127836 0.722091081234
50067 93791 0.730439106328
260457 247774 0.737474130198
145574 150034 0.731665418257
9559 15850 0.76065487151
47079 53552 0.758462633726
41002 44352 0.794900777939
208831 163045 0.784865360853
217480 216947 0.790449579903
151903 195370 0.727404684578
71234 67270 0.76160044795
189004 198108 0.753011741903
157576 153772 0.716866711713
17969 19911 0.770857136353
153405 153075 0.710988308266
112303 15212 0.798088083313
221182 220194 0.741220838706
146824 144722 0.785275356046
111253 108243 0.703797443826
48871 44704 0.726560614845
43024 100544 0.725682861153
77750 120120 0.729776145111
154794 168239 0.798348132301
179500 209176 0.760253346552
10284 35246 0.725596946267
151224 148693 0.779937376423
151007 147512 0.703634660258
250816 133479 0.714639203355
88485 75489 0.736802635884
218709 223550 0.729266798093
250342 254871 0.767611321167
214295 188154 0.75960950992
26034 24647 0.721155408403
251097 246840 0.701253335563
120786 67220 0.78894954931
212234 163898 0.797387179298
110663 111046 0.712484711553
205562 210343 0.701842432766
22966 20049 0.712223337141
45268 123670 0.75661058615
170510 169632 0.787614725954
31790 15057 0.708436732398
31794 7414 0.717592690852
224160 218355 0.793133447822
52758 50672 0.784928536219
20513 17158 0.78934853833
121072 132177 0.760419975414
217318 216110 0.738882002307
186228 55130 0.767689957972
179184 163005 0.733224956976
15417 9876 0.754346936177
77752 116546 0.775247177754
11505 28293 0.77926521054
262063 263054 0.707560245319
28046 19326 0.77278677594
12884 19517 0.768982555445
29097 54904 0.732140923559
59133 117904 0.774412052682
53113 46844 0.798901898383
219429 215772 0.728603988895
83549 84218 0.737908425163
16969 33957 0.792664154944
33973 105171 0.783346206104
60301 76942 0.76195997613
215372 218461 0.737554948611
43807 37395 0.761387002409
209800 203561 0.736648911325
85357 88591 0.709515904816
181334 166829 0.721817249967
196329 203470 0.705617875478
23764 22714 0.731179600332
170570 152567 0.750101001102
107856 112435 0.750637125679
190712 137810 0.747051215873
148896 150941 0.77215313239
209859 181137 0.738638956156
215900 219593 0.763891268362
104967 27383 0.733812487956
149960 146041 0.764943631634
157432 154278 0.700724107791
214166 164254 0.733443279486
209766 162725 0.754454943463
37254 29313 0.751226084665
202191 199691 0.70472383145
65880 76765 0.72618376108
169754 167546 0.774396458184
154656 167529 0.754302936363
150368 144891 0.753817856387
112601 113699 0.738963345522
207328 209147 0.762415019168
31719 109848 0.754711533513
247023 255864 0.769963582524
35808 48049 0.719288026659
150937 217269 0.747755130679
153669 157955 0.789754569497
212975 161484 0.750659522241
39322 43775 0.770149582143
200409 209968 0.725817593865
161812 210941 0.758586811311
256400 255516 0.755305895824
198174 140961 0.785855663792
243645 245362 0.727900637246
107172 109777 0.777765941388
68365 72377 0.705598696166
185969 163688 0.769728943351
202730 206840 0.767417632483
165393 161448 0.700650932762
11656 27983 0.775697683822
70918 62940 0.723742476501
243507 242829 0.721555823455
38365 48827 0.735781847306
46366 44458 0.733854112106
211619 165731 0.753513172283
189448 196730 0.701513869235
148320 151998 0.782714679859
176681 179306 0.768127557454
17084 18130 0.775634115425
149684 147329 0.748262576837
178748 182752 0.740955761106
148555 147174 0.774931221579
63687 61980 0.724622763408
214551 203297 0.754696218248
151443 195746 0.735094389295
119955 59447 0.70059604964
141086 197017 0.797874919316
175490 157544 0.794432686294
219242 215684 0.795778879722
217514 215526 0.735832911646
207125 202338 0.750247630237
38026 42559 0.753821233085
189456 190085 0.716521277572
201425 210203 0.778535579233
204806 212687 0.733921404826
254329 255484 0.761076235099
251076 252568 0.705800240175
29251 26995 0.725337649516
142800 186914 0.752741417896
74310 73023 0.773094987139
109508 109929 0.709905015583
71599 72700 0.767635044738
110273 14757 0.711184166446
202732 198035 0.788774465897
142335 186520 0.765767807903
50503 105564 0.76048694056
198918 197022 0.774782576629
83181 82278 0.790168090062
41528 46420 0.714244791427
69807 220429 0.784211476305
210786 208532 0.702591353704
182565 179334 0.723350855798
206677 209029 0.745561900108
155832 177385 0.717359979883
69029 121207 0.721011024281
217568 216225 0.763362830564
196529 205630 0.74169970821
206060 202000 0.797607788586
137408 189552 0.751652364375
185834 208822 0.746584360349
196445 199216 0.792475987554
19952 23034 0.734418892182
181453 166530 0.705270415246
127857 131252 0.704280867118
241208 240060 0.719099036015
167870 162730 0.743599354818
126568 130287 0.768241498838
164177 184391 0.776229281976
29738 31777 0.715490432332
69231 71870 0.792275984645
47250 126774 0.751435309777
116435 58711 0.78526365792
141766 194690 0.702313572151
220099 219683 0.718117421682
144357 146182 0.772337493552
27237 33994 0.739102457372
100778 122665 0.799866241531
45672 130095 0.756306799396
47995 130215 0.70723340461
255652 260530 0.754990542557
17096 103496 0.716249133168
127176 47349 0.770745159234
245732 255506 0.720420254945
189767 141393 0.717138676389
212233 171225 0.758106054047
204779 146812 0.709231915419
137817 133389 0.785274770165
21761 22751 0.703979145208
220017 217366 0.722306651975
196711 141676 0.797022017959
248064 264079 0.795485044373
103742 50507 0.78570941254
68533 128399 0.725468136902
204603 144134 0.754322378986
200680 203126 0.730425934124
113044 26239 0.754643206226
202623 145526 0.743516194415
55444 50816 0.74503167455
235382 8054 0.715590439103
251705 254337 0.740522471543
121936 101325 0.723758629346
186823 55788 0.752168919618
18526 26266 0.770976328105
255774 246520 0.777324527467
218654 221882 0.761450343364
47342 35859 0.711331701624
159613 153192 0.783803342091
194904 142271 0.784434774547
16120 10464 0.769797441492
214876 196037 0.79681315616
149758 148395 0.701463663236
129291 125779 0.771087116925
102404 102659 0.713114930598
124336 58361 0.751638921518
222185 215728 0.739339087502
168528 155873 0.72211496156
151618 147731 0.79282445866
58302 116940 0.784552392537
104250 112401 0.722157267783
136922 252170 0.774922891577
166635 213735 0.758525027333
40862 39044 0.73242452062
107448 92948 0.708456876381
167803 152463 0.716422951415
61777 65391 0.774908817502
127034 46176 0.782858600593
120515 67253 0.702311167072
153343 163871 0.756871343177
245807 259963 0.754056738594
121737 123508 0.760563069566
168314 161237 0.717475924838
186947 135278 0.760174503117
213780 166737 0.792681941356
121212 126423 0.79339568578
35516 38176 0.757141813995
29648 30681 0.712419575777
252047 137098 0.750217450473
194507 192736 0.732506509488
116860 117731 0.754237104615
8223 16385 0.77367954987
144889 143538 0.772140769547
33121 33616 0.727585667306
98888 102639 0.718130015173
39664 36656 0.700801146154
29217 54750 0.790248263476
33609 33039 0.721046505068
149411 143098 0.798359836852
152410 184518 0.789150410035
107015 92591 0.740142215617
235622 225199 0.711439965401
252187 133117 0.737038090732
48894 46618 0.788577411469
187764 23043 0.725123013783
256728 256305 0.7466700263
200355 198047 0.704647656952
86775 90484 0.710837413124
68187 129015 0.773090194241
37027 104025 0.711055954609
229646 230783 0.722271289992
175152 156511 0.772789845546
200733 203117 0.792316744602
34723 6946 0.717925579867
185643 166522 0.71616126391
180756 182819 0.793083134792
262490 262815 0.719693688981
202496 142413 0.776864586191
111218 18562 0.722945028866
232622 232217 0.759314550738
168043 211445 0.788033931692
29217 38173 0.777292509186
182904 184279 0.723925551684
256901 263371 0.72398406457
164761 162615 0.758087161093
83073 81927 0.720505612844
51518 186672 0.721722137212
195307 189386 0.774857515122
163586 165999 0.75274657043
119629 123584 0.775583823383
16801 10345 0.760571427651
130158 121084 0.783868985372
139183 137996 0.798862491647
147391 149212 0.752143545191
187030 197516 0.794278356106
112463 110531 0.759576547878
172285 167736 0.764678677381
35687 43516 0.706366719708
239775 244941 0.787942021568
163396 152274 0.75591241356
135807 14387 0.770417083233
89870 88885 0.739988641577
196193 197351 0.729859362224
124039 67657 0.751416895187
11156 16509 0.794032334736
141493 190200 0.764263425713
54918 189644 0.798239299653
125713 124277 0.735669288886
33139 7776 0.795034600373
128127 46547 0.745306463288
232812 12629 0.725350157129
6861 30158 0.794499260745
107728 109277 0.708108480893
9037 230824 0.735348383073
37673 53562 0.784475521429
19103 15796 0.796618273831
107914 112524 0.757346739516
140347 148549 0.798084633449
201848 205238 0.766213552105
69513 121097 0.720530052031
213973 167645 0.737961043494
67617 123400 0.787066466446
211017 204516 0.739618226684
129954 35976 0.776496311477
37058 105775 0.708060979595
17095 20966 0.75409943467
134986 197603 0.715479667338
155926 155476 0.764298090869
215813 221695 0.709843245441
209166 200128 0.747457808327
41385 48699 0.759567305634
171143 166118 0.721281272901
112273 104192 0.769624558585
10886 12446 0.717087099979
133731 138343 0.705539424635
234860 235434 0.763638169162
56610 151285 0.76574583565
142717 144527 0.799071705104
164135 214713 0.701901119699
141112 145280 0.737742581477
164745 163901 0.795542505829
7480 31295 0.72739237895
46017 130033 0.740804026953
99963 102591 0.737774075429
13974 24017 0.793650634433
198562 203762 0.758088683241
