177327 172187 0.705774016185
73353 69647 0.786982400631
196465 212109 0.70643350262
197136 206344 0.721115806124
246624 234925 0.770601251726
158940 174459 0.792542231458
199807 133855 0.797124510261
187888 22048 0.799310485441
135223 25520 0.735774415237
252517 137443 0.706438015493
99560 35729 0.700039043896
164818 158150 0.763973431688
166633 211449 0.70869172797
33874 36702 0.726630932896
205163 208799 0.799090533078
109874 35071 0.715327389251
200826 183908 0.736800104335
122274 44243 0.780482122617
187288 20297 0.760996322491
127731 101159 0.723090050454
29263 189738 0.723352873714
98940 110005 0.710065895218
170529 156041 0.748190796792
77119 77262 0.780997238907
172737 160908 0.737710955663
73236 61697 0.759064594823
188248 140913 0.757785634921
138338 24328 0.773883009028
210911 203537 0.758448144666
167875 208568 0.710223269839
141178 149058 0.785590732955
27289 55630 0.791709080089
118231 68972 0.730323840916
35825 94538 0.704208900003
136961 254631 0.77512352253
180211 211706 0.715749545908
124679 116463 0.701664071364
38482 55536 0.772448660857
210301 199855 0.784406732895
28763 29237 0.75520494977
25198 250797 0.776999509365
136078 139416 0.791363253052
218304 54694 0.736430256059
56839 123871 0.77830472689
195911 24814 0.769445107382
245321 240744 0.713030007095
49027 51274 0.780822632544
159302 163304 0.739362439524
41886 130351 0.730866420306
133121 139686 0.786530988473
71292 224086 0.722530623308
34240 250146 0.774349598839
199740 136049 0.775312574933
252100 240973 0.768609976348
7036 32623 0.77742837019
15382 112194 0.724745119616
251697 25126 0.745942004372
25130 137682 0.761828284657
256502 3020 0.782647425628
156641 183666 0.786568651912
24613 28139 0.713528527554
111208 27469 0.784856281821
206950 178663 0.767575288388
129179 117814 0.753763349506
253344 247559 0.742747628159
181785 154326 0.795289505319
161334 215007 0.748079324435
202851 206418 0.77452469205
129606 125111 0.706507879157
186349 206331 0.73329582118
187750 197241 0.716328597465
40598 190678 0.715665122163
140011 200135 0.792953183022
246749 240367 0.741504808501
88902 82407 0.731239459459
12851 233601 0.740193112691
64296 68365 0.781067155309
184301 169068 0.776370269702
209748 202123 0.731940312824
91612 57307 0.722782417334
110247 20104 0.775500294901
65422 74070 0.732959661264
10143 228667 0.753260384454
55080 24714 0.70854268558
219536 55289 0.794352668766
52029 196597 0.725668278278
239448 262110 0.714808459623
134205 133301 0.779434878984
66326 62838 0.788754671769
167560 169291 0.747059948896
17094 10145 0.797359913482
24389 17227 0.706497048587
93488 35701 0.796726542091
10771 231272 0.737398066494
233895 7549 0.7548816223
24217 12859 0.733959071267
170365 168918 0.786049207742
40256 28093 0.737938489195
102388 93407 0.751771091638
56991 62206 0.725894422999
196092 164441 0.781590946481
209111 183546 0.704054286485
187045 208843 0.776780783417
220650 54209 0.718058110919
163076 205956 0.796563390529
216640 127979 0.751557977386
151456 165761 0.713361995908
93602 96460 0.720955549739
140503 217787 0.727288917521
24202 111631 0.790867734768
138703 254765 0.726414345014
152133 183336 0.790334781447
103448 7499 0.717856245286
36888 19675 0.751022738973
174508 182257 0.793035257042
179356 163953 0.726165668357
152273 168804 0.756010605396
186851 204684 0.725783634344
106677 93643 0.74737712927
223384 140136 0.728371247197
142660 206534 0.778422199559
49475 127503 0.714426992314
122299 127601 0.749830518516
166130 202855 0.789810692176
132109 147137 0.765625211144
224965 129785 0.744630040579
134076 245181 0.747904780599
12118 188093 0.798679752839
189950 135543 0.786959200308
242584 263804 0.737459454743
141111 210292 0.772160251993
135231 195305 0.794018338765
240347 258641 0.74469965729
36253 123058 0.791370082741
140458 197469 0.72793789268
90718 90202 0.715383948854
156685 166699 0.757930038325
63966 59780 0.793861531084
94182 32656 0.772986114835
68320 64847 0.771374036327
203044 172167 0.718289017517
24040 12718 0.797260246217
15194 13895 0.789013749004
50842 35397 0.756193009916
183738 159707 0.727752073263
196597 200789 0.771230071696
84042 81641 0.708616954387
125599 48302 0.797231982447
214068 169303 0.777701363583
89081 74932 0.72940018797
184354 156273 0.790526249963
14808 12752 0.782847663918
41048 190259 0.784717827926
211173 152656 0.769913038626
134464 201184 0.701921274545
24695 141478 0.772941376377
49954 93198 0.761084839726
225490 234993 0.74901260224
49936 97668 0.76112573286
31460 19596 0.707097074705
183447 211583 0.798062331506
229354 240995 0.736247113462
19388 111848 0.73157912896
14273 11915 0.713396862441
204308 213172 0.778453975714
250016 260235 0.75293143752
42932 125720 0.707297608384
181284 201150 0.756933801789
219898 63035 0.795000068293
130444 46205 0.773071825154
218523 218055 0.758594570018
105110 56574 0.760326468925
92438 98200 0.733044660143
131841 70431 0.792060660076
151754 211409 0.735547760406
38068 26626 0.784522653325
63743 65878 0.751186954434
150552 217898 0.712535642489
28952 12397 0.733891240504
259344 255061 0.760254540504
50600 17767 0.788099683143
244913 255780 0.778384532066
251940 259892 0.790331754191
131301 54816 0.721676058049
132060 54753 0.756868350446
260759 257703 0.759580551095
243007 4547 0.771703259544
162472 209508 0.776846104207
167568 212062 0.713408587202
8616 13127 0.76883369008
120603 116521 0.740558516213
197110 150838 0.794049834009
126479 53326 0.701700985483
209998 170802 0.76006570622
171701 166896 0.703105730771
194671 142919 0.740571594901
151848 203826 0.709658694374
107807 22629 0.797037752594
134024 255750 0.728024093641
54206 187134 0.784972846586
214271 205376 0.75970069288
184098 159551 0.768026297659
168443 159016 0.733625302837
129995 222921 0.768136074291
49536 187096 0.715189157496
215150 141295 0.735682348733
122490 129086 0.711696263325
37176 27027 0.756580753222
27973 53347 0.770909733452
22222 9618 0.719503667171
48404 42524 0.73716657369
149148 142384 0.771793709272
250022 258399 0.755414133273
189228 145988 0.729536974701
263714 237581 0.700636830331
113285 28461 0.738841562256
122834 120351 0.732260991119
217343 53577 0.7103644794
28578 10318 0.711819257442
132246 78485 0.791311215691
196197 212131 0.734482030844
10044 228855 0.701144652613
15027 6521 0.71958358044
32159 106819 0.735123060417
116813 117228 0.753829160972
222884 68618 0.735380242195
207283 187281 0.73550270083
184619 155476 0.743372257805
163071 177290 0.712158662782
205377 148558 0.785009491847
225176 229798 0.79515813738
194710 204442 0.722578439864
223900 150156 0.754041399237
52668 54460 0.750570839569
23133 33148 0.778333884477
196259 52831 0.72925740306
221813 71637 0.708241515796
158381 173634 0.76855174721
138013 248932 0.785837771021
188074 138541 0.793458143303
126180 101199 0.78538026134
140236 135121 0.741703753135
181971 152943 0.722286220025
72526 218700 0.780764870146
200258 186515 0.748448085067
49753 127136 0.720705008558
48323 217879 0.702904399498
195056 187988 0.754504927034
198735 144176 0.719477849805
190867 114422 0.787937228932
16720 14067 0.757175310348
17092 39713 0.768741848101
109056 98576 0.767596231605
129803 54541 0.754510877457
122659 103211 0.796937955092
128632 131126 0.769132949365
233058 229022 0.757653595041
54083 222376 0.743923447192
211054 170291 0.799713627852
220398 217691 0.761553944293
240422 138449 0.746599543281
6939 113910 0.795724889853
63699 73350 0.787986242564
163307 171327 0.76422147954
15126 35361 0.765715771149
211954 159269 0.795397961512
13721 111564 0.701102180142
91090 80787 0.726754109053
171627 183212 0.700692861448
105154 18760 0.76579479291
150349 204037 0.727484844607
197494 151320 0.726107534995
94071 50103 0.726634872294
213682 203660 0.727113938416
99280 125135 0.70601596295
157977 175495 0.705420053136
72789 66640 0.79279758153
26253 113774 0.701269886846
18123 110360 0.778092754712
232581 229625 0.721518657608
176228 168535 0.75491942396
205810 190325 0.793365185394
206517 135475 0.791913647033
98819 50109 0.762544584731
175554 179508 0.707547901587
258806 238784 0.727957845976
213386 168834 0.738043871093
180527 152862 0.773010519679
12327 232527 0.742140287671
82766 85167 0.74483285511
111766 11558 0.777582692888
134706 250217 0.797007153895
241590 240204 0.768617338103
20193 51192 0.767181353175
222495 69998 0.7542168315
84942 90139 0.716793008519
31806 9485 0.791610440398
205532 151356 0.793635039003
125569 100207 0.727314173363
166566 175382 0.705346270247
20834 109599 0.786037135028
218456 48894 0.768016629128
165655 200487 0.7234738835
182855 154209 0.707865790035
71803 116941 0.78318121689
219032 128896 0.709707186775
123306 69423 0.767340908356
154881 208288 0.762013356024
108336 34530 0.744394115613
37921 55167 0.722406358543
221753 131862 0.710904165368
183732 212579 0.742655755563
126345 72793 0.752177093169
44314 125539 0.75087223371
202183 139570 0.753844911547
27776 54560 0.706771436162
25185 18187 0.78750186768
29162 188728 0.799298531148
107781 106059 0.789283250056
232306 240284 0.709110197278
102021 32474 0.777009976274
94128 113294 0.718846834836
16987 103674 0.746730837189
137018 141246 0.713052478048
215533 130418 0.711348088469
201467 197993 0.754847794515
177514 152988 0.755813891139
228949 30177 0.781282117893
54375 29355 0.76419706784
78287 87532 0.760924011233
22205 104517 0.755310743121
27396 20730 0.749833628868
245159 239931 0.74107235766
148044 142095 0.770770590931
224034 224209 0.796476655749
185004 154410 0.732562164298
117211 73233 0.760991791971
11506 111606 0.741868763223
183379 208933 0.7458371047
51719 27703 0.760501393012
196102 212418 0.795584666777
48643 125826 0.748897236084
27101 52128 0.781970878287
107726 37087 0.718825781942
198499 133149 0.798918244297
150841 140666 0.742223965457
201540 141017 0.744888157833
142726 199206 0.782761291512
144835 52549 0.710516731951
171457 209142 0.778074026957
16287 26718 0.73103077921
207637 199078 0.727202937009
50703 20445 0.728927451253
198077 190197 0.768118518953
103888 93291 0.762091830828
39712 42791 0.768971429583
107868 50007 0.714841638211
42044 107492 0.731701808507
92429 96597 0.701723351123
221632 131244 0.721383346359
108000 93085 0.737014859563
187761 249698 0.79380251747
217209 145229 0.799890022279
177612 183959 0.767722658931
220874 130286 0.762533204094
21472 17732 0.793720074039
53538 51969 0.720624550327
88041 75663 0.706486518679
49731 140735 0.701630488315
68059 119768 0.706213725641
160122 153415 0.766935501237
34252 39294 0.775594177819
136463 134163 0.791575813374
162958 202165 0.763769787791
222124 224599 0.753137396119
206135 153881 0.718811959654
7574 230377 0.759002772711
16786 31754 0.733192877772
132023 222435 0.7795915277
252662 135998 0.770231889258
16203 232791 0.739934997044
259860 252645 0.752395219206
53283 25476 0.732645743721
251210 246658 0.769162963216
221898 222612 0.765026848094
178993 203199 0.785851171053
146567 197654 0.768045226957
29103 105382 0.712606915208
20609 8432 0.738750153113
122072 41774 0.777584461062
38989 125721 0.725602821432
70485 54313 0.779577262465
22110 19906 0.770034853365
224791 131929 0.756563678259
186819 54119 0.782862812466
87455 82871 0.761556777862
11955 110920 0.763019074776
93968 29571 0.709342651071
7836 112223 0.756529242272
54681 219975 0.781031737255
53396 186871 0.750101465699
220405 215667 0.799676933613
67080 127217 0.791374186537
47598 104810 0.728703061029
52732 217259 0.71459094262
46907 56035 0.773414178875
20029 26909 0.718800092608
206074 139161 0.775598853083
90958 84370 0.799204807384
30517 107835 0.786956282933
162881 151585 0.750991602856
127513 41584 0.741138828925
184600 155106 0.783834463534
96235 93294 0.781365568688
108642 37484 0.770200960146
163435 156659 0.753303706057
53766 39624 0.715594393234
142975 187064 0.737056399833
62828 65153 0.756561269283
151983 146091 0.710274193708
27272 55240 0.779562230705
31909 112140 0.758848857767
188737 140489 0.792681383766
218866 127598 0.791548497924
26575 15993 0.717595617492
161561 205101 0.728971548789
220111 70953 0.742492122142
244303 259388 0.716161641369
152174 165942 0.736611498433
60053 117164 0.726348334111
21234 55534 0.753547239553
247584 1675 0.796537905232
143194 198967 0.76191517817
141543 51929 0.702956241677
117072 67264 0.750872351706
210312 154943 0.790308137281
41406 131845 0.754352120234
165447 160800 0.713432985911
251914 260525 0.78427862629
132193 223746 0.756272860991
46115 38204 0.794656310961
213136 206241 0.738801660754
114811 6531 0.761486080274
166387 177463 0.7194918505
116284 104293 0.743630473271
209421 155253 0.795511527344
214536 186763 0.782522921082
119560 70709 0.709312621721
41775 130125 0.771383857768
80143 74490 0.720934425307
129972 39918 0.70032214355
5083 244819 0.715019641919
197979 199947 0.763239835255
83449 91236 0.721251127209
174022 213760 0.764907528826
145469 200408 0.770070802121
29410 35728 0.714070156438
51251 17616 0.707475306516
70202 131774 0.768048098963
197831 51260 0.746697321232
194978 210691 0.72165548068
45925 99734 0.742733163192
43431 123172 0.778039306801
37582 109587 0.715148036671
164356 202667 0.702968571083
221775 54053 0.797608829852
15004 11667 0.735857878659
53939 53120 0.735778346549
108494 112633 0.757893678786
98059 97510 0.735379698298
32159 21180 0.735864316882
41069 28934 0.736325074164
233970 29577 0.713702224478
201016 173616 0.768441513556
38521 103089 0.764885889648
23276 19090 0.757251861218
134132 189141 0.738358312921
4599 1801 0.785683606152
216489 142936 0.748146163002
214102 157843 0.74373053238
145799 200720 0.71154431164
160960 175022 0.701734723896
249635 245331 0.76079254557
177704 175842 0.718269384044
129331 38866 0.785755478919
184754 213575 0.713298840491
10297 228614 0.764381082346
28155 36099 0.738813639973
71608 78276 0.738111908395
132529 130380 0.734148483787
127813 44935 0.749592751846
65904 88265 0.761927236611
12724 133165 0.790408390254
8215 22389 0.732354087557
140816 146097 0.757369160583
48643 100347 0.798328360669
205913 165828 0.703372791581
164598 145116 0.768770269131
109861 17700 0.764963831647
31447 106242 0.709466910044
43588 46617 0.71133212502
212732 171224 0.793965101501
122884 117986 0.755671513086
106138 115831 0.745524919484
197947 133689 0.729945695354
21384 41150 0.736785078481
205561 184593 0.75387888368
87349 86076 0.778719761966
105185 15829 0.782873623541
230723 16568 0.76878455412
11565 232355 0.705873390787
51935 29045 0.77133778213
187831 26728 0.745431166357
109857 106382 0.780475002811
22759 110191 0.798699415304
38092 127495 0.761084123545
25977 104595 0.723073445761
27116 14998 0.79087973969
231092 239823 0.768055679538
172090 176487 0.724449832514
141387 212195 0.766884619438
100308 35587 0.774070427208
70050 222297 0.752580853462
113142 28945 0.734263475879
175659 156909 0.790431160841
110600 40022 0.786759215575
189364 202699 0.709969580383
125603 37967 0.790068754509
44862 29296 0.738809072349
253442 241224 0.756475061422
166033 184713 0.792382640978
56730 190662 0.726536085278
139179 206321 0.728933574229
138929 208977 0.742227051691
209322 145646 0.776088753983
228699 15290 0.72330127977
15656 27969 0.718823419284
246625 253366 0.771485416333
107624 92706 0.72104823331
223309 220302 0.794267789776
191551 119181 0.746595840833
199913 197040 0.702800118833
177145 166759 0.738044146224
171257 209119 0.728415675489
188277 133900 0.751513803206
176359 171635 0.775940544554
157349 172452 0.704839098567
47570 218104 0.797672474042
208750 197050 0.79556608161
189766 142317 0.700073908603
168459 195979 0.786448749475
109836 108961 0.797114043741
213715 213156 0.797980308849
217761 149401 0.781101832407
81294 82504 0.785564666242
28874 104330 0.750499634708
180905 179881 0.778098257595
180545 181813 0.773584922253
11347 31581 0.794203195823
195395 135536 0.706596547589
29338 190369 0.79908927156
26906 113810 0.758082790117
27642 33441 0.700933935305
33047 112239 0.780257240385
46987 45016 0.732591154392
20219 103769 0.701251477002
18596 10600 0.723158866418
59452 129861 0.795192128732
152656 177304 0.783382242281
167722 208905 0.74599711281
116420 62950 0.718090134006
222233 48315 0.700141866603
34725 104904 0.798230064686
52602 53875 0.797423141596
34399 52530 0.749469940199
217972 143112 0.798229562754
17213 8179 0.746471938094
19880 31486 0.79345869499
18142 16140 0.757554981094
44206 126527 0.719024803768
91217 74423 0.738017597851
127006 41045 0.770211474425
166217 177295 0.706456129142
50188 99547 0.779811362195
206266 204936 0.738438137905
262823 243557 0.79484894711
180172 173069 0.709230904584
181327 182385 0.788021736079
122271 129164 0.774584917088
223424 221430 0.720185296283
143731 202414 0.773079769449
92104 92598 0.701111265475
218644 50900 0.744494202843
168678 163915 0.758318777713
187565 150055 0.740042364289
194663 24477 0.713553053803
126160 67681 0.777449315662
40057 28556 0.73206926817
173179 152418 0.72183945546
53290 130245 0.735541568496
54771 142562 0.764116071563
259161 253768 0.725682212604
163249 185901 0.768640691965
72313 87320 0.782166225654
32156 233800 0.759754415971
204651 201533 0.74676834639
127407 120189 0.786578026635
73284 61818 0.745108189267
235418 9891 0.753009159755
168544 174436 0.797590673657
94924 115807 0.713899023811
217867 148424 0.705045717316
190302 28066 0.785985293588
27183 19637 0.774477866707
179335 175633 0.794383642875
56102 38812 0.781835564713
209100 212460 0.772214498068
183303 194523 0.726299591416
188107 252436 0.721998738921
17241 39517 0.735363207485
138408 251968 0.768178155376
138986 13728 0.725078489677
27068 19493 0.771394706543
214809 209979 0.740643808832
196332 200672 0.717707441794
71110 66500 0.740687154481
253560 258513 0.748303395987
243544 246865 0.759589314162
31713 7144 0.769738446975
23432 17479 0.738206848573
77704 123992 0.735512302429
52619 41046 0.75068113283
108022 105363 0.782670533479
47974 105136 0.765393541173
162860 159189 0.785651815115
209971 138927 0.708203799064
94506 98626 0.760396637052
129033 116584 0.712742768529
132254 54383 0.72553651534
25051 21848 0.780428472581
110141 16447 0.707769632691
100991 94599 0.776499593989
132110 120465 0.766951435444
195850 187171 0.770191154723
63160 69639 0.746918361324
33391 232127 0.778527409856
169040 153650 0.701302471189
27131 112206 0.73479500175
30951 33435 0.706179340147
7662 232495 0.795830375248
73136 91135 0.72723121556
216577 151188 0.730132682962
134769 186609 0.756617918729
33440 113805 0.710511495005
7699 25817 0.761587304382
186742 149666 0.783169740767
115776 102225 0.731115703825
108324 26634 0.785524171613
205367 188163 0.782365239503
255725 134325 0.777338968658
128364 92108 0.79065917099
76481 71517 0.702142175499
106266 115324 0.759640954395
164795 172727 0.765724429558
64777 129507 0.731914263339
103976 14723 0.797788897486
206928 140178 0.76639605177
143852 190819 0.779183313071
210353 196350 0.78755679486
77912 66364 0.763355235115
222244 148403 0.721171966961
188160 52034 0.768647714055
68301 124617 0.760572079472
254215 258603 0.709078530375
16991 11810 0.74228128203
233461 226484 0.785665296852
184393 202532 0.756266720351
218399 45851 0.723701944628
128876 220275 0.706991934532
174574 165382 0.774659172969
151242 141360 0.749102084279
150906 195603 0.70340466192
178755 202967 0.779338035553
154474 156229 0.779559186942
222501 72782 0.788053485733
208479 208867 0.768939319797
204950 209713 0.755596123432
46452 121876 0.796397808056
182493 199497 0.733747074819
50050 44880 0.791032836204
160375 167954 0.733089490965
127734 119553 0.747761386575
127445 120538 0.715973893474
142154 215918 0.704911444898
181076 182170 0.760989407203
17144 23755 0.746004051391
162093 206887 0.712163663122
6416 260006 0.771094439465
145339 212231 0.749415808266
106181 114421 0.774667105986
57659 117495 0.742359151483
169854 214126 0.738034288214
47284 78771 0.785333526912
37689 55650 0.72131876428
204251 148395 0.718548418849
22671 134555 0.72453191706
197631 138945 0.70294157984
113692 23438 0.730805005976
171699 211080 0.766066139793
175287 172928 0.735584296203
157156 175426 0.720354639
110261 19804 0.760524305749
179488 196312 0.785947264503
133472 13815 0.701966515394
50679 190113 0.725534569661
206081 180078 0.704681629623
55036 37392 0.716445707669
72973 77237 0.77201063024
49217 51883 0.78649135412
67605 64233 0.772124513714
94077 100295 0.771147434794
81119 81526 0.712119560588
67841 116740 0.762301584059
172320 175251 0.75920610576
116049 94117 0.742803870565
138599 250482 0.755893654669
156288 163204 0.752718289107
219640 70400 0.761070772236
208896 165245 0.721299904918
105421 50879 0.781413394199
35744 26463 0.77523575494
26186 51072 0.735552457913
13546 136224 0.778785330338
101660 47230 0.76709402324
20758 39767 0.764700969179
55688 46264 0.731019495216
32926 20726 0.776897743421
38920 27081 0.75080252958
26612 53553 0.77970970254
131383 44754 0.773521755119
138895 256042 0.753110751241
165054 146069 0.774792424981
139200 23781 0.794020630091
26430 24148 0.711021460573
103560 110953 0.710724973132
60796 118037 0.791327294367
157244 170385 0.734117749592
134823 199456 0.706293772103
195391 148894 0.72956096045
52310 39737 0.726034120743
197456 24246 0.79552981233
201566 163706 0.788441649159
27225 55779 0.78126732652
45809 53868 0.714126255293
63780 116865 0.764958979591
188033 136950 0.748288342338
150655 56750 0.77179174825
190604 195417 0.776373868107
201369 136886 0.774623958023
40076 47588 0.704038115469
142953 224822 0.789490897335
205533 161772 0.760889553491
14893 109868 0.707735444295
228668 232825 0.70447766868
208398 146169 0.703924286772
133561 241800 0.705775828216
185136 200444 0.754952153376
254740 248862 0.714356181764
153144 181782 0.754069883981
123230 97179 0.780166824689
260601 259773 0.785060489857
40670 27536 0.743014087935
166583 170962 0.768677283772
172193 209041 0.723330798638
127516 72813 0.712637728663
52011 40461 0.727645337434
77960 79523 0.752992310468
62702 116583 0.756676565375
1808 264087 0.702768159066
209514 197235 0.754813126877
188720 204128 0.785765487047
105045 29859 0.797327334993
36563 26848 0.782968846159
161200 175786 0.775290141532
101618 130554 0.772725493124
138535 205523 0.797103720485
167337 182749 0.763015749521
111323 39707 0.796280444466
75095 75365 0.786742013694
209671 142183 0.705208969008
48814 125265 0.734653261914
258596 249447 0.740746289847
36800 49102 0.725256587624
5578 247136 0.767105723027
74268 65449 0.70096033792
155002 213411 0.752423065319
220331 120790 0.787263684396
195199 212584 0.744851584527
113040 109481 0.74568035782
130315 219534 0.739622954583
142424 149912 0.780945800177
135245 14241 0.729758433677
247227 240435 0.761403574933
162993 213656 0.712009893805
53046 28122 0.717920586511
41311 18834 0.798578657545
232742 8334 0.719213015654
127950 37496 0.758191459317
109329 39372 0.703427668762
77001 117911 0.797629511652
208465 200107 0.7598454883
187924 195098 0.768036901572
188525 133364 0.702057595618
253654 200618 0.743075989408
39831 17063 0.738875638363
207647 150363 0.730518692682
174375 173396 0.766093675079
69996 71330 0.734154396258
206950 213102 0.74764994921
155261 169320 0.757919130377
14620 8141 0.765282415742
252227 133077 0.710887967579
251053 134840 0.770603911109
63360 116544 0.752110127012
111168 105393 0.749212832083
21846 10794 0.731790930214
161921 184259 0.743223184827
122728 100392 0.758297887341
112461 41362 0.767646151715
74534 90618 0.766355145033
65235 75995 0.783833459816
16015 112141 0.787461759321
67166 78745 0.707190657499
162998 152104 0.745148356071
213175 170965 0.765913034024
214323 163923 0.736152908842
183552 205287 0.743535208788
74554 78018 0.766359547082
140222 151413 0.714994137016
113507 51987 0.797295693965
9061 11101 0.794022931787
256626 252212 0.794660884883
132447 100319 0.714275026716
201345 140676 0.718906953058
202152 148812 0.71026109375
241844 137200 0.750468322046
127438 50224 0.778825075481
166299 173958 0.790513942731
19157 32788 0.700087106793
149751 140421 0.722654746181
206330 170513 0.777306650711
202485 144834 0.76388519274
167630 211183 0.752489023272
199937 163523 0.782134792232
162782 159288 0.767954511328
126352 223260 0.738493065884
158761 167268 0.776137542938
218085 72701 0.750486076229
238553 255194 0.772772186801
72168 221639 0.716243146508
39086 54933 0.766082077811
36394 130532 0.78618653508
36059 28150 0.721934982469
248186 138200 0.795334448007
206778 161764 0.74071945614
130893 69464 0.764465602129
22580 8925 0.715649262486
48828 123160 0.729121112022
110169 40042 0.710728685338
136122 28643 0.783183309798
28562 29159 0.702877091624
13271 187595 0.790184113044
51554 29310 0.770919226283
198386 210699 0.780921765539
34495 21405 0.747804094674
249919 190796 0.73639351793
55416 195268 0.744912482974
109226 30469 0.735531598241
254129 253366 0.706796163147
249219 189030 0.713175747869
4142 251553 0.736891518391
140542 151523 0.789707284314
175865 170750 0.713056259161
230199 7504 0.715294629797
207877 200571 0.796080203121
12272 16617 0.788140157956
195734 24203 0.793768453268
30068 225054 0.717436226258
184086 213240 0.793384278032
208482 185853 0.701706253862
127857 37421 0.710472338084
156624 169846 0.725523885554
44100 126968 0.742055932986
181546 196533 0.755201042426
56545 144199 0.76029798017
241809 137435 0.73785174051
8772 229328 0.730490881716
16703 230129 0.723062768157
145104 188735 0.725306035313
160710 177509 0.75100395687
143908 198179 0.793078274365
55189 217736 0.72883623526
187085 207592 0.744212276084
35040 234288 0.798025224801
43990 112279 0.790192071841
201271 207871 0.731911517466
208240 195436 0.783115001213
20677 136105 0.719736472261
38031 101154 0.753548358697
56494 27255 0.763257134175
211296 141889 0.740060925995
210043 203117 0.79785305817
69754 221858 0.764312330243
167555 170187 0.777892823428
182329 183785 0.720354182891
239099 245607 0.774820741026
126925 37010 0.705270880145
43227 99294 0.789634081244
44048 94117 0.779817347064
199612 184021 0.704140221974
187698 189822 0.777046279973
4378 255194 0.732366582233
49050 44127 0.74455276651
28604 10672 0.754746568753
206632 179251 0.782951632302
207334 212795 0.728800687092
73239 75901 0.71574496222
55989 142442 0.738834000529
131901 121031 0.71813744528
67709 130797 0.749377022766
63263 120128 0.700911670484
221310 71448 0.767108603261
138097 188847 0.744013918076
29391 44548 0.725733626362
117054 65619 0.79643529247
167548 174458 0.752864330399
23891 33803 0.740652371575
51435 39198 0.721572784131
196559 208504 0.735927425663
12595 28882 0.730751886023
39636 50739 0.793719376437
105269 110024 0.795280640311
53521 24094 0.757083946902
129825 63035 0.733461882762
225678 230862 0.721717866549
24506 40176 0.721484633603
182511 175925 0.788729109486
203472 142129 0.782971817406
248331 134552 0.782598659811
181954 184413 0.721797273027
19735 112741 0.735797079603
38465 42290 0.740928240855
222569 143297 0.728353995248
118939 114527 0.756965883022
200653 138816 0.700527303978
201024 135909 0.779989918227
212423 151472 0.735310740013
159530 166800 0.713493024464
212298 145786 0.791907030975
165219 156361 0.747491540178
5070 2567 0.779036970554
73653 220280 0.715991107541
211301 198329 0.709157044295
168833 211051 0.727072676813
55555 136255 0.73802890515
123010 42828 0.784262502288
200780 249926 0.797338109535
5540 241239 0.745173285691
105304 48353 0.763036112958
206812 169742 0.715062727014
137660 141338 0.721744955899
59539 71381 0.700706096171
157614 163258 0.705637425819
187670 13398 0.738028683736
225844 227277 0.782359515253
162966 183268 0.73261168071
27922 186536 0.783784155776
88712 83628 0.717370122385
109276 18637 0.737126802627
105680 31174 0.76021260803
186287 224222 0.776000585187
174329 157510 0.787912911215
33160 12040 0.71792426221
189718 28005 0.783705108098
10644 20225 0.779933125496
30902 110226 0.766400394223
256357 243584 0.714980884942
147929 54277 0.717473022476
199310 132857 0.731369727855
113505 48828 0.705422132952
39792 110081 0.767313139083
120860 218274 0.740473856535
98885 96168 0.782214795686
97363 115806 0.708805074527
120995 220986 0.797681432331
104838 42854 0.706132634466
59165 63852 0.716915210737
19542 113106 0.77582653384
108603 36295 0.721996377094
17433 32981 0.785829239088
