164162 123593 0.721505453597
81878 121194 0.707141380634
5730 250895 0.739872803724
110539 201552 0.747576019135
173921 11161 0.75281431902
65463 217880 0.799573341613
142159 101863 0.735021922041
232675 94886 0.737364802503
241676 97080 0.73954073218
263203 112145 0.791532189106
26183 158272 0.733370123452
225789 27695 0.728159508403
175480 22306 0.795040454548
192976 28509 0.78247786529
15589 155566 0.799207141854
64658 83702 0.761812041005
3809 227603 0.721529922522
182514 33170 0.703716468592
71868 196564 0.748681936614
182673 241260 0.785326268395
156927 223105 0.744559394939
181655 100037 0.714190782281
249378 49302 0.745272934865
6768 151139 0.794906639947
159906 9448 0.737401504222
130505 184716 0.75314007507
229257 123921 0.775768948213
152339 43203 0.773062011509
220208 215138 0.766506446809
2599 210256 0.773603885292
145047 60994 0.790219283432
185113 243939 0.723824854988
173152 146247 0.741091148405
23931 4736 0.788413475291
235921 55031 0.731779936042
253855 95021 0.723613039675
114346 150714 0.728783515159
113798 70976 0.787718017935
157480 108320 0.760596649806
30339 203339 0.712345146922
64359 104656 0.745927199951
212708 39121 0.772596639532
153141 10867 0.737122501991
213206 47454 0.712344578331
185487 254305 0.745068049636
17048 192429 0.712830283279
120359 141650 0.723370088727
216548 174877 0.747888462312
144237 233085 0.793907850924
226214 24593 0.726624133723
38369 63143 0.71650402265
243113 189808 0.700221093034
195846 99677 0.767264765795
2705 46511 0.74893982525
188588 227952 0.711526037887
240169 39757 0.79336036074
201724 30056 0.714143366482
59545 7369 0.716888729711
43666 250467 0.707647532918
54398 178288 0.721569309432
19863 163209 0.750494164608
87180 213836 0.780679023759
218899 155843 0.769132549057
39827 225599 0.722065852398
169256 229706 0.755447972409
186089 231137 0.769382814263
253502 238128 0.779864740837
108736 175929 0.71279670565
108952 85578 0.719958490755
214419 43492 0.758736366
177951 241690 0.721224680835
166084 3485 0.737091208015
33144 73622 0.743721354065
116360 85160 0.75662345755
172846 138478 0.786499817588
54297 240348 0.704667633217
15728 213352 0.733491966643
158785 220404 0.773722109543
111646 2419 0.700800775267
155319 2372 0.744709962014
55811 63393 0.71012287952
113512 168258 0.783772192705
170987 69405 0.719610821108
7131 222280 0.799716663321
24212 77645 0.774941025519
89074 186934 0.732393425271
29568 120461 0.795451217095
160633 186631 0.738556379947
162508 18910 0.72480147245
118 109667 0.733365731078
76923 165997 0.723738052731
133458 115071 0.754404638163
339 148609 0.753509448904
235871 12480 0.766246563916
19582 89171 0.776032385325
109873 257415 0.712152804544
45324 138806 0.755200799538
60171 246183 0.762799336697
128401 82469 0.793597201502
242515 261041 0.791070372104
97737 241990 0.719418596244
42174 2077 0.756906083384
152722 31193 0.707660476624
6855 137203 0.727175914442
172384 29513 0.74504495809
139568 29879 0.754444729633
76099 104547 0.729663236737
243411 14443 0.793626849004
201117 44768 0.737783982963
70920 232008 0.716730107229
246130 50648 0.706803164996
233744 243640 0.762550199231
230560 169501 0.759486532489
226755 189865 0.771829694972
10557 172877 0.779069922142
231475 143651 0.777455773541
219075 13658 0.761600137829
152543 44870 0.729993904701
117157 40488 0.717070335224
199102 69754 0.725790792683
219875 153506 0.749894773572
2182 198842 0.731979770193
58680 234500 0.794415317119
191640 46352 0.733684752458
120775 197568 0.715916752443
225228 139044 0.74593598163
220120 169667 0.789693610692
28621 67408 0.796906856621
189115 234175 0.759398555038
168088 27682 0.769973576215
39126 256999 0.759323172565
3871 34779 0.728283435077
227622 210324 0.714647692659
47930 162199 0.7277432331
37553 192856 0.753073488188
167116 260469 0.750106085276
237121 147074 0.757770509374
225959 52773 0.717093962194
21228 198766 0.746267691066
74955 112708 0.704725521904
64320 188659 0.798619503389
111737 67348 0.705018750617
142941 240750 0.723418364861
156922 231429 0.795972705386
159737 246301 0.759174640521
193805 103477 0.764394334806
45474 242065 0.767138695062
192455 52816 0.74020715211
30125 258171 0.767117586134
159772 257175 0.749847072608
111579 252628 0.74634499699
180635 37963 0.712081563321
78177 138630 0.781012897166
170981 245507 0.732116665916
242106 160889 0.743950607399
230134 212497 0.782962286522
54075 169143 0.783828514086
148176 179894 0.748519357874
169815 9957 0.79556333186
147708 106680 0.726969903324
108972 178213 0.727894780751
107326 150884 0.727443541895
168990 71837 0.73732742597
228445 215475 0.722451966137
97129 119034 0.76855329654
92349 116072 0.72298816171
197797 68472 0.701747548569
246836 171206 0.765353033129
135878 193739 0.747173284344
148752 74797 0.769339021518
87065 131623 0.705391283615
66261 112672 0.718563140049
139791 98591 0.723073125721
5975 208159 0.708549057686
168077 58543 0.716349524624
101975 137933 0.750747308963
149730 232175 0.754342511027
100871 233254 0.701203317314
107637 171783 0.706447620065
226247 100756 0.761746473054
65964 51900 0.783471782976
240843 48778 0.747707119063
96681 220031 0.720984396916
151798 229506 0.721392478432
28467 68169 0.715027526352
2099 131617 0.722493319058
202589 111930 0.700441907286
203254 78305 0.759670300477
184312 14892 0.755975023106
155419 231491 0.725632407955
93809 138439 0.762284145695
261032 214153 0.785988277969
122609 134186 0.707000227907
257396 261001 0.737382301716
240401 170062 0.760788004976
68150 12836 0.749224255749
77633 149688 0.713319441551
258859 38827 0.786723362565
64166 105713 0.716545522045
180864 96476 0.739816432233
186194 2074 0.750965582373
204142 64654 0.713212643513
52082 96811 0.71136998099
187229 177322 0.739682878887
138670 72985 0.761897521852
165888 100823 0.753622584179
56253 79905 0.748106938274
122586 139442 0.763519348774
1866 207946 0.72026073965
23873 124887 0.759983378814
209979 46538 0.787590812334
99210 206356 0.79141712769
131202 161580 0.774589509937
133753 235824 0.799303081254
115459 47186 0.745120636926
247963 129092 0.740977041804
219638 206072 0.74780696418
181199 17358 0.727778593873
186301 117477 0.719556607489
239836 150170 0.750398648848
147439 30088 0.71570611055
206440 115766 0.746035919176
36348 167533 0.715372410081
169685 128498 0.762955776626
145552 66066 0.755484918702
3717 14945 0.765576204529
156210 16014 0.700636390755
152845 50228 0.743788537806
180241 129261 0.76838672172
207761 102888 0.765188734699
202706 78154 0.789004735732
190600 236853 0.734251355353
82234 60470 0.720929917495
25542 96549 0.70719392635
145424 237092 0.766431474457
255870 30844 0.744617943993
198662 21031 0.741912714585
29777 50525 0.797767727807
32057 179603 0.705206428711
2285 156672 0.708305159121
93686 223441 0.750060955697
101517 231097 0.784737181959
213594 3039 0.762848348013
220396 105709 0.79820645913
65059 107551 0.713931074449
125408 106054 0.702225009605
113045 76214 0.733168233264
56603 232973 0.722918246825
71284 9806 0.724230252344
126462 13062 0.795100237832
258335 177240 0.763142657912
261689 173026 0.761275104989
176283 142464 0.706016491485
104068 3750 0.766939551288
211825 41695 0.719249728164
83663 190450 0.759722745214
216969 232195 0.796689391831
207172 50129 0.750148184768
115543 222985 0.794762650826
148222 34689 0.762170069045
106056 224579 0.780955735284
228407 236671 0.702310523822
1541 140582 0.714773853725
107993 215781 0.778440083983
153406 150865 0.761378716978
254474 94041 0.723306939406
161520 77899 0.771879353797
58492 39123 0.766604147363
89592 39904 0.754429256722
227800 127834 0.765772946578
248311 96290 0.793186354117
258976 168003 0.715159811364
52447 974 0.782396562018
225248 5992 0.719694881861
253969 221355 0.71772761223
64441 109890 0.782698737334
14487 255985 0.745173677439
32716 201510 0.7619328718
142208 237568 0.735596552106
62793 195392 0.734557062313
244693 118840 0.762997137035
121335 179308 0.788710335424
163697 10714 0.76116153575
48591 157038 0.74220712604
6881 123995 0.703830346682
124688 150215 0.770276093336
76352 200717 0.791240876801
122765 118806 0.783504565198
22726 84883 0.758051205553
82294 123191 0.741163181246
76789 125515 0.721480382016
173110 186882 0.705070258266
1277 179015 0.730598510374
201327 45896 0.705858434339
115375 44637 0.785229478321
237415 98857 0.799840296891
207179 107613 0.704249592308
136963 262537 0.78646808626
68705 183593 0.701060244004
162574 88774 0.733559184732
160885 45813 0.717672672719
247326 124501 0.772973390306
113687 126869 0.751576019069
158601 252777 0.791652996818
75241 150184 0.706299042792
98728 146245 0.72554600846
221142 168445 0.715427353683
219046 83078 0.758590026819
169384 261200 0.721879636705
136407 72664 0.752600243698
97177 253497 0.751084885566
32312 5683 0.773729379033
49615 80555 0.733771762603
80384 111971 0.772819518814
86515 57614 0.777122082721
32169 220258 0.756869388359
59988 13333 0.739541726022
42817 248789 0.727293411962
43314 208703 0.772736960687
55572 73696 0.778378170905
261341 72638 0.7247834118
71152 16417 0.776449987638
63913 41121 0.743264708996
209292 224698 0.70107554319
157248 4986 0.732788948029
177796 3151 0.716727574067
8625 124287 0.709294886188
136036 177587 0.782120912563
203655 86952 0.751322287247
5086 215397 0.732290181805
151335 227796 0.785335835412
198804 97262 0.71451093146
149562 90599 0.796541308686
224237 132689 0.750516399261
157627 245638 0.753150533696
67413 230481 0.763621209781
599 17676 0.721994475953
99497 147831 0.726614976566
144874 81388 0.715067019782
42177 57557 0.724648136212
146342 32276 0.770413557667
210599 221550 0.736457433341
82315 52177 0.798602931542
198952 76878 0.744364898217
255157 50860 0.770600040941
6826 146681 0.732150891813
137565 122659 0.749573712929
110756 89438 0.762445057987
129563 157756 0.789334592969
170839 32187 0.796382227109
142488 239633 0.703633815836
70714 103282 0.733436700538
252131 121786 0.743690242144
143395 245099 0.772872667105
230708 206774 0.765471784545
92606 123823 0.754788003695
150689 247592 0.753562013687
76337 206283 0.772888495903
230261 178092 0.72207741122
83714 26491 0.732834056727
22477 71774 0.788862478408
111391 246606 0.767959727798
168959 37180 0.764280836275
97377 204803 0.79982050226
206704 245230 0.766132972079
206385 17989 0.742580564066
228681 128844 0.712298200311
135408 160984 0.768244391291
43679 76823 0.744253187411
86835 48722 0.708441592286
66014 21647 0.727436165807
93094 195946 0.733534669254
102025 68979 0.752043088653
22163 238669 0.797378146014
26413 231233 0.707776431374
26782 114149 0.710804027101
22880 257982 0.707500224712
112063 67206 0.713246192443
188033 79339 0.703307074133
142331 262979 0.725015156716
227888 1555 0.794137757225
1192 211827 0.778431801472
182984 18467 0.740384203463
16555 122506 0.786878070056
113788 156941 0.768837627776
29513 163842 0.704950897885
30327 251019 0.750896282884
236009 197664 0.759957009766
135137 64977 0.764321668006
78510 145867 0.78522780384
79959 52035 0.784712187378
129582 185502 0.713139301217
220128 17732 0.77068167643
251790 127213 0.730630284271
33626 155554 0.796775974954
71910 39788 0.739149335587
24076 128434 0.797221978606
252591 127532 0.741093327268
55252 29719 0.792849948523
98278 224887 0.710599230544
94444 199964 0.74663966828
141828 243743 0.755009643128
17223 243169 0.783924413207
148129 112136 0.729632194496
143792 62152 0.766203037023
60981 203631 0.775765450659
178593 196438 0.729197027104
27551 100733 0.71025143519
96237 51275 0.75933489207
19354 70560 0.751656193879
42542 75581 0.727237046836
222728 108702 0.780826432898
164759 235567 0.766698524607
219111 9184 0.76389937607
238349 199752 0.779547603028
183442 113418 0.737817079031
6325 141300 0.711853897616
1444 16251 0.704463169104
19616 152592 0.743953298399
148526 258245 0.795007361182
140506 8815 0.777223429044
245934 221947 0.716374166597
5196 12634 0.779820170804
254735 178610 0.745420538875
194619 59687 0.732023685098
56670 153204 0.754750275339
27344 238251 0.712829765205
130670 210235 0.711524471635
218938 252427 0.71722464977
46224 213872 0.751442078867
31435 140680 0.716809834731
260935 207285 0.762687020752
99622 24599 0.779727067641
97536 202800 0.729788090129
32770 76977 0.789953534568
242072 53433 0.756202457809
253106 102263 0.777122447971
231552 145409 0.756870880622
46376 207529 0.786354015641
14820 70574 0.781552305606
32482 69082 0.708553854213
148363 231442 0.794943091807
72466 158283 0.723577943501
54712 245458 0.728416699225
222814 167691 0.759756165323
234699 132474 0.725241835332
28761 153706 0.773090495071
169265 130279 0.751809410763
215752 33738 0.796801963209
234465 136986 0.754317213006
218071 99375 0.729449683333
183590 68728 0.782952045141
89304 217831 0.794784527012
229298 201553 0.751655144398
80255 148565 0.718268164849
62259 201052 0.737174753324
10910 71482 0.730669686892
218239 175929 0.754926541718
96772 119157 0.765688524521
1510 183024 0.760783395124
33412 254090 0.712905223431
45127 241208 0.760073262515
213066 242061 0.700643028725
216473 132978 0.753040037596
55186 260975 0.790817891786
120388 12806 0.756078397275
63201 232237 0.764811240437
1297 158581 0.748103866561
101097 207271 0.749972205577
244536 164741 0.752998836663
243559 95328 0.799377119509
185376 218110 0.717565177027
221951 181007 0.709521597453
149057 230306 0.721894752463
37816 239736 0.746075029707
70068 184628 0.775791737082
217392 115169 0.743195799417
258857 106397 0.724628523218
246595 120446 0.799187271492
154694 6211 0.732703936788
108273 234540 0.754114897625
38409 229439 0.766535948149
139815 77007 0.732866139699
212452 76727 0.776660133107
190884 108556 0.799556458794
36831 165990 0.754347563327
258935 147667 0.717638125687
104168 252545 0.742093343592
62961 210452 0.709204139477
105865 241092 0.753388476742
89039 136742 0.766405399139
68109 209532 0.734472015562
178649 9263 0.766447922054
8207 139337 0.750478538965
112329 3930 0.766843102176
244600 98584 0.777590852316
153479 53232 0.797284932004
108180 156196 0.746740185439
197131 108585 0.73458821139
211401 93205 0.708052184712
114335 140559 0.726196150761
240508 96716 0.712640205595
165721 14733 0.746825994118
242108 223227 0.715429605226
205565 232531 0.773062439891
103326 81736 0.768929015886
152106 217337 0.798272936932
257845 184591 0.72033355246
229891 172691 0.796309087945
245960 233792 0.797737420362
103555 59232 0.782407669715
246058 180240 0.730161045262
125054 248224 0.72688544012
254126 55884 0.75118490737
223288 139439 0.765913934169
28542 77003 0.798767237081
104994 163109 0.705685807592
128094 211167 0.721893619178
219197 208813 0.700154398774
186180 94245 0.743705811076
134017 38679 0.748799154912
196330 89797 0.785215959642
83848 66190 0.773945309763
41332 250490 0.749026068078
45715 251375 0.713383354557
173274 126183 0.742688290918
244764 152246 0.708450361957
25997 71052 0.7280544818
81476 197574 0.775652676234
49813 247776 0.769551013898
99592 176333 0.778197319917
227053 136684 0.792988411949
116491 81590 0.738540145562
111786 214842 0.784097733586
236552 12247 0.797182101102
221651 183887 0.718265098232
40370 76374 0.729408795706
82154 121083 0.723122670838
140103 32218 0.731284378347
17546 179685 0.792378866388
95894 240364 0.752967667032
34796 64998 0.782729336845
109473 124919 0.760858921737
31045 245523 0.780170612016
231252 46061 0.779357913861
95268 214324 0.70349843504
240978 166947 0.783684334285
3075 35346 0.716169959245
94495 63853 0.718650553107
25862 87189 0.702692460081
110502 60388 0.7876925122
166121 101084 0.751254284661
138305 232286 0.778049568618
185276 245826 0.70021557802
247604 51010 0.709926414079
160546 139457 0.753379898086
156135 94207 0.732301203183
2785 161121 0.754083538396
231452 142640 0.727911007589
177902 14939 0.759703521927
162937 88515 0.700392359744
63674 103197 0.783803216233
246460 126619 0.768242288734
59353 254438 0.732107360466
258271 183161 0.73425277984
188220 64381 0.763485674554
124453 21509 0.767845032775
130533 179657 0.707741124961
146920 93466 0.792300086403
126640 251176 0.76677317566
248998 103116 0.794325621594
176399 21329 0.706189228895
219338 114933 0.747865743846
108831 2555 0.750461147305
149734 57343 0.764304653036
201580 45171 0.747050747911
119770 83624 0.791486997396
6004 30358 0.733851045626
19464 172914 0.790298222377
348 203145 0.758139584924
82411 63342 0.793182577022
172371 222724 0.786408647191
232784 165340 0.701469152455
128650 205798 0.774030442271
74352 232764 0.70047263736
116049 219293 0.735540091676
245864 40677 0.756085363662
244406 195721 0.710710195814
154123 33319 0.778927584297
101590 244525 0.722548531427
225108 135475 0.734585358609
111525 146342 0.762161904079
224647 183065 0.774157028032
97125 201166 0.789250677731
250979 193424 0.739719248554
255630 168533 0.755314461767
243995 175010 0.710754507547
239348 189761 0.780159690108
145006 101371 0.7657262858
263782 168204 0.713185998866
1858 21781 0.753339273511
60437 55982 0.761057304822
9670 120627 0.731677741429
211929 60532 0.766719689543
146686 100247 0.771853806555
256914 44883 0.729442838621
174255 131964 0.792914659666
15182 203820 0.738543100089
76717 171128 0.777696072016
104145 164691 0.701373438774
13453 211617 0.74955938465
229853 212283 0.71492714898
22181 179012 0.725077701002
132701 193593 0.768537325801
93856 76920 0.761647583619
192284 188021 0.794405245072
34648 204653 0.747812734979
194071 97145 0.747656109488
82093 150388 0.744597878982
206099 33313 0.78716520287
39400 251039 0.730225956513
188192 6031 0.708940776372
108381 174211 0.742354065015
77726 168975 0.790052194809
63147 165580 0.799593865139
132625 220730 0.779217443672
73024 94433 0.754928137671
47735 237620 0.767914009514
159324 125438 0.71051553912
9980 167253 0.723544586867
1872 187032 0.795189269142
147033 10619 0.788574014492
115894 210069 0.709911725102
179684 229414 0.760230109296
256482 154638 0.789895846295
86821 222210 0.702326950651
114975 240480 0.742053521094
253636 46074 0.781553986318
20025 263571 0.753963677906
43679 253282 0.791962262475
215227 85995 0.763814852026
38344 263204 0.770074905099
47739 65635 0.709228928685
140444 246699 0.732852573252
226177 260506 0.785057182463
257328 38565 0.790211156495
25648 210338 0.760931441456
79955 204114 0.769918756958
16919 61754 0.717105965717
215537 98905 0.716303191493
218191 138067 0.705331690722
212370 257898 0.780935410096
32718 247807 0.729874115434
234500 216666 0.762236761855
70251 111762 0.700987313789
251180 98148 0.701512937882
60409 166342 0.729485016003
220241 249802 0.799091511955
86129 26951 0.777405728553
195337 16517 0.728547250237
181991 205153 0.722828735881
180134 53293 0.768484269984
24929 117606 0.758384702295
156216 217335 0.709264998245
105122 255166 0.738054960377
104733 91292 0.790492394041
76130 187893 0.743487817142
92977 195162 0.725332526629
173961 128962 0.725128648029
231348 213822 0.783230619595
92492 162144 0.702176233098
93507 226867 0.701694830203
111326 79234 0.722853001424
147766 59354 0.765693042741
60000 133585 0.754816670256
254994 228592 0.757816016472
131371 235220 0.784292021441
162792 41458 0.709670816589
117221 13936 0.758712434657
123806 166954 0.778863999263
95434 213230 0.782639905149
11296 204953 0.73357790345
150843 65688 0.735239770329
237497 180682 0.751444207216
227156 121341 0.738986902938
153818 33845 0.787095804904
222464 82433 0.753004604057
194015 242083 0.790903352961
69624 240171 0.761957753055
135584 229967 0.766249111514
257172 22118 0.711917034563
100021 118931 0.768614238032
117432 103737 0.771080073354
213426 112103 0.776259389968
67979 254334 0.79448160802
142704 32711 0.723231303899
153869 244418 0.745967168188
136457 1892 0.780329113805
158214 41391 0.776612271373
71779 108757 0.746868703711
56528 95250 0.735089659416
109099 117125 0.743523040443
253334 159366 0.769021245166
118751 97184 0.749982158791
118541 233565 0.793559836354
120555 157912 0.752988928539
133938 31586 0.700069157979
107544 251184 0.787041800683
26842 257789 0.763873555414
206619 232906 0.769325486421
93643 211513 0.778834373547
243841 181472 0.789347654139
179788 111993 0.764193004156
195192 119794 0.714712494219
32259 256436 0.79815109823
239203 108422 0.734780389325
117197 150885 0.751679915185
71703 12816 0.732333231745
51824 176742 0.773079903519
173500 55991 0.77768611393
130052 171142 0.745959432453
29746 164375 0.735997169608
167682 72614 0.752377096607
153368 24146 0.714795049094
95990 60327 0.713140602363
69745 23044 0.795442646558
85803 60644 0.776790117842
190976 237878 0.76684710332
208016 33098 0.779643890889
245697 223088 0.735119485635
136795 224495 0.703080235912
51079 171407 0.743436545446
65191 23907 0.778506632044
256542 111009 0.776862757276
223945 252988 0.707600366662
57280 94971 0.777592136712
185919 97178 0.798699025642
79960 123279 0.709873615998
845 181685 0.76992330835
59387 148728 0.700425224758
231025 97015 0.708709026635
89543 47206 0.794706435678
124393 28274 0.732103220126
57753 140497 0.734999115454
74021 18819 0.701199215225
262150 131220 0.717299504558
4563 186586 0.721171928672
256704 31766 0.772146064708
232747 164022 0.776367251496
207118 125621 0.751733390095
55306 63833 0.702343793896
69053 256472 0.700979454818
31591 143120 0.738934079241
161149 37208 0.798433617591
150314 244422 0.751600757785
25341 5520 0.733833668708
214797 74970 0.756936791577
243569 38639 0.705389066907
138834 244667 0.715968226811
174932 133107 0.715236604956
172119 252982 0.717143339523
74138 206174 0.790258384366
218790 166685 0.764087254998
122997 11790 0.764611309444
166111 102107 0.727197982152
156638 34180 0.731760430073
167539 48282 0.751538987978
298 198143 0.706110633973
123821 246873 0.74864135946
259470 165808 0.75275169586
225976 140510 0.77746676539
177171 120913 0.716051366357
109837 202947 0.713845185048
112622 175511 0.717332463641
64484 255066 0.751005026198
158116 17593 0.754092578501
100043 193976 0.73399504638
153060 23818 0.758910573062
255339 31725 0.791407964118
176531 55988 0.700294127276
153426 17485 0.719820711062
5194 213617 0.778455190159
103639 166848 0.716992257329
11366 167062 0.730476641836
241350 220576 0.719197216238
133681 177490 0.71312406204
159717 27454 0.783196271831
216917 49856 0.794078160423
96932 22027 0.710109333996
122052 226879 0.721343591929
8794 145120 0.746952245386
102844 240169 0.780336766815
120763 82196 0.792001930615
245267 127221 0.71744776745
182370 8628 0.76024274325
41851 152284 0.796680159034
105837 5583 0.743191771319
260800 163099 0.701618125105
181583 72945 0.75065405319
180176 220908 0.772267191876
36263 207104 0.754436223702
180088 123547 0.741561446996
94937 249078 0.718250163133
40055 192890 0.720168452035
215547 238605 0.713257277839
148995 123365 0.745555329945
69633 255505 0.742908191566
66522 27838 0.722445354313
245077 162975 0.70773997192
65525 141789 0.719393092811
142141 232549 0.702422825297
203549 127159 0.729657874051
157686 147514 0.763353575966
236648 15609 0.705454439248
218554 153327 0.741211766725
175736 107861 0.707652641562
12986 114577 0.70520683682
43604 172150 0.767486486459
95892 247104 0.733220651243
231845 197462 0.754361124921
214669 99859 0.742341154471
194566 244124 0.756207394679
217955 229486 0.733234167014
171271 111083 0.720532945827
177253 243151 0.715073477116
204274 100536 0.796978262106
99706 30349 0.769032434605
209 135717 0.792050139312
151611 91856 0.775132073239
251037 222406 0.730794332435
187910 157423 0.740289353218
175395 245521 0.716285926652
127797 91194 0.786617952996
2971 226500 0.735306674065
235541 4182 0.713606028311
143397 176223 0.793026739928
162311 136639 0.772518767411
106061 246957 0.783716734174
183621 146951 0.734909241125
19874 165809 0.753161988372
154597 239062 0.734498745353
193301 263142 0.732994873574
146164 35512 0.793345613324
258407 32697 0.794978694632
126045 136367 0.732205554292
194004 255754 0.745213271961
228513 163786 0.731005556229
47772 94394 0.756336540775
29905 140456 0.730672379577
149510 15855 0.780489789801
182427 55988 0.71303443149
94563 216772 0.72557353723
225184 115663 0.7937373154
101759 68869 0.744333043155
148000 59035 0.726368221723
136598 156339 0.795706793628
101335 150616 0.797656899142
71524 25685 0.70212768331
5955 227499 0.779965043107
42185 144066 0.712635442612
119409 46067 0.758914547123
185384 35775 0.725805396664
177004 107347 0.796761276135
209798 63400 0.792488771922
200266 110899 0.712428398363
9486 68023 0.756410079907
119614 139407 0.78440555571
58932 167458 0.790056737671
227694 54307 0.727446276081
242357 35985 0.779574802108
9264 5431 0.703998535062
102599 130853 0.70139355179
14134 121449 0.705300322336
96423 164828 0.789001090886
240470 92345 0.769668473211
159188 139550 0.783379039567
91478 147274 0.7893519352
117784 140170 0.761367675
9861 119865 0.784854079445
68895 113240 0.761642034001
224254 163476 0.748972847647
163070 120653 0.728122250699
43676 87850 0.710568886761
222870 33030 0.73315483473
71462 167870 0.791365886714
44215 239653 0.718474187145
214035 131180 0.773862232828
78018 218021 0.795624893837
238184 197040 0.737965267298
183555 54260 0.742132412841
128091 173584 0.754716365589
129181 152538 0.740994380366
66745 217423 0.776982725002
113798 68471 0.793215091374
239547 182935 0.703259179673
246445 123739 0.706822678648
77944 54620 0.768731701818
130579 241685 0.763044298755
2007 9380 0.791114221658
37991 152589 0.730945447012
33382 65863 0.735705845045
20169 154101 0.790435182909
113611 58821 0.72720667835
139747 71773 0.735374109293
213119 235586 0.736214224835
95991 203949 0.766432903201
181057 71269 0.700015410581
108528 258248 0.753983565537
79633 47318 0.731908981057
205261 34978 0.74422384435
7013 67539 0.737987090455
225667 5008 0.724446694216
51083 100780 0.712181949033
112736 116346 0.755174793767
212819 251467 0.781655952599
206861 108162 0.774647403962
98496 201486 0.73247520962
164328 87424 0.719802902658
196016 126393 0.785928889217
219227 108743 0.778880087081
127233 89034 0.796942867546
21875 259794 0.780484862884
167863 215477 0.766794121168
148235 96652 0.778007976347
254747 148139 0.703405746173
183377 37983 0.785830940845
219866 20051 0.793745939943
230749 67419 0.775930759545
192468 47329 0.769574543354
244352 187156 0.718159314529
88203 140083 0.704197199281
137742 158746 0.759943553667
60334 228861 0.784551806324
143207 262228 0.748862267281
221330 170389 0.765328084403
258136 115746 0.707032748547
233133 140681 0.742479193236
107792 210934 0.779177972159
222991 89810 0.763907008499
142814 117117 0.752756628721
203993 112682 0.76770827414
33167 236072 0.739756137716
8434 2898 0.774242743663
212214 10838 0.716620008615
132991 127603 0.798182349231
179630 231165 0.771522966332
224878 176437 0.776429290837
107473 65532 0.766644553096
217974 249084 0.774600325791
169255 233378 0.767353821691
92561 236190 0.738976106357
157163 20639 0.798724435784
69866 12586 0.743830511742
259707 234035 0.742004338517
196873 255212 0.727953254561
240617 209984 0.771491111745
110401 170344 0.722387276727
19858 66702 0.780742109992
133161 77729 0.702371592146
182595 103335 0.702581225868
263402 193490 0.76435675777
44104 242255 0.718240286215
158175 133042 0.738904535868
45923 255890 0.751611552781
151164 101896 0.726652484982
74716 107227 0.763814822025
10925 172464 0.779859068704
246525 159755 0.75475997693
57856 223436 0.708136203726
51941 91522 0.705862227406
19723 174912 0.728208869981
203959 127887 0.797751395513
136872 35749 0.735538412805
59038 229407 0.758818468438
122121 92455 0.748233923093
237701 53051 0.73088355544
228904 74206 0.707938246132
5793 185104 0.752571147918
260002 131486 0.743548327258
73125 158505 0.755787509833
64837 55557 0.756434103823
111296 155857 0.772256677372
56530 96129 0.714429450888
145661 115034 0.789927977542
232476 162987 0.730363106222
212748 108459 0.742804630551
191901 99672 0.76443680755
59605 115973 0.775156572139
239261 209317 0.784108156617
132426 240461 0.727420383257
76847 150669 0.725964579132
17526 151012 0.766017079475
66386 20527 0.728902960842
5446 22491 0.704454199427
92362 138199 0.745009938414
44276 4653 0.783380568103
173650 198636 0.740564849794
94550 224288 0.747669979017
31683 122370 0.720459917026
77479 212526 0.760717589604
