74409 237354 0.77219223662
64574 235694 0.775925038704
100320 174802 0.736015862922
65335 250013 0.797422966323
262335 151621 0.731245538336
2324 128750 0.717807675434
97172 3829 0.767902253685
191813 123671 0.774852461005
206586 82741 0.716248225297
155061 78974 0.725340788679
224991 180036 0.767548435486
159746 254914 0.701550970202
38133 6277 0.761535948009
85454 133367 0.764437800603
1139 217325 0.743581797974
259317 90106 0.732137286341
79679 184145 0.721687337827
120805 233953 0.729220347731
139073 62335 0.773227284866
82757 177379 0.79906525649
5717 74628 0.711755251966
231642 88046 0.763460760494
83319 30955 0.7354808369
167177 61166 0.705572683429
214043 193848 0.789319002246
95271 239369 0.711352796621
236999 85005 0.722218801839
258655 59583 0.721315006301
89408 168724 0.76025843934
87180 174822 0.705310930508
975 60109 0.768750713611
124703 160229 0.737532276663
78087 30242 0.73236794352
120035 1790 0.775541940689
79411 246669 0.714522686762
105791 6286 0.708161217144
165174 80325 0.797416492956
166361 193700 0.798783426205
242565 81046 0.770425846343
173810 94756 0.740594360879
200174 118937 0.784507003173
239307 91183 0.797342919878
76496 247458 0.750161825111
191306 124083 0.756606225175
176974 244691 0.727217821245
117737 171964 0.757435143169
193118 148822 0.773519462332
192538 173044 0.783392032798
62652 247711 0.752146986007
155948 260767 0.753347317288
78225 254493 0.740772738623
62528 152138 0.703443319005
83183 189565 0.743178964937
100429 4853 0.728852399656
90253 139016 0.794292181839
57647 92048 0.793604649124
84712 10080 0.729442908284
226709 173399 0.734207361658
172048 35131 0.788632882973
262925 48044 0.773657615391
120482 192552 0.761088634362
226440 159709 0.704211621624
257209 95857 0.713708846868
575 35616 0.755043825275
86564 105686 0.782964918795
175847 100728 0.723020661219
118492 142248 0.77622523007
80896 184034 0.734764834725
114416 151327 0.713755807609
81718 263052 0.739687307817
208583 114185 0.708357563815
123260 172961 0.796500929461
107015 79142 0.74860800501
243819 58817 0.796018112487
81465 226076 0.797278073722
110999 82897 0.759236811141
193346 220561 0.797236985489
260532 89350 0.70167078835
257695 80364 0.716088062257
59028 251784 0.765138423678
61146 243350 0.765838373767
95432 260955 0.760648608546
86761 108495 0.761355093118
2827 224654 0.769730911579
64424 6888 0.760708561899
96805 153061 0.748907576778
245219 60753 0.788913549066
215405 225882 0.775117022378
159423 88579 0.737089832014
114509 164355 0.764657763347
264258 54056 0.76504127548
94838 168213 0.711285251488
118989 156107 0.753308784946
154588 58845 0.787459910895
75187 231295 0.756529459089
174242 78552 0.712954271947
192900 209047 0.757367488815
97486 159515 0.727469730283
165856 118675 0.701605145219
159435 89671 0.710306758792
88230 253796 0.734052056032
78979 227419 0.778833677917
159694 106145 0.758490989071
1754 221267 0.77497118128
254594 89170 0.738956009644
5715 150138 0.730271973491
233614 168669 0.719372124069
122710 845 0.79825580743
92153 236537 0.742822875182
114230 141948 0.751775529746
180936 191280 0.716673379215
162601 57710 0.771877032694
176745 87957 0.769997302496
262448 75970 0.761293076961
124664 259267 0.701237397176
125626 237951 0.783205452
235974 43484 0.712708439631
157218 120296 0.755518575148
82159 200806 0.780106417046
118148 259103 0.751669119071
260985 107725 0.782430706312
235518 80878 0.707333010693
63532 261319 0.766271087267
178072 234288 0.729426223083
62610 225856 0.7749551044
231241 59645 0.765052271805
258440 84021 0.724318733432
76972 227312 0.783649850113
114200 152458 0.796972669979
114338 152794 0.707461815602
86767 170806 0.782771381328
243536 118175 0.766798223804
95976 178477 0.737937216737
73181 8936 0.712647086782
82567 188194 0.771298882679
254582 194227 0.750658084462
173356 124824 0.771140456542
252900 87665 0.771406977153
160994 76376 0.72222197853
192134 70294 0.766770398974
141136 191415 0.751786041513
99184 261495 0.777208504959
84619 203808 0.762269920686
60772 166764 0.723556811001
85131 31781 0.741472628031
245988 66499 0.71399085487
14302 84034 0.720042940468
47984 691 0.787848692302
237886 149040 0.750066116642
176621 123474 0.737085864941
5707 79631 0.767144709295
32613 81249 0.74149143542
42448 238064 0.791371332008
84396 248395 0.732620821139
263965 89312 0.798898857101
2554 106479 0.703694595254
86265 15697 0.742071080883
236238 57391 0.709830738796
87076 166980 0.773256345474
237124 121426 0.760525687137
170113 80320 0.717599131431
244912 81347 0.774123446332
114355 254364 0.731965182419
83608 200152 0.792017712412
10071 89942 0.70879969438
73143 92037 0.716179393914
94336 263460 0.737053780373
100156 4316 0.737140240837
86718 17594 0.79245621446
89298 1666 0.742732755019
98565 262944 0.739649326475
119126 116700 0.744803789574
82981 232682 0.761724053321
100718 178194 0.766723455869
194069 70318 0.701717128239
83272 15092 0.790991946608
191794 121247 0.785267401973
248665 63908 0.779629573774
88416 31702 0.702797684337
158167 102731 0.763621954012
1476 219191 0.731006067107
124913 263190 0.719310399672
116256 83780 0.740188015091
124689 264191 0.766318250756
68412 236356 0.735883895697
152524 80169 0.777983598072
242475 86773 0.734786662236
84068 181770 0.723183911336
160600 77853 0.747274937267
85610 258719 0.764427541223
73569 34280 0.748532250081
73938 184949 0.725248828118
194183 78817 0.748764565253
80541 114259 0.766766218108
259722 122555 0.715979191597
225572 83840 0.778050417838
231256 88027 0.707104671597
91923 2780 0.724480910952
122396 2764 0.730182578552
17387 257736 0.754354761052
88631 102204 0.756530672394
76906 255933 0.707708640059
66389 115678 0.747562123245
67470 225817 0.740040114506
89090 234283 0.753064702585
212950 119297 0.798708028683
153093 257793 0.748242914071
79562 251268 0.753859863692
199295 191754 0.758308871966
58259 180326 0.787829360399
178195 92551 0.732161765403
56959 194083 0.755407411062
123293 160668 0.765732196243
6660 172327 0.790835775473
240244 83030 0.734003700714
179284 118872 0.741987007225
239236 101321 0.728412452427
86100 136967 0.712431278603
178547 100667 0.729565348825
244686 42356 0.724413079155
72799 1578 0.733292834043
157211 119148 0.715062331697
59204 244356 0.755208938492
5996 116704 0.737775215958
172022 118950 0.755280558017
4326 128651 0.771594520787
6587 81430 0.761952209235
262568 219703 0.707033561101
219168 239106 0.795978632655
193907 58893 0.796711784643
97149 177667 0.79706139062
259599 42649 0.795190164954
237246 220169 0.771918920832
80572 244211 0.762594186322
89649 1959 0.748698559981
83979 194170 0.728992192724
209084 86895 0.748517126359
81440 163203 0.775471255845
148631 114708 0.778396374451
118081 262081 0.708115355686
77318 81 0.780596729808
153477 4189 0.79539695567
82649 139234 0.757524355791
160661 121931 0.77821465147
118393 156674 0.764827666155
95503 154396 0.730909898395
260922 148231 0.757600482881
221396 238197 0.754053362336
161368 191846 0.728761989567
202931 91456 0.716879654435
229592 73556 0.741833917091
85394 169606 0.74948903536
29 105839 0.793072165551
83177 245260 0.765748143743
83148 248541 0.765544624493
6656 117240 0.73569410605
9616 88674 0.788595529342
205410 82714 0.705975840217
84156 185447 0.722386956188
34747 78079 0.720860994414
60074 194208 0.792953703705
85067 259572 0.705125676587
79426 236561 0.712171592776
76434 180359 0.775453394123
257701 64301 0.720666685283
172075 83748 0.792859352879
177310 58650 0.753983784751
252026 194467 0.720270768213
160203 60822 0.713175177109
6453 216200 0.76565298471
206740 84765 0.716023846081
30106 66455 0.736285155791
102282 180576 0.705246400546
65554 191863 0.730642473959
178855 73089 0.710463779372
153599 261486 0.701743139075
238753 79495 0.750267628686
135833 90775 0.795109896806
37960 236435 0.784563860987
225875 181944 0.790880819499
176055 81797 0.707886161012
118575 58190 0.740652273363
88827 250188 0.754835907579
227525 178466 0.724044259562
262408 54488 0.777415432028
66910 182285 0.79339568226
81474 33525 0.79595564177
1678 69160 0.721053827324
247380 89251 0.787438613401
199223 191769 0.74822423286
180753 114313 0.700175548045
177350 83928 0.734336556712
237892 92505 0.716995706257
85755 160349 0.76949727866
260667 170718 0.734412168083
215738 5751 0.745329579361
75986 243432 0.759512566198
81687 119383 0.755249331215
179615 83891 0.787664479425
193881 224659 0.729458370084
96604 175564 0.75264453833
257926 97948 0.72429039914
178566 1505 0.70031594385
79960 160789 0.729025935623
6013 40220 0.714225497
229776 82465 0.751749766069
114047 158640 0.737703662638
86674 155695 0.778249816775
95407 236225 0.787966865395
2504 194189 0.775639172876
11212 85478 0.797228735651
162339 255161 0.748492403908
213240 81762 0.75766361534
124858 160535 0.766894929547
62838 152676 0.720449506921
228661 86199 0.741312670989
201999 91364 0.780411628798
257633 93123 0.75844377613
248920 83192 0.710624721909
182899 59885 0.735162064246
259116 86274 0.777245982691
78943 184484 0.762673714493
119605 243873 0.782169548056
191397 155461 0.74056811048
96803 158105 0.725098199489
258935 118304 0.798330627195
223214 194462 0.718403451789
158294 79049 0.748643212742
225578 212796 0.785133090035
260902 147465 0.713600972958
231224 100664 0.707616124041
86778 242267 0.791391914407
173112 71476 0.748738216569
249537 83877 0.736493689474
154416 102046 0.773874722864
238864 37364 0.772647755284
91568 180295 0.743660115889
4571 71136 0.70331438398
100496 3128 0.791407295831
138630 86335 0.76787573534
65231 180356 0.707269430127
163630 115305 0.748830421039
20648 57962 0.746054409949
94365 161533 0.727524116174
84330 43820 0.739487881697
94824 236073 0.707862941872
238540 60640 0.770549859849
113967 3298 0.783056546681
83314 208984 0.723648210909
250068 73872 0.740477022884
70936 261689 0.7808267349
196667 114124 0.763066267922
78889 3545 0.735278558281
157222 115576 0.75357220743
7735 61976 0.757545373823
4505 118287 0.763208565067
236649 96793 0.741033326182
89525 31751 0.763574559814
78939 207547 0.79748439087
244071 66035 0.742426024425
84806 16329 0.74038982326
79554 229247 0.749125273195
97936 259143 0.775701516406
236954 81713 0.721813000733
176817 70979 0.780274952467
226443 58168 0.732650992249
56863 235069 0.797861807497
58123 250206 0.766327282741
61664 237560 0.72644727781
2084 58690 0.733806256217
4446 84080 0.760351456175
263256 89242 0.741413973688
257086 85906 0.710067206341
88533 191155 0.723236550351
68161 242693 0.763975871272
234591 75129 0.715263750676
102109 80794 0.73522722793
82855 200696 0.768479106241
57481 3561 0.742718893924
226621 155195 0.722384116387
183639 100669 0.73508653761
117112 233305 0.752411647298
9283 88469 0.759884518846
7530 82718 0.77477883014
237969 62899 0.732041665023
103635 83223 0.742171053914
72634 4086 0.719773938937
5920 218723 0.786097309867
84172 200924 0.745065023988
247757 86324 0.77248411784
83364 176743 0.781886318281
87148 119327 0.712770846065
248463 191346 0.741268956791
162785 118818 0.701864190418
102784 258436 0.728240833463
84562 6978 0.787469743712
256438 116791 0.71820721743
79666 181449 0.723139921376
96892 5362 0.747955380577
82367 92954 0.70247230274
91049 251732 0.789478860918
64152 171951 0.770340726336
103612 82658 0.789522662557
84031 9203 0.747792549448
176907 116181 0.767087580022
76700 157251 0.741310499008
82998 238986 0.72823410023
35472 171911 0.752734508532
6248 79195 0.787784984934
80154 29633 0.707541250101
232094 61899 0.708447633006
10902 76843 0.703564230894
37776 263007 0.712227706857
237526 90238 0.721409585072
192065 174613 0.733154635595
78139 179233 0.74265954614
83723 133367 0.72212289525
245728 84282 0.746059630543
83948 156784 0.774377434085
14826 76900 0.77311425669
240109 62094 0.787629986051
251110 83728 0.79190980066
11966 84117 0.787627829135
176608 237438 0.739297556127
194128 146769 0.741191407898
48472 263293 0.722313941417
183198 63813 0.709419065409
59289 257293 0.722439606978
86930 118728 0.792809848715
165154 83780 0.781235496978
57113 164992 0.781627091926
261149 114835 0.78023784347
123822 2417 0.741674026024
171747 63123 0.798936358582
117074 255928 0.765172441469
171899 109549 0.730866079641
89532 163888 0.74268496743
75130 2638 0.722441372806
103259 81033 0.717419792157
83317 175223 0.795604342037
234147 73820 0.765292548779
10553 82948 0.734348933845
244480 81641 0.794256896385
64521 247284 0.73222325272
89191 250221 0.765155795537
237043 175017 0.792011674708
96600 243995 0.789012132567
168417 80039 0.762712493653
150839 193363 0.729736715174
155654 83647 0.764241707568
84459 185061 0.752114502784
201402 193531 0.723786775946
125113 2067 0.764753237895
171297 118913 0.77207588269
83463 174114 0.76222067347
29493 156569 0.710208998149
64311 258469 0.748543985643
81906 254929 0.735860025652
243603 75446 0.737129936265
137439 79557 0.770165225695
118653 78101 0.77187668303
263696 60315 0.757495833319
182672 83992 0.721101439825
101143 259035 0.793725773415
201746 191147 0.793896363281
179027 85889 0.756394177906
74166 239145 0.757113356502
96734 173872 0.715998727108
89536 10914 0.736655977273
165999 58256 0.742806904301
83151 188322 0.756892759876
185936 116782 0.716513584083
115620 2122 0.759264537252
252590 77172 0.777505515826
150 115854 0.797625383282
159473 87551 0.709612826953
191130 169207 0.715171505631
160341 84638 0.706093888837
178553 72538 0.79762383347
192200 144421 0.731407008313
57352 263493 0.728561545608
157272 91327 0.776089706447
190913 2376 0.761270507935
255289 63251 0.746640169253
175196 106448 0.765834218187
217935 262471 0.792088151384
74784 258766 0.746320991131
158007 101418 0.7150993408
92525 178546 0.773818471308
260786 79882 0.781730924395
191327 214337 0.783102492837
79481 165783 0.710482469427
258984 57432 0.725263942574
66512 155830 0.744406358554
172051 106457 0.747394406178
121878 263688 0.752971096917
178356 64110 0.701411202045
62807 231553 0.704928332986
77978 19257 0.741751669021
86603 33328 0.708751516002
86838 230150 0.723033421309
57280 248723 0.764159033374
85170 28614 0.707943809833
16991 85711 0.7433616396
33057 22 0.795046226155
80860 166641 0.787506661731
72468 231184 0.731961460321
212289 192902 0.752937065573
203222 84749 0.720063430293
30718 87813 0.718009764785
212801 57560 0.768693485678
7780 81568 0.727242119619
92716 84152 0.767050777134
196199 119365 0.784960358529
247215 82183 0.734256890577
8381 84284 0.784712702139
118873 216990 0.748881408645
176693 1036 0.79819927135
77540 246020 0.723226278811
262541 220511 0.702699420573
264264 96135 0.788067711861
2557 119917 0.709544315886
158882 93016 0.765386283454
262637 61195 0.70309995346
77278 242897 0.77902111408
175254 90351 0.799506071809
80521 31425 0.774084508921
175094 234999 0.737231648884
179829 71390 0.772452672488
238639 98528 0.705903658337
158659 31326 0.75105895791
163338 81669 0.799065853853
175940 102740 0.78030106085
80101 231313 0.78742373566
85210 251300 0.711865934535
116347 224988 0.792928085206
226898 176809 0.706359205403
59323 155618 0.705864284382
114961 257424 0.748868243644
234214 176136 0.712841694493
126347 244614 0.751721293602
175613 84550 0.752038408338
67719 230975 0.762024593517
172285 237016 0.757649744669
169602 119373 0.750273611484
158237 59365 0.787871044401
185268 106306 0.771563330304
219303 239063 0.794368932903
102666 154106 0.753227736471
2239 42207 0.713344995824
68310 175776 0.775660516339
5889 185783 0.757108989287
79518 248161 0.788865730254
183627 81068 0.759154510285
244723 90033 0.770596394093
76187 158374 0.78906324842
57994 235293 0.75585555079
238319 76007 0.797642117387
185919 193603 0.785732103386
101607 259082 0.714168283013
76950 251740 0.789492032479
193237 209343 0.761395028689
90120 238265 0.792327210187
76926 152920 0.706761353852
235883 67121 0.727581373788
253715 61864 0.722115549536
227137 89566 0.795279091899
3882 221469 0.782247324711
73868 182949 0.715431668099
257478 58901 0.740096310341
133473 65205 0.798087463643
258673 191216 0.791981485408
182452 88385 0.734480815508
74712 4046 0.785383266448
87264 195285 0.793865101116
98129 953 0.793203817562
6695 178319 0.734950881394
161686 86056 0.732955806516
190934 259015 0.768404572905
5414 123335 0.766908836419
233212 91280 0.732889546268
124603 2779 0.711233162177
86895 114934 0.763564953002
263108 95647 0.701037906836
99009 5173 0.740934341229
210202 82234 0.76450961307
192879 208999 0.714362339812
65169 261132 0.759854136955
259484 59673 0.744298624647
180416 94769 0.753795230603
73253 257832 0.726555647396
239112 85328 0.763964403083
101441 178132 0.729021467084
174997 226768 0.779061905641
247613 67437 0.756743480576
159891 101131 0.774090333918
262791 89934 0.707630304578
3969 95164 0.772169208533
86603 11334 0.711096539828
185350 192938 0.766558565787
82418 258067 0.762707475143
116744 154086 0.742256115245
57196 235295 0.797321424222
41735 178521 0.732889930704
58842 260005 0.791060498396
66455 177228 0.754494707654
62750 173271 0.779330846458
160772 106504 0.713052326735
83915 156795 0.744214377709
59794 235835 0.799643615902
213254 115242 0.767195400974
161057 237723 0.762697593664
87141 108257 0.721148921774
14811 57336 0.759684296161
95662 166923 0.724011051956
79478 9349 0.79437879962
196123 257820 0.742339826838
191927 182226 0.760766585916
262306 57025 0.793313169426
25806 84319 0.734564193787
205188 85078 0.721421594982
86490 11303 0.707333886179
94829 180528 0.7862529764
89533 261912 0.726098900464
193242 156173 0.732867010609
81722 251303 0.741416192746
62152 261525 0.76319063622
72346 2914 0.774268768037
191863 90926 0.786326799227
150174 193697 0.773704606104
126587 236657 0.744413400646
79710 232171 0.771026750991
80126 201831 0.73323281097
252295 78712 0.792704263997
85498 179015 0.778558114563
128536 5785 0.731928979341
695 44017 0.796607935975
63243 6415 0.794476606022
170939 262717 0.735531399146
97772 154005 0.702887079935
35154 159243 0.796537310743
228802 91171 0.74933683435
118879 185091 0.743925996908
152874 91604 0.755766940519
139286 62348 0.761352436644
118802 120741 0.7139605163
173457 83928 0.797181549425
238528 70434 0.760683699134
167805 118480 0.755919314671
193489 67857 0.782234359052
263629 70850 0.768394682539
237978 44713 0.757394743423
29951 60896 0.782624265676
240625 62218 0.728134130357
114216 76676 0.742454580198
156946 63913 0.771900099921
192854 78581 0.772739410149
57572 160272 0.704419684794
173274 100842 0.72306311448
59388 262747 0.701190233343
247771 73002 0.755269430804
218072 191066 0.746097748168
176050 193703 0.774733206557
236240 115704 0.785554991751
253442 73943 0.767845475714
94837 213487 0.761127628968
177470 77313 0.700132293946
32158 73946 0.712657033421
236968 68463 0.743140049217
57594 171681 0.733531947607
243067 57027 0.700974566864
257403 63023 0.760035501468
106321 81466 0.722177910396
128770 237339 0.737389642758
227345 82995 0.785151105369
169643 102080 0.705594853155
246873 75675 0.767688765567
234612 83358 0.789630516963
88331 173613 0.774653236278
235827 46463 0.749835951026
235503 175246 0.782991408705
262470 147422 0.705066018758
86059 114528 0.784521370198
118924 244097 0.702380937882
82350 185192 0.712626960196
229684 62681 0.706463461912
165925 193740 0.723886369121
236174 185285 0.799140776908
261115 71267 0.702785722314
63829 168597 0.730897137437
76779 6289 0.754959603526
74242 6460 0.768009944293
118847 202965 0.749748032257
123195 2332 0.713810290793
77450 155170 0.730342938121
255164 175846 0.767243373093
246212 89013 0.740067939148
86361 19419 0.709430394004
252310 177843 0.701989147783
57105 114685 0.737854743042
200479 86931 0.766293625846
60806 3823 0.737649447153
61171 185412 0.779317332179
36933 236307 0.753693403506
64968 35170 0.722400854868
81980 136493 0.759972573872
10197 80885 0.794919420182
262675 130323 0.721290446521
2622 61378 0.769770025117
71975 256669 0.710306993001
262001 213460 0.793994658703
75057 175832 0.753323926127
156879 239047 0.781490958455
152642 56949 0.726138960361
117380 158850 0.753693126584
171923 31982 0.795078122596
192759 129664 0.708671426045
57764 193705 0.721773432946
247703 96000 0.736431469246
226595 161077 0.729389411627
160182 112425 0.748327640491
176918 58167 0.769896621136
102899 153130 0.727084179623
175615 194228 0.726365052111
113743 172131 0.762231730454
82826 260234 0.773108719639
80376 93636 0.709020833924
259305 69305 0.710515552389
73881 5211 0.77887019941
60508 263276 0.793488727807
83527 257182 0.755068087953
190968 177320 0.791344669045
237452 176893 0.783404775842
253951 65005 0.705643139377
234335 56948 0.759540307905
79195 181147 0.749009746368
173561 117129 0.709567638388
134308 79352 0.762957789114
82669 192987 0.74584064131
185622 114923 0.73857870995
145479 192858 0.723762578891
176464 192443 0.745925761629
218201 4754 0.757733069489
237264 118707 0.72118464365
157950 79923 0.718367160626
247562 64004 0.753913073142
225408 155396 0.734095311374
32407 159498 0.747100180855
155830 65095 0.741254159873
14624 81013 0.746662992653
263236 153183 0.788037297383
208054 119358 0.752654358908
75724 5575 0.777840467362
235721 72027 0.783633834093
45137 239138 0.716280105012
258921 159175 0.74782259195
83684 231627 0.739093849119
72508 261493 0.750734921896
81367 30338 0.707680704446
152249 233953 0.743173254799
111900 84446 0.760669451149
248409 118521 0.711664082843
78596 34327 0.765443283877
88761 238229 0.786219050412
82896 209872 0.723900506364
65463 246681 0.787348541979
217696 262608 0.776236352031
65510 256671 0.709572249009
192636 88191 0.752694319996
171736 235446 0.786423836296
82884 155567 0.768402378774
31896 82822 0.733771063496
86754 257329 0.784571503676
119265 89340 0.744102447741
226708 60914 0.779866370341
193261 84544 0.70327024587
61296 165306 0.79070241603
89872 241039 0.748865517455
61864 242732 0.764152339011
229553 159269 0.791142548479
193817 155624 0.714459419614
158555 83185 0.733860729306
31553 85382 0.775344679598
259150 223808 0.735418217003
114852 91936 0.749174088475
70620 264319 0.709956344095
248114 116442 0.767100710117
61670 176204 0.774711770045
2607 102113 0.734697634996
236644 158482 0.762518926351
191494 183812 0.709860352198
61551 29932 0.782035188808
95499 159538 0.732311198428
238925 77961 0.743273731677
32797 84639 0.796774514297
178037 64315 0.760246091262
162637 84814 0.746765741726
262838 48999 0.77409679528
61100 154992 0.749867297209
159936 62922 0.762596618492
191396 257874 0.738347614681
88318 115631 0.757968019822
86175 248051 0.786092380041
159881 31543 0.778295972721
82548 109621 0.797752565684
85515 105622 0.700974019604
194109 57220 0.72599913743
86925 263449 0.796177913218
193388 215302 0.758730647131
117410 175792 0.744312938639
257422 71502 0.721276993112
199101 192755 0.746546405526
48003 3758 0.774086407967
262036 174867 0.71598434491
149431 193047 0.77362142842
177753 85203 0.710253985614
230429 64766 0.720842242933
238806 84649 0.750393958929
254545 60683 0.79013088793
258045 122179 0.799576403147
162337 117961 0.742959757846
263798 131553 0.763185805388
115779 157644 0.726844103347
257140 90207 0.789803030456
81573 254247 0.790116479375
105839 3787 0.798435275385
258233 114415 0.76854243576
190934 155169 0.79941212968
191261 189637 0.764406368795
61804 228092 0.761697418907
115814 3266 0.736204330914
263157 219345 0.777149411835
64821 174256 0.774453904643
167437 57455 0.799851446184
92312 78732 0.746436323143
192449 91248 0.722948258294
208372 257811 0.758189293391
260951 81488 0.706727100245
212022 80304 0.710694884906
82462 260138 0.786947724194
83391 229586 0.733876718078
190861 156078 0.715576342689
221248 243053 0.798518379459
195291 119056 0.759261357212
57872 243981 0.772403992169
5283 67604 0.780863195998
81212 22101 0.745396348595
261462 156735 0.74460662973
238125 214678 0.727333522389
242387 57322 0.748833129567
247143 87601 0.701509275733
63749 228272 0.708685344584
236239 74341 0.782587312426
226417 216893 0.739696425216
254994 152164 0.730347914412
188570 194151 0.757568010119
89978 137776 0.750099438579
87815 252423 0.798708203524
168288 237299 0.774517553508
225348 172539 0.779772996774
65331 180253 0.744988946833
65532 133629 0.770176944597
167803 85610 0.781020873753
82715 175806 0.757643532666
235843 149417 0.718158148008
85021 227118 0.793384828442
258083 91158 0.703696640659
261984 119961 0.782074945729
193440 176272 0.780923083403
255282 190868 0.701556037503
201381 85099 0.724183756371
171309 237286 0.717992020273
232476 82878 0.747156111915
121139 614 0.763251481957
260477 222595 0.706589193888
70482 258232 0.703997060226
118631 134982 0.771987083389
175659 234587 0.703480300236
62459 172601 0.716639098875
193294 167009 0.725092142226
1282 74824 0.727966571253
152251 83475 0.752696331292
547 86873 0.770248379748
225349 87613 0.754896754486
257665 154784 0.7900006172
85372 16774 0.75857656823
89158 248040 0.785181624274
209986 83403 0.74665825311
30791 80753 0.769166028748
170995 262990 0.776430684936
5215 85859 0.712558095571
91393 256938 0.794356443139
152117 194334 0.710310990383
64808 259342 0.702220765616
156697 9869 0.748663102682
238011 149288 0.794843266371
65654 118906 0.73945213298
82228 133706 0.766070913906
237243 173185 0.750881975089
110091 84735 0.774628665271
92925 185993 0.796181928391
160584 78505 0.767521063977
191198 65199 0.714646215238
72244 247580 0.750383070296
61744 262909 0.718914839561
194051 69862 0.766041381728
177445 78529 0.706121850517
197651 82306 0.771714793103
206822 193971 0.79470727907
141493 194185 0.794090974293
73910 159277 0.792907522416
114315 248374 0.795745066127
176622 76915 0.780815215485
155828 191309 0.765988560641
67309 118960 0.747121674393
231382 85575 0.79214058526
80712 16066 0.726501234947
238577 64016 0.785348660912
233494 61151 0.755274105406
106050 64405 0.77042868125
200400 80275 0.726158444925
153693 86429 0.726039345309
83492 230569 0.769040909118
83849 112892 0.739382868559
205189 86874 0.732192964647
88954 156414 0.743714226054
192031 68171 0.770515460178
192021 142355 0.795096386286
30959 176714 0.706448153444
123024 255144 0.795959013993
81695 4257 0.753405996572
222714 238837 0.713317352074
84727 1736 0.752774849247
83801 192809 0.753161390441
232767 118367 0.736494510501
194378 156632 0.73885585249
148830 114174 0.788675502877
90776 134289 0.781773727707
253995 192739 0.775736569631
92087 155465 0.754603579263
84923 17423 0.736026122667
103128 6149 0.732046430007
113860 172919 0.746601856018
82165 34563 0.78711957387
234563 84020 0.712037753044
225142 80406 0.732799944754
177321 238391 0.752618315088
88696 115979 0.767818758794
194230 256014 0.785813912495
236503 220429 0.708987827133
252689 60849 0.725646077869
154543 226883 0.702992545611
156942 263963 0.797011458527
60353 237448 0.742541049235
239160 127232 0.738734939458
58909 237090 0.78828667705
166987 61193 0.727255688728
118075 5067 0.772023842883
62838 1765 0.795546965964
63835 245152 0.766120415976
209381 192529 0.796546434621
79827 162652 0.793680457485
86505 199029 0.76613643259
155116 225628 0.785527486358
4378 37404 0.783084786637
42496 3648 0.751178979813
69310 118758 0.760691904982
92062 169831 0.733965669808
7674 84299 0.755080938154
80089 234687 0.703442228329
8328 66720 0.75633975502
224748 5875 0.706233617017
34870 63994 0.74827933118
4071 101696 0.754831982279
226436 155718 0.734639897269
255873 62822 0.797927358709
183901 114932 0.715084467769
193182 177979 0.741738210492
79993 192512 0.725331708572
118703 217243 0.766604874415
100542 235921 0.748023905934
67453 175055 0.768628966335
1111 117450 0.797995675072
261032 147701 0.751771699423
32006 158860 0.746377466743
171241 78756 0.736131330512
258813 123989 0.712747968837
4195 68087 0.776138671291
114313 202797 0.700887903154
215998 6147 0.74723739553
172915 193782 0.712889733507
103258 2604 0.797903242747
185971 85273 0.705888022174
61492 139138 0.705456622464
236343 57871 0.778505666
4939 67366 0.797734625047
262551 175008 0.706153968901
62102 9604 0.758780282424
182968 90239 0.752110028043
79832 237436 0.783833133075
