234671 0.693696992008 1.0
45955 0.768819362864 1.0
208157 0.99861130909 1.0
51716 0.969876509435 1.0
327128 0.78751419494 1.0
307774 0.697763308262 1.0
121812 0.840646297833 1.0
112140 0.951879311667 1.0
98736 0.953236292231 1.0
133666 0.962008130858 1.0
149093 0.69455640068 1.0
172371 0.641375527865 1.0
48359 0.761590864929 1.0
75894 0.594654989751 1.0
297352 0.508040258058 1.0
311573 0.957055512051 1.0
34349 0.743766340587 1.0
232542 0.858896969516 1.0
223614 0.545948161177 1.0
326726 0.787665030301 1.0
169951 0.611892301609 1.0
188665 0.970705495127 1.0
172868 0.517766681516 1.0
190913 0.803556377189 1.0
15800 0.960744814654 1.0
345666 0.504357265561 1.0
4408 0.579146073808 1.0
34817 0.672501965034 1.0
294585 0.844418549452 1.0
16160 0.781748943603 1.0
177275 0.9669164339 1.0
64262 0.615350329118 1.0
353173 0.727284908627 1.0
72071 0.625217416364 1.0
191514 0.756168133495 1.0
207361 0.692515361305 1.0
2604 0.597205251837 1.0
144888 0.904799818554 1.0
32035 0.893790181347 1.0
258466 0.793458495615 1.0
202344 0.750505105066 1.0
176776 0.988532922274 1.0
199234 0.537741625164 1.0
58037 0.512377562445 1.0
21710 0.866785150419 1.0
6589 0.993025772603 1.0
314545 0.912416918976 1.0
328860 0.570202413015 1.0
122649 0.566258710432 1.0
36241 0.545059397266 1.0
17784 0.559877990948 1.0
271715 0.930688004843 1.0
219945 0.692892598522 1.0
298191 0.741739336741 1.0
170375 0.896175322627 1.0
310253 0.590039850475 1.0
313203 0.748419434628 1.0
28189 0.857335257455 1.0
348708 0.720412709746 1.0
185915 0.822323225767 1.0
39832 0.635810338306 1.0
357467 0.640998454838 1.0
275256 0.683936049444 1.0
364379 0.505036004125 1.0
194195 0.599253600576 1.0
143300 0.811010650543 1.0
284846 0.98090926852 1.0
159024 0.975136168405 1.0
197096 0.760013445893 1.0
350185 0.705450029126 1.0
164829 0.744796716286 1.0
288019 0.712526650188 1.0
139501 0.994395404497 1.0
164111 0.894498504168 1.0
221258 0.831019375099 1.0
15574 0.500879396131 1.0
270252 0.648076809468 1.0
165778 0.76116034541 1.0
337882 0.865884446184 1.0
116931 0.531101162562 1.0
225991 0.540209273203 1.0
207845 0.826126047645 1.0
107374 0.883942221831 1.0
269837 0.693338160305 1.0
36623 0.574372661839 1.0
69528 0.99720238798 1.0
360680 0.786413200773 1.0
10900 0.621128341372 1.0
315903 0.567144047188 1.0
326634 0.79576329825 1.0
26651 0.540134287792 1.0
52783 0.662974506332 1.0
191651 0.654415796163 1.0
303328 0.701802548692 1.0
85653 0.971865433729 1.0
59847 0.912575012397 1.0
14676 0.960229885288 1.0
70454 0.617089519921 1.0
122175 0.574584185904 1.0
331986 0.744803776717 1.0
242954 0.783511753642 1.0
58555 0.737044397564 1.0
358106 0.994866760104 1.0
318226 0.899723781621 1.0
138750 0.515312701569 1.0
162287 0.949865568832 1.0
78654 0.528169613549 1.0
348649 0.75592711371 1.0
324798 0.52197488811 1.0
324164 0.602795774289 1.0
10692 0.880698531823 1.0
242069 0.817457917653 1.0
80719 0.610283289973 1.0
201497 0.69313304003 1.0
123333 0.844510563424 1.0
72302 0.71589721959 1.0
363193 0.798283292906 1.0
327726 0.694783547894 1.0
227408 0.830486757056 1.0
174516 0.594454453723 1.0
336259 0.820994513442 1.0
73515 0.65411480114 1.0
105121 0.922724676755 1.0
77925 0.891368660291 1.0
21744 0.780414523006 1.0
248915 0.607456061182 1.0
56919 0.586072561272 1.0
17730 0.858126782715 1.0
150218 0.748984595118 1.0
265727 0.996902400262 1.0
126208 0.504688676289 1.0
232203 0.808520716075 1.0
328512 0.560009910915 1.0
101271 0.628945071193 1.0
15510 0.967850638375 1.0
50387 0.935704536803 1.0
311664 0.739672540457 1.0
120956 0.75373575355 1.0
165676 0.897301408204 1.0
161174 0.830269321015 1.0
66098 0.923318383556 1.0
37647 0.607788439681 1.0
216905 0.669561682845 1.0
350826 0.596187383575 1.0
250517 0.550378794395 1.0
31881 0.915479413309 1.0
111282 0.995288541871 1.0
46666 0.812917802495 1.0
19472 0.6221435983 1.0
180740 0.571816895972 1.0
360810 0.786535029729 1.0
65997 0.918670272872 1.0
88574 0.866337138727 1.0
230078 0.994031664866 1.0
348134 0.538804827981 1.0
65940 0.636758244117 1.0
167858 0.715147878501 1.0
67882 0.710435144691 1.0
167990 0.897631510682 1.0
366560 0.732220544952 1.0
246277 0.648712941123 1.0
280502 0.770992274981 1.0
230507 0.583559289294 1.0
196637 0.563699168464 1.0
340771 0.614930109715 1.0
76531 0.862374396926 1.0
361734 0.768759803917 1.0
151510 0.922220194174 1.0
40794 0.905677621495 1.0
316328 0.698793502558 1.0
128109 0.83965704655 1.0
252874 0.68767520525 1.0
230902 0.778504096512 1.0
357390 0.740857946619 1.0
261329 0.775605515988 1.0
357908 0.79155896632 1.0
36324 0.986671199958 1.0
87843 0.821962606334 1.0
334705 0.628079442052 1.0
162642 0.771834700064 1.0
363698 0.98248447278 1.0
188170 0.94036185064 1.0
13654 0.797025052939 1.0
168174 0.734387873155 1.0
177455 0.533224177255 1.0
204697 0.516277053795 1.0
119628 0.762038813351 1.0
8773 0.530769823521 1.0
348705 0.824573669585 1.0
72828 0.747239985991 1.0
260781 0.689860037372 1.0
347073 0.624729868374 1.0
284679 0.506043779815 1.0
182102 0.880027565423 1.0
359050 0.72340796129 1.0
48718 0.622193885054 1.0
359370 0.946370563063 1.0
322074 0.58694212482 1.0
359659 0.652027566849 1.0
342133 0.810257451396 1.0
317237 0.774964377141 1.0
113341 0.593118633781 1.0
25947 0.509683919261 1.0
328949 0.530333555036 1.0
316273 0.558592411128 1.0
169794 0.575080760009 1.0
140480 0.61215529099 1.0
159280 0.602311461099 1.0
274410 0.801582869398 1.0
307902 0.83727807986 1.0
174242 0.522584660349 1.0
329981 0.738819793403 1.0
217054 0.980619748345 1.0
80425 0.646317575893 1.0
75216 0.691599601491 1.0
231926 0.779115167579 1.0
262162 0.619289097997 1.0
293549 0.900290496499 1.0
121457 0.818860919753 1.0
8591 0.740140687204 1.0
82699 0.575051002874 1.0
304246 0.865198028155 1.0
126169 0.984573408752 1.0
336077 0.547430409752 1.0
165269 0.503489340898 1.0
267857 0.580246106321 1.0
71434 0.602190705706 1.0
298185 0.546757861429 1.0
365780 0.576589082583 1.0
261831 0.500018712491 1.0
111467 0.903865610226 1.0
274342 0.942316646545 1.0
320722 0.596323205757 1.0
336067 0.528878472936 1.0
331983 0.541651219214 1.0
349292 0.941514921759 1.0
346781 0.582764267028 1.0
238117 0.924488588713 1.0
327061 0.888545473861 1.0
87929 0.500111247745 1.0
50010 0.591155219664 1.0
163376 0.934910279361 1.0
128626 0.814101302026 1.0
357270 0.577709195884 1.0
96843 0.618555393993 1.0
211738 0.640414582901 1.0
160968 0.582192893837 1.0
109534 0.820636771182 1.0
316564 0.865394312299 1.0
344332 0.747774729845 1.0
302816 0.632292249304 1.0
347596 0.556664713119 1.0
279028 0.72609082093 1.0
298922 0.950986907299 1.0
28187 0.723116128911 1.0
258074 0.859908769128 1.0
351105 0.692317379157 1.0
61118 0.545851198216 1.0
60976 0.994541045459 1.0
281411 0.655458759977 1.0
104691 0.659009403206 1.0
12549 0.609336110684 1.0
106340 0.735958158639 1.0
52753 0.817637000062 1.0
236320 0.929912318318 1.0
104241 0.997020721836 1.0
228687 0.934099478623 1.0
361412 0.694253891845 1.0
234621 0.940828708188 1.0
318909 0.514388260933 1.0
280226 0.944965329696 1.0
51784 0.604502219076 1.0
152486 0.622342999889 1.0
114579 0.751551137346 1.0
154778 0.792704755705 1.0
96700 0.965328527435 1.0
124451 0.639483276398 1.0
303633 0.848800549676 1.0
278673 0.642162778948 1.0
5996 0.574671523237 1.0
61863 0.83192392415 1.0
311937 0.778049618683 1.0
35343 0.959373488244 1.0
137561 0.563673339684 1.0
308298 0.519014908088 1.0
137389 0.506251116099 1.0
43949 0.643317334323 1.0
89825 0.695530032456 1.0
23021 0.668664818295 1.0
113594 0.554539949023 1.0
85837 0.747881621746 1.0
190767 0.663353481498 1.0
317109 0.524971801092 1.0
257605 0.88378800739 1.0
82045 0.793801361774 1.0
244663 0.910810298297 1.0
22864 0.953971697609 1.0
41032 0.666188064643 1.0
348548 0.52728818141 1.0
350794 0.776193121012 1.0
96496 0.963048157571 1.0
65939 0.518132063948 1.0
77026 0.551796715327 1.0
86593 0.84047242214 1.0
364457 0.726131279195 1.0
314471 0.684526471376 1.0
46469 0.696255398337 1.0
179264 0.770933191894 1.0
243023 0.875552451863 1.0
5517 0.618734561724 1.0
220600 0.805338138834 1.0
160019 0.691774311416 1.0
79097 0.682027303243 1.0
219388 0.696426959325 1.0
1696 0.999503525192 1.0
334012 0.825184882582 1.0
366019 0.549521917835 1.0
80205 0.638019332529 1.0
275454 0.869385849221 1.0
307698 0.963410394052 1.0
162830 0.77586007462 1.0
298053 0.932180623636 1.0
114962 0.683688877943 1.0
24045 0.620297814177 1.0
308557 0.51316010646 1.0
349846 0.548069470425 1.0
355971 0.805602223455 1.0
343800 0.580996403445 1.0
98752 0.527636200463 1.0
137365 0.982958569081 1.0
24425 0.781512788913 1.0
34583 0.64862875039 1.0
237327 0.806570058399 1.0
229538 0.708045899036 1.0
341638 0.635977115725 1.0
67779 0.630962314324 1.0
213655 0.5153741369 1.0
149243 0.646506797962 1.0
43465 0.654475228274 1.0
22539 0.591842363759 1.0
219915 0.587961733012 1.0
155086 0.734860810013 1.0
66176 0.749363435558 1.0
284198 0.797134817151 1.0
48722 0.886802867383 1.0
220069 0.661897567073 1.0
115929 0.503143514204 1.0
323252 0.850609055762 1.0
209474 0.972101487316 1.0
223855 0.988977695431 1.0
271167 0.952047325893 1.0
363255 0.845850795518 1.0
69268 0.800603660404 1.0
345771 0.878062389058 1.0
211575 0.510995371692 1.0
345300 0.79802933415 1.0
348025 0.539150838819 1.0
29994 0.653441898689 1.0
217604 0.716124445302 1.0
329251 0.731003058176 1.0
91762 0.914914321034 1.0
59965 0.726202956409 1.0
101849 0.943856444204 1.0
188345 0.888227046178 1.0
248240 0.993570171505 1.0
303869 0.808794604911 1.0
80526 0.819948933926 1.0
13543 0.954477032612 1.0
145488 0.772412676452 1.0
229517 0.691281260002 1.0
27472 0.621231561222 1.0
249849 0.746916249334 1.0
45284 0.823203494027 1.0
288207 0.583711358103 1.0
242424 0.900149900485 1.0
96782 0.760600481583 1.0
292894 0.935484823603 1.0
365365 0.944526725937 1.0
177937 0.890406302198 1.0
1601 0.504067257592 1.0
277960 0.98511399243 1.0
279402 0.89303102884 1.0
128797 0.999416329593 1.0
131657 0.914978801443 1.0
177866 0.843311355714 1.0
106932 0.577340613338 1.0
257109 0.832827691261 1.0
197799 0.967265808736 1.0
210026 0.570251507921 1.0
309623 0.605498391776 1.0
249096 0.74867099438 1.0
322108 0.87060910962 1.0
278242 0.912901021105 1.0
336626 0.90102784588 1.0
181135 0.571019046112 1.0
188039 0.804351421212 1.0
203272 0.61353664754 1.0
137986 0.893652441526 1.0
353901 0.611047674135 1.0
106234 0.593782212832 1.0
328683 0.965397887109 1.0
179708 0.819420803193 1.0
46148 0.968170096682 1.0
39677 0.932299017941 1.0
290998 0.570297882006 1.0
336926 0.917915197018 1.0
364984 0.752895313937 1.0
214086 0.739415646984 1.0
295898 0.773356337184 1.0
306582 0.813959032945 1.0
96230 0.99631016203 1.0
345990 0.777570202468 1.0
247567 0.700085076553 1.0
186483 0.998213553466 1.0
244455 0.680590050027 1.0
347894 0.689937266625 1.0
247469 0.696571323902 1.0
71520 0.847435306985 1.0
341456 0.594544502939 1.0
208882 0.593422528927 1.0
352200 0.758269242516 1.0
266186 0.652349454396 1.0
37242 0.950875997517 1.0
248164 0.599658436497 1.0
272618 0.601826952532 1.0
14198 0.652944895531 1.0
48197 0.906783010819 1.0
320468 0.898041992305 1.0
7056 0.590207182474 1.0
21585 0.574257189172 1.0
133867 0.905438384075 1.0
148708 0.630900001775 1.0
169261 0.545828677965 1.0
125263 0.962955688837 1.0
19354 0.883746625176 1.0
125189 0.575811907326 1.0
97382 0.864792600428 1.0
243251 0.637089323268 1.0
153036 0.537768680466 1.0
63326 0.649474213531 1.0
336012 0.592848887227 1.0
82140 0.547635626044 1.0
252640 0.739900626821 1.0
255721 0.686086599215 1.0
82005 0.599808214748 1.0
342784 0.595383572503 1.0
255622 0.574675650848 1.0
284193 0.926600754986 1.0
227681 0.959707437934 1.0
235575 0.655522701147 1.0
31735 0.797554378573 1.0
255537 0.919470345952 1.0
322026 0.669318679966 1.0
246957 0.522874422251 1.0
82503 0.547426145799 1.0
356204 0.887175806485 1.0
180455 0.588347323459 1.0
361275 0.931849113286 1.0
264124 0.773502741526 1.0
264965 0.997268331272 1.0
56016 0.575045480962 1.0
145605 0.724981501974 1.0
330030 0.619213032546 1.0
62508 0.931533718349 1.0
287504 0.88398194677 1.0
65118 0.604873830826 1.0
173320 0.72222856197 1.0
43066 0.648824409069 1.0
189874 0.506944112448 1.0
104787 0.844711865785 1.0
54514 0.752010727721 1.0
105722 0.669117047628 1.0
165762 0.807261138184 1.0
106989 0.553784616651 1.0
9404 0.511435045437 1.0
216735 0.991878234756 1.0
248938 0.846174151446 1.0
251684 0.855402023314 1.0
360429 0.818999104873 1.0
258521 0.979449079746 1.0
308989 0.680459996405 1.0
339524 0.562501691611 1.0
142731 0.737191195607 1.0
220857 0.806435169554 1.0
245387 0.699103680325 1.0
220567 0.538774021033 1.0
112317 0.769826156725 1.0
181763 0.807922615982 1.0
141529 0.947206222239 1.0
175731 0.929556754039 1.0
299301 0.82846115552 1.0
3351 0.627795744219 1.0
34049 0.65592379307 1.0
130473 0.940067924292 1.0
8020 0.521216887674 1.0
296830 0.945799658492 1.0
352752 0.591843807003 1.0
52227 0.956699606485 1.0
315372 0.665325830284 1.0
231489 0.710923152504 1.0
75720 0.744967731106 1.0
48049 0.904776948129 1.0
257202 0.897990954744 1.0
64854 0.750580705244 1.0
63667 0.517651170083 1.0
116441 0.953335984273 1.0
110923 0.589630473157 1.0
52941 0.520768670448 1.0
40697 0.524552481221 1.0
181738 0.998695336156 1.0
272393 0.657360053905 1.0
315821 0.633960379647 1.0
53662 0.884387666898 1.0
358351 0.892227345364 1.0
303023 0.882297149273 1.0
310079 0.871003127357 1.0
195859 0.565561350678 1.0
207828 0.942629843544 1.0
77453 0.622975379737 1.0
231447 0.59863006914 1.0
328881 0.600650707811 1.0
94648 0.661039775618 1.0
271892 0.651722707512 1.0
181316 0.696917423877 1.0
101786 0.900294922846 1.0
149417 0.911256315273 1.0
244511 0.617708157511 1.0
315331 0.511305278309 1.0
171196 0.89710720371 1.0
196946 0.697919270545 1.0
248859 0.666399624295 1.0
199673 0.999714177939 1.0
150691 0.907647146565 1.0
27841 0.905622198975 1.0
166941 0.607788609075 1.0
209390 0.589192134875 1.0
196789 0.555224250663 1.0
79511 0.784228391432 1.0
78113 0.925380533946 1.0
127443 0.524717102218 1.0
243564 0.881563510558 1.0
200708 0.630095033366 1.0
327627 0.90967628554 1.0
215459 0.930611768471 1.0
151009 0.53899555774 1.0
179948 0.547677773222 1.0
55571 0.926499137087 1.0
78834 0.86820352512 1.0
98705 0.531330543445 1.0
361808 0.712842078771 1.0
191151 0.734778945923 1.0
326521 0.748548833114 1.0
294566 0.542271190239 1.0
90415 0.606952834974 1.0
215772 0.657704240356 1.0
237514 0.618882833815 1.0
262412 0.999899613919 1.0
258730 0.549982774633 1.0
68017 0.595687367882 1.0
226552 0.99219930695 1.0
189033 0.986896497092 1.0
177185 0.853992320672 1.0
357670 0.878677441245 1.0
327627 0.566227736954 1.0
174520 0.869564624517 1.0
73672 0.810245624827 1.0
51542 0.983977579214 1.0
128195 0.925470315559 1.0
339931 0.832450443802 1.0
50137 0.529678896371 1.0
138350 0.54475769853 1.0
237840 0.909568469646 1.0
24862 0.791918389786 1.0
105614 0.50104046065 1.0
333042 0.70061092002 1.0
38702 0.896170972691 1.0
232113 0.613588960802 1.0
59027 0.556524393105 1.0
322521 0.664338673931 1.0
261571 0.996224370279 1.0
247008 0.773125524253 1.0
43079 0.984300007562 1.0
298843 0.547190956157 1.0
16537 0.790248786919 1.0
248151 0.531398866355 1.0
344607 0.508740557231 1.0
252802 0.555928740567 1.0
129015 0.873852666671 1.0
3353 0.858953085904 1.0
45967 0.888590379821 1.0
159263 0.92432463638 1.0
25084 0.938090872926 1.0
312831 0.667714149066 1.0
340160 0.677088305928 1.0
316952 0.850826993919 1.0
308595 0.631775789724 1.0
190744 0.815808067168 1.0
286845 0.663895438377 1.0
312071 0.718800229585 1.0
247110 0.967455383772 1.0
121998 0.552919803499 1.0
252215 0.918030033448 1.0
80287 0.689001767698 1.0
114160 0.542513864011 1.0
352949 0.673642446605 1.0
263838 0.778029849887 1.0
356389 0.99888730227 1.0
257799 0.965285687128 1.0
19955 0.870649685686 1.0
232699 0.514671653923 1.0
127666 0.830292544702 1.0
25607 0.69445443623 1.0
268474 0.751701743533 1.0
257593 0.6502336233 1.0
231619 0.633355995849 1.0
112483 0.735138378542 1.0
123504 0.824240624857 1.0
228600 0.914802625383 1.0
198791 0.572603963087 1.0
45017 0.612974278288 1.0
351009 0.797817597385 1.0
59996 0.828539270513 1.0
32209 0.505792430318 1.0
202649 0.563814173186 1.0
117369 0.671740071403 1.0
67586 0.677478846981 1.0
50302 0.646579303308 1.0
134267 0.967177187811 1.0
46455 0.74956632918 1.0
191728 0.686838740884 1.0
12210 0.99719112672 1.0
129506 0.835909212706 1.0
134021 0.846818496579 1.0
39000 0.703615283208 1.0
315797 0.500397437289 1.0
350364 0.937383001509 1.0
96747 0.858263871748 1.0
208627 0.579982063313 1.0
216249 0.749300861379 1.0
124869 0.855853421059 1.0
255801 0.835368032051 1.0
171865 0.589471059594 1.0
344852 0.528844699821 1.0
333814 0.608829246249 1.0
200127 0.893034950618 1.0
185753 0.609760451745 1.0
338503 0.822791732284 1.0
250019 0.632743697403 1.0
192185 0.882044590929 1.0
56538 0.900098483074 1.0
257609 0.762621278433 1.0
46263 0.899436057144 1.0
112434 0.554257601068 1.0
323105 0.684957793919 1.0
6801 0.716960845503 1.0
152037 0.519548620759 1.0
252844 0.855958621169 1.0
302214 0.554074997543 1.0
291413 0.701208611743 1.0
93461 0.922606938854 1.0
257127 0.874981837942 1.0
314798 0.649362179775 1.0
303774 0.552170826192 1.0
357223 0.953306108284 1.0
60950 0.950532627673 1.0
145136 0.979870846949 1.0
34235 0.790508249926 1.0
351479 0.548856158536 1.0
154401 0.514383824497 1.0
217261 0.883968208199 1.0
336297 0.723844308721 1.0
13661 0.576162557059 1.0
175314 0.730036050739 1.0
262353 0.556491962527 1.0
350422 0.530270379821 1.0
208310 0.771432866444 1.0
39893 0.933250912672 1.0
289538 0.524184619176 1.0
182243 0.945844891687 1.0
205622 0.599413286719 1.0
209727 0.681598548065 1.0
276738 0.575889659076 1.0
62374 0.798440453755 1.0
31890 0.864673929632 1.0
225677 0.783503321576 1.0
34625 0.690655813093 1.0
338946 0.686432921401 1.0
7793 0.850759607704 1.0
153752 0.816708301947 1.0
216193 0.571052677321 1.0
37614 0.966688198731 1.0
306871 0.98877455318 1.0
134176 0.774079460835 1.0
62923 0.797908274755 1.0
139867 0.984218561174 1.0
182177 0.559622927782 1.0
242711 0.596373033057 1.0
176285 0.513897367263 1.0
349192 0.792833284446 1.0
334477 0.819832864998 1.0
306799 0.822065390138 1.0
169245 0.925648617305 1.0
276117 0.735000717438 1.0
118542 0.631420530303 1.0
312991 0.969806290236 1.0
158915 0.93677964374 1.0
20334 0.766801637313 1.0
308165 0.601922720479 1.0
335823 0.505754887719 1.0
27289 0.549075150434 1.0
348274 0.74671922377 1.0
257740 0.831793221252 1.0
5671 0.625636954622 1.0
142029 0.773421234776 1.0
39183 0.958163105692 1.0
316453 0.634320978552 1.0
121900 0.656882644231 1.0
47212 0.642953268659 1.0
38902 0.506804709216 1.0
140593 0.610750447161 1.0
365727 0.819243733428 1.0
320698 0.925354154669 1.0
23321 0.784578506631 1.0
126561 0.869783363068 1.0
313597 0.808188381455 1.0
360129 0.948960929267 1.0
330265 0.723533159981 1.0
356052 0.836325108605 1.0
117545 0.864240837435 1.0
31677 0.755103958994 1.0
175976 0.541419500443 1.0
144963 0.55539436877 1.0
195933 0.80548294196 1.0
190050 0.852898206739 1.0
165167 0.580230253041 1.0
150766 0.916982015323 1.0
174067 0.535506158844 1.0
118440 0.578684616136 1.0
71536 0.775683900854 1.0
47528 0.599113911281 1.0
140963 0.789501115956 1.0
319327 0.769146583292 1.0
247463 0.739910815539 1.0
119495 0.734717677809 1.0
47773 0.522164881242 1.0
99219 0.602840899428 1.0
218187 0.700679484817 1.0
249311 0.884351834421 1.0
327231 0.823550193311 1.0
10933 0.969270809314 1.0
342870 0.934035330129 1.0
345278 0.696020472271 1.0
171011 0.624382204579 1.0
104651 0.818209248811 1.0
129713 0.928919815479 1.0
159186 0.629114447313 1.0
128240 0.534982078018 1.0
281989 0.61877880325 1.0
113047 0.99157975438 1.0
346801 0.502144447697 1.0
112017 0.586201571169 1.0
30422 0.779930759521 1.0
35585 0.736396558657 1.0
164620 0.811174402553 1.0
122647 0.944403238913 1.0
322054 0.849074616942 1.0
2187 0.586444145638 1.0
35556 0.587910083104 1.0
105397 0.816241771378 1.0
181074 0.584544391208 1.0
282224 0.843613998271 1.0
97577 0.719535105093 1.0
109727 0.675361606069 1.0
147584 0.977595387907 1.0
197389 0.995626555145 1.0
78168 0.716454281431 1.0
54061 0.517923056353 1.0
178997 0.605401714935 1.0
261208 0.595220208872 1.0
203758 0.681797155341 1.0
166161 0.689760831379 1.0
140206 0.559622950935 1.0
209255 0.527404291677 1.0
286049 0.784640669812 1.0
156818 0.614142613097 1.0
346696 0.965167303136 1.0
226198 0.932750984715 1.0
145656 0.71880698414 1.0
233968 0.713081887974 1.0
37668 0.541993802978 1.0
307867 0.853244414386 1.0
283826 0.850635989691 1.0
155037 0.620667552802 1.0
158762 0.608834652198 1.0
261396 0.629920592258 1.0
12105 0.889150170675 1.0
103490 0.60403646661 1.0
6322 0.773744013656 1.0
35187 0.982930066558 1.0
190961 0.666056268521 1.0
165677 0.570007511073 1.0
61541 0.904204393178 1.0
361140 0.80497074285 1.0
47891 0.544114117793 1.0
170827 0.976570621947 1.0
282062 0.824150140087 1.0
311380 0.74065811128 1.0
78275 0.795333612299 1.0
195641 0.761018739312 1.0
168743 0.726698268915 1.0
86675 0.943382728191 1.0
146659 0.638148284217 1.0
125449 0.931892468162 1.0
271945 0.554484883751 1.0
190058 0.62355028201 1.0
363251 0.851089297097 1.0
182786 0.51161245559 1.0
249808 0.837990012203 1.0
287603 0.503267529035 1.0
189968 0.597827845495 1.0
136765 0.881030558962 1.0
335637 0.511891437196 1.0
209016 0.609854704519 1.0
314928 0.868884726917 1.0
280847 0.705807929064 1.0
17999 0.920968272683 1.0
274168 0.656710014302 1.0
63492 0.99464075248 1.0
149819 0.579805334546 1.0
272264 0.662478389206 1.0
162089 0.821417706676 1.0
36135 0.536441819733 1.0
85211 0.698047342678 1.0
206727 0.997315618441 1.0
24585 0.589305410614 1.0
175406 0.619145043183 1.0
353178 0.974474294178 1.0
67150 0.863757671098 1.0
280730 0.867323117087 1.0
327247 0.817276587974 1.0
340055 0.973838874807 1.0
345691 0.858848614284 1.0
1982 0.792881588943 1.0
154882 0.860945912891 1.0
13553 0.657588699755 1.0
17840 0.707479582482 1.0
230879 0.681182002801 1.0
65372 0.698695890909 1.0
174902 0.819059152764 1.0
186557 0.84134251668 1.0
221683 0.651482081157 1.0
354535 0.989234601959 1.0
364324 0.815665073847 1.0
307533 0.993774921216 1.0
304150 0.56247705685 1.0
213782 0.990590901264 1.0
51886 0.779972851628 1.0
364707 0.922743007929 1.0
1064 0.639007376107 1.0
99418 0.943140715431 1.0
346783 0.520437955629 1.0
201378 0.64944837846 1.0
279995 0.659462442336 1.0
109747 0.978759028634 1.0
37383 0.707447889066 1.0
58089 0.501413130191 1.0
83730 0.868487080238 1.0
291507 0.885854787149 1.0
17027 0.98523002151 1.0
100862 0.743944286224 1.0
81921 0.811141903128 1.0
127819 0.501676023584 1.0
14649 0.899853726076 1.0
268564 0.712298485547 1.0
122294 0.929103480341 1.0
282405 0.676484130418 1.0
303759 0.575612541666 1.0
330345 0.973639056245 1.0
309194 0.912404305021 1.0
177709 0.931913290216 1.0
87142 0.758471239117 1.0
214529 0.551685477795 1.0
65248 0.567740548521 1.0
63788 0.613641882289 1.0
174978 0.766014639177 1.0
145172 0.750170200942 1.0
128988 0.513450926126 1.0
107478 0.746432098778 1.0
22946 0.56591577864 1.0
138070 0.862822643176 1.0
233124 0.979790869651 1.0
361638 0.780504669574 1.0
6428 0.601597802347 1.0
237226 0.568316421359 1.0
109158 0.761349265545 1.0
294070 0.674894476524 1.0
231415 0.770876850468 1.0
95502 0.54381550098 1.0
178195 0.96309422789 1.0
118214 0.797506704718 1.0
118810 0.555802545523 1.0
118452 0.523187067225 1.0
323365 0.794752542572 1.0
61282 0.989341367808 1.0
320075 0.936731003349 1.0
109417 0.984630351487 1.0
362639 0.793884397951 1.0
301146 0.896540093306 1.0
42103 0.652650377579 1.0
256558 0.532744506485 1.0
265156 0.69685564316 1.0
82397 0.976777640182 1.0
226230 0.634902831824 1.0
237266 0.885011910312 1.0
245417 0.891041990496 1.0
235338 0.930473372598 1.0
345725 0.687632306684 1.0
281778 0.630261733368 1.0
56976 0.925902783051 1.0
306171 0.733283576791 1.0
23209 0.941921920999 1.0
129231 0.787688258056 1.0
143876 0.827942956443 1.0
339265 0.655105761704 1.0
83754 0.961522521102 1.0
317903 0.527049902669 1.0
273517 0.66989074255 1.0
96243 0.506385821469 1.0
268557 0.954439453772 1.0
60905 0.744349964816 1.0
212881 0.786840928646 1.0
10595 0.966078022099 1.0
216479 0.555588301072 1.0
355046 0.863827317614 1.0
39870 0.770827578394 1.0
181467 0.50111273676 1.0
298095 0.866476744663 1.0
35430 0.823407879037 1.0
294043 0.968761272493 1.0
198656 0.949585629767 1.0
321158 0.62828959085 1.0
13452 0.963469788422 1.0
49280 0.763873451195 1.0
239406 0.543949334457 1.0
31304 0.62613394801 1.0
329314 0.538876088188 1.0
98506 0.961810509032 1.0
224144 0.567684313607 1.0
1660 0.632365223284 1.0
77920 0.595420905795 1.0
188937 0.994563169738 1.0
25769 0.846209528401 1.0
149919 0.77778236317 1.0
311426 0.957154062384 1.0
293951 0.93777641326 1.0
363924 0.89140067649 1.0
272094 0.740208427038 1.0
181576 0.719609848208 1.0
353034 0.884470834331 1.0
188422 0.522488450658 1.0
226157 0.963487372454 1.0
241573 0.758543874046 1.0
104531 0.642299503202 1.0
325485 0.67239072385 1.0
246523 0.633919021895 1.0
34496 0.699252571588 1.0
190674 0.625719815608 1.0
247493 0.92233258078 1.0
11479 0.5691413229 1.0
196786 0.607725481717 1.0
125306 0.849606224997 1.0
302045 0.903297725562 1.0
83591 0.919274529571 1.0
212003 0.9693946166 1.0
333031 0.70012134745 1.0
54041 0.986517349086 1.0
87181 0.918044926381 1.0
147099 0.590183513195 1.0
320879 0.866610669735 1.0
282657 0.671633205249 1.0
234368 0.831273709608 1.0
217913 0.701649351592 1.0
201508 0.893774420414 1.0
275566 0.960564836966 1.0
187191 0.90306811129 1.0
233302 0.821351153535 1.0
143572 0.901440131168 1.0
316329 0.593292704445 1.0
136686 0.54220639218 1.0
347973 0.694443079232 1.0
107173 0.7703589448 1.0
29619 0.512182741258 1.0
63779 0.952314135326 1.0
148880 0.604788461199 1.0
353242 0.625770235558 1.0
254824 0.855040077459 1.0
81830 0.999854549433 1.0
137411 0.736410814038 1.0
72952 0.728640895465 1.0
86963 0.540887500865 1.0
