334231 1.34550618858 1.0
38067 1.81867609747 1.0
24567 1.19529655342 1.0
231956 1.38437235716 1.0
83629 1.74037997879 1.0
198260 1.61538296663 1.0
325999 1.31790287122 1.0
112375 1.05745699742 1.0
213754 1.09590702695 1.0
16141 1.91491762205 1.0
333982 1.98564605573 1.0
42343 1.24448952795 1.0
353548 1.76973599614 1.0
267224 1.89735316599 1.0
23118 1.74731228853 1.0
74783 1.77761015338 1.0
10885 1.51266479944 1.0
69869 1.77856535318 1.0
81522 1.94945593829 1.0
360369 1.70634204234 1.0
236356 1.49530997469 1.0
16228 1.5115713313 1.0
311193 1.70524988543 1.0
63562 1.05847753848 1.0
121343 1.00018758193 1.0
234512 1.10601377833 1.0
277442 1.8304430896 1.0
342985 1.20034975925 1.0
359485 1.74719605803 1.0
304333 1.4766238907 1.0
296582 1.52959064378 1.0
309176 1.05666520117 1.0
69162 1.69703197077 1.0
364987 1.7632277131 1.0
298566 1.41836286472 1.0
360518 1.66262617761 1.0
4575 1.70062851602 1.0
110336 1.19920868244 1.0
81194 1.28065008274 1.0
111805 1.45628905167 1.0
239129 1.93347139874 1.0
348562 1.44451482263 1.0
149502 1.90900977958 1.0
220538 1.92291094627 1.0
183261 1.65144998007 1.0
95900 1.46641587774 1.0
246706 1.80812724951 1.0
88756 1.9469264115 1.0
189425 1.82713784799 1.0
353423 1.29922528162 1.0
141088 1.8824512632 1.0
259117 1.65485234269 1.0
178171 1.3283575167 1.0
86898 1.31275559744 1.0
81051 1.37311096688 1.0
39138 1.07467530372 1.0
8989 1.78921849892 1.0
332550 1.00109107524 1.0
348760 1.70827261975 1.0
73122 1.25922715843 1.0
21620 1.50624491498 1.0
217731 1.26772509812 1.0
79277 1.7512566573 1.0
124662 1.41390432266 1.0
102197 1.17823710015 1.0
98625 1.0322609015 1.0
161436 1.1614071172 1.0
126707 1.51142102111 1.0
134245 1.53992271957 1.0
238681 1.38464222682 1.0
125045 1.33204765955 1.0
148099 1.39959991774 1.0
169750 1.63980370931 1.0
279998 1.71761527432 1.0
241887 1.52760414238 1.0
113418 1.81071792652 1.0
267419 1.43425826604 1.0
251151 1.61495185216 1.0
109893 1.53573321526 1.0
285216 1.2831617894 1.0
161331 1.54410713251 1.0
221557 1.21987647002 1.0
112663 1.31977129599 1.0
158300 1.32062830076 1.0
55760 1.50779172213 1.0
168113 1.99393222375 1.0
4060 1.25797871026 1.0
313581 1.26435211775 1.0
313983 1.31853876167 1.0
159097 1.20432441543 1.0
294838 1.12103466614 1.0
95966 1.13445595503 1.0
173440 1.09240182345 1.0
149501 1.74992667454 1.0
28880 1.50905987116 1.0
281425 1.7575527636 1.0
263783 1.8855903908 1.0
58766 1.76171349517 1.0
6563 1.15287597453 1.0
213138 1.48179702327 1.0
21083 1.37008399 1.0
346880 1.2227884601 1.0
256740 1.25947228972 1.0
78197 1.04943621974 1.0
210587 1.90530991118 1.0
140462 1.44605550999 1.0
251589 1.46078319366 1.0
52843 1.2184895909 1.0
176351 1.28236989835 1.0
150831 1.18719336909 1.0
16220 1.67221262888 1.0
222791 1.79601918283 1.0
334251 1.55739321093 1.0
256209 1.07895822048 1.0
287948 1.67955310666 1.0
230453 1.03398508952 1.0
26118 1.21300773072 1.0
314588 1.8942586999 1.0
227233 1.13177954138 1.0
107342 1.47454688097 1.0
366692 1.61970200812 1.0
68718 1.87857918512 1.0
225594 1.54288772994 1.0
328949 1.71098480917 1.0
308435 1.00262279829 1.0
280212 1.14564727769 1.0
252435 1.7958564117 1.0
79981 1.46119764416 1.0
356885 1.41327183917 1.0
622 1.02013481756 1.0
1190 1.19869211771 1.0
55731 1.97512160167 1.0
15840 1.3290970648 1.0
199625 1.74870754103 1.0
57516 1.99144224359 1.0
304718 1.30578315541 1.0
48724 1.43089866837 1.0
274925 1.7838071007 1.0
290429 1.39559404299 1.0
315878 1.55805930506 1.0
289506 1.10019352235 1.0
158703 1.9392549339 1.0
82347 1.26063770406 1.0
202404 1.41979675769 1.0
261215 1.5733042813 1.0
111821 1.88407014698 1.0
102464 1.18234601765 1.0
272144 1.35577948616 1.0
360105 1.36636100227 1.0
265032 1.37500488023 1.0
137089 1.43614126516 1.0
145562 1.84237230202 1.0
248865 1.71827260112 1.0
65797 1.37170213265 1.0
13418 1.08780817348 1.0
277453 1.79601882498 1.0
346387 1.00386916387 1.0
295256 1.85807582751 1.0
273420 1.0246951597 1.0
306386 1.56742836094 1.0
24715 1.45044821015 1.0
218895 1.04800770099 1.0
33611 1.21615957481 1.0
126078 1.28833762968 1.0
180986 1.37507221366 1.0
95953 1.67278582748 1.0
282930 1.4019699044 1.0
31996 1.84878480116 1.0
246855 1.00184555658 1.0
202508 1.90806855135 1.0
318865 1.69450318858 1.0
60904 1.06155473046 1.0
244277 1.41983864435 1.0
130499 1.88656010678 1.0
187630 1.48896810782 1.0
310743 1.94380979221 1.0
292060 1.66304712662 1.0
37288 1.91415556943 1.0
253874 1.74021933049 1.0
287016 1.2315715201 1.0
254317 1.50364378318 1.0
280320 1.45263591796 1.0
261640 1.55284175882 1.0
305045 1.94975557851 1.0
79729 1.84066541915 1.0
173590 1.37545743366 1.0
222820 1.2389794528 1.0
25984 1.68797444186 1.0
211035 1.80153377838 1.0
185685 1.63319488781 1.0
1519 1.37911767787 1.0
95727 1.71692110273 1.0
199885 1.70018424729 1.0
273526 1.49405164802 1.0
45187 1.95464915634 1.0
48982 1.6818599198 1.0
55625 1.32093349083 1.0
174972 1.1811938737 1.0
168696 1.53821253478 1.0
358126 1.13340629403 1.0
151655 1.65509596335 1.0
73253 1.91535489845 1.0
69507 1.55716632734 1.0
82127 1.95785714959 1.0
267450 1.44723257096 1.0
357911 1.6394468829 1.0
232226 1.1260847042 1.0
310993 1.46499348882 1.0
181513 1.74136265096 1.0
162070 1.68101572975 1.0
23763 1.34680597069 1.0
94098 1.73239059982 1.0
240233 1.48620256982 1.0
365877 1.63267205303 1.0
345166 1.13330241259 1.0
334077 1.49453037056 1.0
164582 1.35428464836 1.0
246245 1.43961043125 1.0
130824 1.85510953934 1.0
255251 1.74952843965 1.0
291235 1.62419655385 1.0
276663 1.99726136651 1.0
99138 1.21919199781 1.0
250353 1.68745612466 1.0
70052 1.88041967602 1.0
276047 1.63451089038 1.0
87476 1.05888938829 1.0
82652 1.79950123491 1.0
313414 1.42689851628 1.0
217364 1.80923786542 1.0
161176 1.50378121076 1.0
310001 1.94511544171 1.0
346355 1.84992248899 1.0
240712 1.95516070023 1.0
310677 1.63515436519 1.0
118702 1.74383226868 1.0
72816 1.38547557817 1.0
183096 1.56987759354 1.0
224113 1.89515210867 1.0
233949 1.41161890482 1.0
359388 1.53223846635 1.0
205255 1.62650912436 1.0
96951 1.09241696803 1.0
282364 1.17455630966 1.0
226847 1.48324454887 1.0
280489 1.77315446989 1.0
358896 1.43472788583 1.0
308552 1.5069321307 1.0
106728 1.32398788332 1.0
44354 1.32588514498 1.0
212902 1.51561382403 1.0
79295 1.8468592587 1.0
55838 1.83005445107 1.0
155141 1.59356042223 1.0
151093 1.22792150184 1.0
170769 1.06442600793 1.0
335354 1.1535085163 1.0
171539 1.87755566658 1.0
248306 1.41973679075 1.0
292 1.84298083397 1.0
145415 1.81702326974 1.0
28435 1.87315198151 1.0
39258 1.40186326094 1.0
268610 1.60194734789 1.0
213154 1.3614921716 1.0
335850 1.87612977652 1.0
24127 1.63806479172 1.0
239726 1.01895429156 1.0
77612 1.23461986671 1.0
43221 1.53826622562 1.0
204532 1.40750318796 1.0
9222 1.75359563804 1.0
328649 1.89655215295 1.0
265100 1.26937123079 1.0
274352 1.11652669487 1.0
269899 1.84371698462 1.0
263741 1.01973388703 1.0
304986 1.0161635563 1.0
206067 1.95983296434 1.0
224047 1.96955904775 1.0
337050 1.62037770106 1.0
143500 1.35278988345 1.0
276705 1.83010902799 1.0
44192 1.76859146331 1.0
262284 1.20268471187 1.0
171769 1.84854997524 1.0
80498 1.9906478476 1.0
7038 1.62112349694 1.0
182358 1.55461305949 1.0
268264 1.41306281399 1.0
244235 1.37730026623 1.0
361732 1.95994628309 1.0
77194 1.44012729469 1.0
43988 1.53463773364 1.0
309703 1.72467073802 1.0
143179 1.67266011637 1.0
352764 1.57593290364 1.0
8961 1.70115156119 1.0
49180 1.87181330717 1.0
105911 1.02402283964 1.0
86448 1.44578685405 1.0
356338 1.3309231566 1.0
108360 1.09510685021 1.0
182619 1.59026073786 1.0
357215 1.9067243134 1.0
49406 1.12738898062 1.0
18931 1.06645981208 1.0
336944 1.90980055768 1.0
16106 1.6573462316 1.0
19880 1.10962342624 1.0
199359 1.85105544544 1.0
155516 1.34757954511 1.0
13367 1.43339867888 1.0
84004 1.45327251177 1.0
211337 1.93316855261 1.0
355977 1.37057541845 1.0
122117 1.25943207732 1.0
38244 1.87360631049 1.0
46694 1.12231274844 1.0
181617 1.72801057589 1.0
208514 1.56400173075 1.0
300665 1.01028740859 1.0
179528 1.35541757166 1.0
65237 1.79121355687 1.0
293178 1.27259085093 1.0
159283 1.84483678595 1.0
64871 1.97472469925 1.0
151868 1.68140243308 1.0
333743 1.49378552855 1.0
212765 1.51121338633 1.0
196199 1.4164960959 1.0
121335 1.33761413728 1.0
137493 1.81508125153 1.0
290891 1.31730819225 1.0
181359 1.41015328051 1.0
79272 1.70944115684 1.0
75977 1.89612805238 1.0
292917 1.86858023483 1.0
48693 1.88387382797 1.0
255813 1.2410668293 1.0
284875 1.40747205821 1.0
29729 1.49920903747 1.0
245153 1.39478349155 1.0
94964 1.61081125559 1.0
114372 1.09194770727 1.0
225441 1.37002502779 1.0
17619 1.34988612328 1.0
246124 1.91629762997 1.0
166872 1.78379533145 1.0
23313 1.20592424246 1.0
238620 1.75819287904 1.0
356051 1.29809571125 1.0
347131 1.39489419219 1.0
30 1.30512409383 1.0
170531 1.94234030641 1.0
113107 1.35886471686 1.0
270310 1.4294416742 1.0
286567 1.66092769577 1.0
135326 1.44649936097 1.0
131719 1.8558514181 1.0
358642 1.43521377952 1.0
142254 1.84838130228 1.0
264319 1.38125273557 1.0
162266 1.8381648526 1.0
329428 1.05680786765 1.0
183599 1.19005049457 1.0
121031 1.06933795351 1.0
336943 1.82386396631 1.0
189132 1.21893619091 1.0
232877 1.68026469412 1.0
148565 1.69947402987 1.0
280750 1.72274553015 1.0
152437 1.62510825949 1.0
229321 1.62013171548 1.0
207294 1.0961416583 1.0
311796 1.19083735585 1.0
298738 1.60322505596 1.0
211615 1.93832419601 1.0
173195 1.76470159837 1.0
16876 1.22353530887 1.0
340360 1.0789487035 1.0
209848 1.70455083229 1.0
129682 1.9488766119 1.0
276922 1.57783648429 1.0
347356 1.27236123388 1.0
340503 1.117473555 1.0
315577 1.82938194717 1.0
146903 1.40915953069 1.0
13471 1.8021244231 1.0
20933 1.61852926065 1.0
199941 1.1908971456 1.0
346652 1.99207927407 1.0
89971 1.95657972882 1.0
223054 1.5742480771 1.0
24381 1.64002661543 1.0
116141 1.75799790158 1.0
204256 1.07414960884 1.0
262116 1.9501826675 1.0
262676 1.76740387005 1.0
21464 1.27765860633 1.0
151714 1.67059257239 1.0
222972 1.19768442193 1.0
218802 1.87204971602 1.0
124119 1.55817595031 1.0
313166 1.86261058016 1.0
164892 1.91780050058 1.0
245428 1.10360562259 1.0
343769 1.31085648588 1.0
36534 1.05620886626 1.0
133757 1.91505928417 1.0
56881 1.86006697191 1.0
40165 1.04882260434 1.0
143071 1.61092896288 1.0
85834 1.47165057681 1.0
316050 1.22478897974 1.0
224154 1.56067700306 1.0
65485 1.99492591479 1.0
231623 1.49733963695 1.0
247411 1.42048295611 1.0
173523 1.60101747559 1.0
204725 1.47413320714 1.0
300276 1.44458271844 1.0
293255 1.25597387291 1.0
116164 1.00744904572 1.0
20351 1.90476221225 1.0
139026 1.34140003633 1.0
160482 1.40814642912 1.0
26931 1.33575997445 1.0
273260 1.15216592481 1.0
138415 1.62142917957 1.0
280236 1.93370071607 1.0
131724 1.67737074455 1.0
57268 1.57423511139 1.0
35111 1.66758102235 1.0
337398 1.09914449089 1.0
75330 1.95095233498 1.0
132346 1.00855910271 1.0
47359 1.51056383015 1.0
281546 1.75312802364 1.0
340211 1.65714992437 1.0
213044 1.75604351517 1.0
110340 1.37429529286 1.0
195 1.79867635381 1.0
260367 1.7821412289 1.0
245272 1.86057019468 1.0
23456 1.13867893227 1.0
331011 1.17662331219 1.0
265060 1.06844776158 1.0
156258 1.65896594022 1.0
192387 1.86483556877 1.0
334105 1.31000913837 1.0
205630 1.26384281306 1.0
51346 1.07273497709 1.0
301723 1.97509202868 1.0
272818 1.09215842483 1.0
165493 1.86986689712 1.0
314269 1.76660378782 1.0
238377 1.60678853595 1.0
338434 1.61836830006 1.0
250937 1.54817207141 1.0
75381 1.91303432704 1.0
335504 1.18833944129 1.0
42493 1.52205485743 1.0
18082 1.28915466039 1.0
283500 1.42274056859 1.0
212301 1.76666660709 1.0
273330 1.08046139194 1.0
264342 1.17223305734 1.0
40277 1.72942759138 1.0
222407 1.02662007533 1.0
71183 1.64974446817 1.0
198579 1.45028851919 1.0
356652 1.20830499664 1.0
301574 1.67495492191 1.0
148823 1.15186505338 1.0
115219 1.1228403828 1.0
111941 1.33746414776 1.0
345146 1.02127828693 1.0
192633 1.68428007177 1.0
52878 1.33581447509 1.0
240070 1.53222408632 1.0
269993 1.29521203308 1.0
356759 1.51401508435 1.0
86163 1.32734788302 1.0
284416 1.08481484752 1.0
109681 1.38002659991 1.0
340357 1.91094349933 1.0
164431 1.93390747654 1.0
216318 1.86024031497 1.0
25804 1.66801157191 1.0
351055 1.04106610175 1.0
37051 1.09008419524 1.0
350962 1.2246410831 1.0
15591 1.78474124243 1.0
267666 1.4007226686 1.0
55362 1.31462179714 1.0
285332 1.23684224054 1.0
78547 1.37192312797 1.0
125927 1.91808177246 1.0
136746 1.19874638557 1.0
93851 1.28323431493 1.0
296158 1.53533760478 1.0
276429 1.97142132654 1.0
216143 1.7336483258 1.0
282834 1.06792318954 1.0
292255 1.2077446276 1.0
137740 1.59274718605 1.0
24349 1.58047877908 1.0
229037 1.39150422064 1.0
306538 1.03629573263 1.0
226271 1.69881849406 1.0
148900 1.29854463284 1.0
40836 1.20012699321 1.0
81728 1.14300126371 1.0
264777 1.14433807497 1.0
144540 1.06294006164 1.0
18549 1.25439461599 1.0
266482 1.36214709336 1.0
322427 1.41612647286 1.0
180001 1.55464432919 1.0
254225 1.7713535291 1.0
295128 1.46629320487 1.0
143192 1.20124734427 1.0
200460 1.44982473889 1.0
166021 1.18036747352 1.0
105826 1.95657808818 1.0
207218 1.88242773087 1.0
122008 1.38579458527 1.0
119574 1.0261046557 1.0
261838 1.95908634546 1.0
81892 1.31592747861 1.0
333094 1.31592221753 1.0
164637 1.34911155905 1.0
345097 1.70903823448 1.0
267457 1.5866094974 1.0
46214 1.53964500248 1.0
32067 1.6429913835 1.0
285193 1.51712627175 1.0
354267 1.00807694004 1.0
233209 1.63537857108 1.0
266774 1.78154721793 1.0
243559 1.19737596366 1.0
98333 1.17476970396 1.0
123239 1.14285092062 1.0
314890 1.2338940662 1.0
128104 1.37300353576 1.0
248806 1.51400390946 1.0
238009 1.80022938129 1.0
237690 1.67428081847 1.0
83655 1.01993497132 1.0
341077 1.80455578172 1.0
232593 1.32014699863 1.0
208648 1.50730879186 1.0
104581 1.80711316957 1.0
347524 1.69262388841 1.0
284797 1.75949032411 1.0
292559 1.98632217218 1.0
305473 1.7434422273 1.0
95898 1.26074443243 1.0
169846 1.59068591965 1.0
295753 1.25924446396 1.0
39690 1.93660966297 1.0
24277 1.14829661406 1.0
338611 1.69058444928 1.0
180881 1.73002501292 1.0
135240 1.9584877449 1.0
218390 1.80701862525 1.0
170592 1.33384875586 1.0
268348 1.43925326199 1.0
182218 1.85590544458 1.0
286194 1.31261657444 1.0
246898 1.56629697123 1.0
58398 1.33201755799 1.0
260979 1.54730272323 1.0
106285 1.00175571548 1.0
148430 1.11399141525 1.0
123274 1.53322072377 1.0
289704 1.2955851447 1.0
214656 1.1853968631 1.0
201292 1.19630155258 1.0
304937 1.25243239475 1.0
43765 1.13162676786 1.0
340421 1.01189222667 1.0
160463 1.97863822478 1.0
339101 1.94952886715 1.0
69485 1.68441956216 1.0
160378 1.46722069259 1.0
244165 1.15314186627 1.0
281653 1.67458964688 1.0
120729 1.78556566152 1.0
97725 1.47105927261 1.0
133877 1.25645489362 1.0
236047 1.51506270327 1.0
238541 1.87588259076 1.0
272668 1.1061180241 1.0
343045 1.59989382517 1.0
353007 1.21459749665 1.0
277045 1.38719589886 1.0
364382 1.62458449661 1.0
71506 1.81345138795 1.0
88032 1.59217533198 1.0
326539 1.62151975494 1.0
297381 1.48949953153 1.0
120652 1.56425594346 1.0
133466 1.51010031499 1.0
272660 1.24408035988 1.0
29207 1.8437769948 1.0
79109 1.48319623349 1.0
144728 1.77826505502 1.0
79828 1.27065114167 1.0
264615 1.05404430152 1.0
358131 1.31511561309 1.0
21119 1.80943575509 1.0
70163 1.36372841086 1.0
151996 1.60010947819 1.0
173181 1.4482786572 1.0
305789 1.81957131428 1.0
163438 1.1120251129 1.0
285703 1.23260621137 1.0
225697 1.79051885801 1.0
4409 1.25925442366 1.0
201461 1.84927157094 1.0
227191 1.84669721042 1.0
318993 1.57640750003 1.0
316015 1.73235277432 1.0
171475 1.84926779897 1.0
262822 1.97408446373 1.0
334044 1.79969347481 1.0
187901 1.66535660037 1.0
58403 1.69958321707 1.0
242604 1.03057876213 1.0
77164 1.51668141434 1.0
304459 1.43937041623 1.0
321900 1.57679924445 1.0
175627 1.4106281987 1.0
285816 1.79666603761 1.0
224971 1.12147369599 1.0
87211 1.41805928273 1.0
200552 1.19584533176 1.0
276363 1.93787422306 1.0
346719 1.09994912746 1.0
66317 1.75624630208 1.0
15208 1.96918642698 1.0
299592 1.77308439747 1.0
54882 1.73651103163 1.0
80184 1.17158570839 1.0
163503 1.21003417861 1.0
7137 1.7734256096 1.0
336503 1.16658723835 1.0
33382 1.84572363294 1.0
2965 1.53038821163 1.0
268140 1.4448420136 1.0
93318 1.58411352255 1.0
338096 1.59781298132 1.0
106240 1.83457204885 1.0
329847 1.57404524206 1.0
208462 1.31166099188 1.0
69675 1.76757115444 1.0
168326 1.12444240924 1.0
348438 1.77462539889 1.0
333971 1.51555350392 1.0
136859 1.872992448 1.0
262418 1.68162384618 1.0
361955 1.4686127001 1.0
48310 1.30373004905 1.0
59255 1.51471728737 1.0
58338 1.7358392176 1.0
207053 1.70908333005 1.0
287938 1.16481985287 1.0
253111 1.37877498554 1.0
271216 1.19599832822 1.0
341126 1.08314720048 1.0
206066 1.01392622395 1.0
163409 1.61535871536 1.0
256888 1.24429737164 1.0
271796 1.14929321853 1.0
246591 1.16879414891 1.0
358889 1.01418281682 1.0
233958 1.70949153225 1.0
218072 1.80679550759 1.0
253728 1.41152527762 1.0
163052 1.05811203255 1.0
11243 1.84063720991 1.0
358049 1.36679522938 1.0
136963 1.83633706894 1.0
235398 1.99075785784 1.0
117659 1.98725146399 1.0
188592 1.19955698272 1.0
184015 1.91184316546 1.0
121634 1.17428776535 1.0
334782 1.1730049569 1.0
265976 1.51259384145 1.0
69857 1.50976169188 1.0
320276 1.84416217807 1.0
57753 1.52736862012 1.0
85406 1.01805429587 1.0
235020 1.41743688463 1.0
192755 1.54854146625 1.0
71254 1.26188196976 1.0
248565 1.19113265893 1.0
292614 1.3924540234 1.0
285153 1.77405874479 1.0
149853 1.80602292607 1.0
272888 1.13496325196 1.0
330977 1.61546969689 1.0
231319 1.25031893581 1.0
70031 1.79173599994 1.0
211743 1.02308617684 1.0
79545 1.14081331478 1.0
289079 1.76167595066 1.0
95450 1.55287646085 1.0
225350 1.49682633627 1.0
100884 1.07470566071 1.0
74630 1.04146543885 1.0
155680 1.71135782898 1.0
99579 1.5061138332 1.0
134641 1.95674118006 1.0
343303 1.02083613279 1.0
86129 1.92044474669 1.0
129356 1.78516927402 1.0
20512 1.14851638572 1.0
252143 1.22625737179 1.0
172646 1.89310752273 1.0
196505 1.97857539798 1.0
180643 1.29406547798 1.0
121437 1.41036078199 1.0
338595 1.88438833955 1.0
90574 1.75818291016 1.0
126184 1.50978001712 1.0
12587 1.03875647555 1.0
99224 1.92460280188 1.0
347246 1.84626767019 1.0
19372 1.9902541848 1.0
221873 1.27249600715 1.0
1763 1.02044973212 1.0
137403 1.30910418492 1.0
172349 1.1488921006 1.0
271817 1.84838928177 1.0
228993 1.07015427532 1.0
176696 1.59401929217 1.0
325196 1.3099109999 1.0
266994 1.18355219327 1.0
66820 1.60160626806 1.0
204286 1.48532837224 1.0
276739 1.00363488206 1.0
363419 1.21040754331 1.0
351113 1.69898382 1.0
121910 1.77800179215 1.0
163453 1.77780141708 1.0
38626 1.51247526114 1.0
340214 1.71785939266 1.0
263824 1.11677917932 1.0
133020 1.281244017 1.0
170405 1.72768513511 1.0
298966 1.08030133517 1.0
349067 1.29239838768 1.0
76097 1.09168817345 1.0
168840 1.99062765509 1.0
173669 1.3773067293 1.0
180818 1.4730242611 1.0
112542 1.9546845255 1.0
46383 1.82455748208 1.0
19364 1.58064904265 1.0
32281 1.35728065266 1.0
163394 1.88889699255 1.0
27986 1.88881409567 1.0
221635 1.68340345635 1.0
262194 1.86366984517 1.0
74314 1.50693300932 1.0
68684 1.9806411372 1.0
294571 1.45710366812 1.0
363522 1.25600136845 1.0
188096 1.85725362602 1.0
288703 1.80417071476 1.0
93906 1.08082323106 1.0
206887 1.90490322643 1.0
204648 1.08039298361 1.0
343335 1.1522875747 1.0
250650 1.11070864781 1.0
41955 1.01799897309 1.0
28893 1.42812430695 1.0
114165 1.46764388723 1.0
97666 1.45286128023 1.0
355513 1.41085595069 1.0
250305 1.20360844567 1.0
156719 1.86977833783 1.0
338088 1.57288136497 1.0
19172 1.38490581305 1.0
225260 1.36237899713 1.0
129719 1.87958816884 1.0
290339 1.13849786739 1.0
283087 1.56645248013 1.0
50114 1.15048706109 1.0
77614 1.56363360377 1.0
297656 1.01463754995 1.0
277440 1.85273778104 1.0
308545 1.77619891166 1.0
174831 1.84984298078 1.0
50960 1.88574884929 1.0
66239 1.80644859668 1.0
323612 1.37927232314 1.0
227011 1.87067396309 1.0
138575 1.36238053274 1.0
31243 1.47970885452 1.0
333477 1.81882753379 1.0
31794 1.05901637089 1.0
329204 1.91878644508 1.0
200742 1.69282393366 1.0
281457 1.79899163384 1.0
324052 1.96858190927 1.0
84550 1.9262786088 1.0
14802 1.39692879469 1.0
344376 1.62229684046 1.0
175136 1.77617757993 1.0
267360 1.62972126578 1.0
5206 1.08869820754 1.0
15128 1.39294747355 1.0
296719 1.61479977699 1.0
47285 1.26065995617 1.0
172298 1.41529700209 1.0
162502 1.60564088946 1.0
235166 1.22582116078 1.0
20112 1.4366969125 1.0
311905 1.75663166739 1.0
107580 1.80713099826 1.0
176102 1.9441303952 1.0
303190 1.46424205824 1.0
28287 1.03601129835 1.0
327601 1.08909504834 1.0
295700 1.52308556396 1.0
297071 1.80139224811 1.0
308501 1.45902146337 1.0
204215 1.49331058563 1.0
49626 1.54554439588 1.0
204177 1.83518881355 1.0
265384 1.55922154166 1.0
91911 1.75322156186 1.0
195807 1.13300861567 1.0
305538 1.08533407311 1.0
23856 1.74714136497 1.0
265875 1.90598448388 1.0
330251 1.89158221795 1.0
30041 1.87344786715 1.0
115644 1.69682658486 1.0
188532 1.08216545559 1.0
94524 1.61621353559 1.0
88266 1.98122533764 1.0
139607 1.80266817435 1.0
264669 1.51209515023 1.0
359272 1.15061256937 1.0
209041 1.20846958902 1.0
190069 1.8434589391 1.0
264480 1.46046708517 1.0
238398 1.35883522916 1.0
36986 1.08700398164 1.0
67698 1.07856108688 1.0
162218 1.83107675233 1.0
126464 1.02666759753 1.0
286718 1.34555305773 1.0
325369 1.61403466107 1.0
129454 1.41695320932 1.0
326923 1.18183797157 1.0
270394 1.09364784283 1.0
261107 1.21085934964 1.0
64358 1.24996072989 1.0
236871 1.45273946453 1.0
304526 1.10984452286 1.0
184135 1.6379180654 1.0
182434 1.00371652492 1.0
250111 1.16830988279 1.0
151179 1.03120417054 1.0
225949 1.66846721413 1.0
314311 1.67589591857 1.0
312342 1.65873384002 1.0
147815 1.46434277222 1.0
304893 1.74115663162 1.0
227590 1.64606180754 1.0
32838 1.65344986105 1.0
282918 1.34307045942 1.0
135639 1.87273464328 1.0
238861 1.82246084438 1.0
94845 1.00962567451 1.0
270411 1.56576795166 1.0
122259 1.30116759865 1.0
70411 1.82878852844 1.0
206199 1.63972748993 1.0
324110 1.60567038279 1.0
27910 1.99444284214 1.0
115786 1.83401426915 1.0
279680 1.3886624535 1.0
192261 1.28196188112 1.0
57844 1.74513287934 1.0
80093 1.54594341569 1.0
227986 1.01706071265 1.0
284565 1.82996241331 1.0
309590 1.90912240369 1.0
14988 1.546114601 1.0
109463 1.39664842413 1.0
26371 1.59082704774 1.0
260093 1.56915932997 1.0
24962 1.91271890164 1.0
90930 1.33826961578 1.0
296791 1.36967736396 1.0
61883 1.40162466435 1.0
304318 1.20847715561 1.0
171887 1.24073953526 1.0
23495 1.56318886454 1.0
262305 1.09163958407 1.0
35108 1.61455421221 1.0
39132 1.32993998289 1.0
255599 1.43028012481 1.0
353145 1.14301470466 1.0
241304 1.81669589797 1.0
331492 1.55517823024 1.0
151215 1.6571571414 1.0
361784 1.9055282898 1.0
250226 1.80216776483 1.0
51953 1.45642816979 1.0
133556 1.79798312919 1.0
169916 1.28131519788 1.0
25737 1.13411727607 1.0
309608 1.52063446002 1.0
323386 1.17511541153 1.0
19417 1.33177597931 1.0
360140 1.01271976005 1.0
87614 1.53485052965 1.0
255186 1.53535968344 1.0
323701 1.39237195354 1.0
192181 1.00527956924 1.0
266931 1.66358798479 1.0
197994 1.69574276809 1.0
272890 1.92597364772 1.0
58576 1.41993432595 1.0
303314 1.4228511946 1.0
245496 1.66737057844 1.0
205103 1.5012868351 1.0
277288 1.52876259122 1.0
1298 1.61737298702 1.0
74630 1.99706985499 1.0
267454 1.59686595044 1.0
74099 1.68438671593 1.0
66218 1.07781823649 1.0
90773 1.56552167808 1.0
203882 1.68602218044 1.0
115597 1.95946768686 1.0
250420 1.3710029808 1.0
161173 1.12374776385 1.0
146376 1.87084672926 1.0
272467 1.14406816454 1.0
231716 1.07233527263 1.0
155549 1.27057916874 1.0
44316 1.57972973176 1.0
130142 1.99228091864 1.0
342443 1.1298144316 1.0
21164 1.28640105827 1.0
79899 1.49543245122 1.0
64900 1.50453383543 1.0
200858 1.17979061417 1.0
25066 1.074187437 1.0
287052 1.57516740766 1.0
113927 1.33773278199 1.0
122859 1.96751150972 1.0
251193 1.44616427833 1.0
57328 1.52360098989 1.0
338579 1.12068578118 1.0
338601 1.5346302066 1.0
197585 1.47711599303 1.0
50007 1.71004852038 1.0
180655 1.87411184608 1.0
191885 1.83195786518 1.0
298029 1.9263444365 1.0
245390 1.63999908058 1.0
66256 1.18401073882 1.0
356245 1.32344239655 1.0
121728 1.08099231479 1.0
273954 1.46001733384 1.0
313737 1.41012238069 1.0
70717 1.5931767158 1.0
139662 1.29328127975 1.0
58247 1.5593906598 1.0
316961 1.55387511698 1.0
213767 1.98227639688 1.0
47727 1.68598672574 1.0
361378 1.19345548548 1.0
195696 1.03406995179 1.0
34086 1.69684930234 1.0
77784 1.22795641755 1.0
75674 1.28358265503 1.0
143761 1.74727277094 1.0
191080 1.60530564573 1.0
88652 1.40436374203 1.0
19448 1.37865421076 1.0
172564 1.5189028709 1.0
40656 1.14962736861 1.0
305254 1.56316438586 1.0
147195 1.69373659568 1.0
364421 1.04756698257 1.0
309023 1.47235234552 1.0
110408 1.64666285617 1.0
221007 1.8528145819 1.0
