75130 1.0 1.79856460218
34914 1.0 1.23233352704
236381 1.0 1.05319513138
318548 1.0 1.98309473701
69561 1.0 1.51524419665
276233 1.0 1.59869684311
340778 1.0 1.91103449219
287940 1.0 1.21562150282
170138 1.0 1.73230234011
213929 1.0 1.84406908832
168169 1.0 1.58955447934
170303 1.0 1.308221246
37616 1.0 1.73579435055
152366 1.0 1.71961628252
228367 1.0 1.41831039678
289588 1.0 1.10194632811
36579 1.0 1.75810033603
83407 1.0 1.69829868688
335022 1.0 1.1830460293
326554 1.0 1.48219455346
222369 1.0 1.4066195484
132706 1.0 1.08200081178
40145 1.0 1.34799655017
201914 1.0 1.15400609025
206672 1.0 1.93344999525
308524 1.0 1.41799319388
307297 1.0 1.50886502652
50742 1.0 1.79725181741
106991 1.0 1.51422207167
164229 1.0 1.50059845621
137196 1.0 1.89550351152
313142 1.0 1.19736332054
155522 1.0 1.87881837314
296498 1.0 1.55131072325
298439 1.0 1.24318843586
140713 1.0 1.21090016131
25280 1.0 1.25444837988
237960 1.0 1.00716816458
5551 1.0 1.69545896278
341795 1.0 1.18354614888
165065 1.0 1.32476842533
348213 1.0 1.43098668912
41551 1.0 1.06123126208
6075 1.0 1.03816594912
206177 1.0 1.06854110938
120197 1.0 1.60488724714
256518 1.0 1.09394719719
267014 1.0 1.10329867793
48268 1.0 1.80719435168
276263 1.0 1.36172500008
181611 1.0 1.17192745333
222997 1.0 1.77283206671
37506 1.0 1.99202058979
80197 1.0 1.93949554839
357906 1.0 1.36467340016
225991 1.0 1.56058858773
248556 1.0 1.34017937293
308216 1.0 1.46750437207
213275 1.0 1.70700792827
27860 1.0 1.66018451671
86538 1.0 1.93156641605
295184 1.0 1.45927502488
40099 1.0 1.28322182471
226821 1.0 1.28255802417
43546 1.0 1.15893679434
198500 1.0 1.84584644453
18248 1.0 1.5186043321
318546 1.0 1.18743665764
26360 1.0 1.31177238014
337579 1.0 1.23981917891
113115 1.0 1.36162478992
189101 1.0 1.39804564225
36563 1.0 1.00509869618
264788 1.0 1.816340274
75414 1.0 1.6582544019
316282 1.0 1.03856569906
273205 1.0 1.55186607969
294475 1.0 1.00245263975
176476 1.0 1.73522044731
1279 1.0 1.75004567377
265591 1.0 1.7268462455
360329 1.0 1.98767316379
160872 1.0 1.50234053833
226305 1.0 1.90874717028
121994 1.0 1.87151271857
104120 1.0 1.98413171797
18422 1.0 1.01875795807
219007 1.0 1.34110847595
340428 1.0 1.87787331512
241051 1.0 1.76172443633
89604 1.0 1.78025477382
158054 1.0 1.69394179368
332859 1.0 1.49056751712
248782 1.0 1.07279458043
25959 1.0 1.0370927064
355656 1.0 1.44858234298
365587 1.0 1.45890618407
268125 1.0 1.60991904905
49959 1.0 1.6292788259
234035 1.0 1.38697089756
295817 1.0 1.19323067351
341400 1.0 1.03900733263
242254 1.0 1.29376238908
192684 1.0 1.16937653609
165927 1.0 1.57086716588
140746 1.0 1.60222575346
193217 1.0 1.8516886083
146533 1.0 1.03772681528
212672 1.0 1.53923158757
240520 1.0 1.67868842178
93261 1.0 1.98027623144
199722 1.0 1.87037265909
186547 1.0 1.94032754093
191082 1.0 1.63103731544
159082 1.0 1.80148677745
289016 1.0 1.96426532254
144440 1.0 1.19705812817
86013 1.0 1.9775334698
108221 1.0 1.84989926717
16622 1.0 1.22926364659
204003 1.0 1.04410793764
170342 1.0 1.26917286398
333527 1.0 1.69293348504
259606 1.0 1.98407963535
217070 1.0 1.71281131781
67443 1.0 1.04868681015
292478 1.0 1.87507217847
205648 1.0 1.22601625211
211558 1.0 1.15939739293
263668 1.0 1.05512480883
28449 1.0 1.518370565
242689 1.0 1.40441917882
162017 1.0 1.58595016047
212285 1.0 1.46311811207
138562 1.0 1.43267643646
194358 1.0 1.81893157222
161788 1.0 1.02045168449
976 1.0 1.29385978043
157092 1.0 1.30604061586
93641 1.0 1.90113172131
293220 1.0 1.36917271294
15620 1.0 1.39384512176
46440 1.0 1.29816924379
182849 1.0 1.56012750926
108441 1.0 1.98112705664
170800 1.0 1.55642171135
178205 1.0 1.52238573377
188669 1.0 1.55136280288
20898 1.0 1.97654619683
229788 1.0 1.70493984837
257306 1.0 1.24166586427
344703 1.0 1.64889094516
332303 1.0 1.20462591191
56514 1.0 1.53782750872
127204 1.0 1.08076673314
321894 1.0 1.71155453832
251875 1.0 1.77462147282
69734 1.0 1.81771132422
37153 1.0 1.86293867436
344913 1.0 1.60817401417
31135 1.0 1.32150805471
109509 1.0 1.89190288791
328721 1.0 1.26076784487
127720 1.0 1.79324022543
320808 1.0 1.56723788902
59584 1.0 1.2879648911
132949 1.0 1.09817632056
356521 1.0 1.04515379877
312500 1.0 1.92433599316
26663 1.0 1.55899044954
345602 1.0 1.48696734044
86373 1.0 1.66591006703
108273 1.0 1.85507171246
104241 1.0 1.30816060073
281128 1.0 1.23899016001
332862 1.0 1.3404211019
293020 1.0 1.43149216143
297414 1.0 1.98962598353
316457 1.0 1.75902437105
340454 1.0 1.18212174587
276184 1.0 1.45238068249
116289 1.0 1.87843146621
293467 1.0 1.716681278
338062 1.0 1.0140034984
349676 1.0 1.60953133063
200405 1.0 1.1783184865
149682 1.0 1.53184054237
9547 1.0 1.64653205237
146134 1.0 1.19123660224
358872 1.0 1.38786301586
225656 1.0 1.19437334767
221550 1.0 1.35554400615
148566 1.0 1.73618427559
102475 1.0 1.99982850789
73937 1.0 1.20823859618
184148 1.0 1.95580807537
331941 1.0 1.771020979
226951 1.0 1.60390853122
73790 1.0 1.69654345593
355882 1.0 1.22717328551
13566 1.0 1.19789532069
102189 1.0 1.27198718819
100876 1.0 1.90548132063
34720 1.0 1.49851528587
280179 1.0 1.0386003446
328489 1.0 1.14223406974
149564 1.0 1.98187581786
218017 1.0 1.52706138819
209612 1.0 1.28504313543
304119 1.0 1.46892758425
359056 1.0 1.73602881584
105049 1.0 1.87438364043
97962 1.0 1.11383819023
94028 1.0 1.38589633581
127286 1.0 1.00539147689
47688 1.0 1.57615816216
251434 1.0 1.90217097779
237785 1.0 1.1915606805
42159 1.0 1.74093635763
147073 1.0 1.50041071442
161031 1.0 1.07099061904
345994 1.0 1.0723390058
70519 1.0 1.28538455228
153829 1.0 1.53664281993
192083 1.0 1.28144823891
105380 1.0 1.11986016172
334481 1.0 1.95458280508
56310 1.0 1.92032654301
156295 1.0 1.3919877173
191273 1.0 1.9264004365
142609 1.0 1.11626955602
85283 1.0 1.95548575923
245437 1.0 1.2311492134
98377 1.0 1.351810254
231663 1.0 1.46033382063
186985 1.0 1.43062000926
105047 1.0 1.20201666731
52062 1.0 1.39028979299
47725 1.0 1.0546324436
294542 1.0 1.90315164377
67259 1.0 1.10620838395
68086 1.0 1.85961537289
49069 1.0 1.82062449952
140440 1.0 1.38018709091
205354 1.0 1.85521892285
222137 1.0 1.15084777756
45870 1.0 1.02649568539
218687 1.0 1.7279827299
307052 1.0 1.07520270396
239765 1.0 1.27293639912
256854 1.0 1.23762501655
298893 1.0 1.10381505379
46456 1.0 1.94624885594
8920 1.0 1.64925021995
158392 1.0 1.34057786
241647 1.0 1.1194019196
191316 1.0 1.89765551264
198432 1.0 1.42388454919
225408 1.0 1.12937889948
325149 1.0 1.05996347927
85405 1.0 1.65846916618
297666 1.0 1.7185845461
112806 1.0 1.90056874555
106535 1.0 1.08971810641
181622 1.0 1.44411607534
129622 1.0 1.79006837457
118727 1.0 1.36057681614
269867 1.0 1.16418654936
150750 1.0 1.39993996636
324317 1.0 1.8175377817
249448 1.0 1.69137941164
3795 1.0 1.75358500181
179647 1.0 1.77276677192
336213 1.0 1.76009951689
10010 1.0 1.62231275786
317110 1.0 1.09517347516
127232 1.0 1.49020454137
98299 1.0 1.52553913938
252041 1.0 1.1673306818
306749 1.0 1.96069370709
313888 1.0 1.45246994561
146992 1.0 1.19555093653
106713 1.0 1.25429762311
104131 1.0 1.42286041973
145824 1.0 1.97158643284
115982 1.0 1.67295281903
301405 1.0 1.61801054895
230908 1.0 1.76354910285
272013 1.0 1.31635665699
103929 1.0 1.05529493157
93166 1.0 1.85632879962
43016 1.0 1.75960759152
19013 1.0 1.91063290256
59816 1.0 1.66522331432
32604 1.0 1.06215035327
145789 1.0 1.78399907391
321672 1.0 1.92350066623
50154 1.0 1.14480991371
97716 1.0 1.73463408596
103741 1.0 1.60192629616
250000 1.0 1.49619282652
221156 1.0 1.38016143583
97710 1.0 1.42390514061
113276 1.0 1.6408749095
64614 1.0 1.17935388695
172146 1.0 1.8860581135
163342 1.0 1.36152814226
115875 1.0 1.29766100562
288637 1.0 1.52412952601
274870 1.0 1.15639710708
91699 1.0 1.87485362422
269286 1.0 1.71084505771
291087 1.0 1.45527089241
306993 1.0 1.58618591952
208338 1.0 1.20892496003
3244 1.0 1.51179756185
22905 1.0 1.81529725129
184745 1.0 1.46062214563
249574 1.0 1.72153852867
314516 1.0 1.88643905427
157471 1.0 1.12035544776
267633 1.0 1.99550978618
94015 1.0 1.32624476825
185833 1.0 1.12225916969
175791 1.0 1.37888131748
213082 1.0 1.10914024018
110000 1.0 1.54884868504
145739 1.0 1.98351824886
238526 1.0 1.606681737
102320 1.0 1.63566533455
348048 1.0 1.24840694154
9037 1.0 1.47582393416
314158 1.0 1.41814166791
63539 1.0 1.17795322141
67261 1.0 1.18623485486
90255 1.0 1.19006029955
108150 1.0 1.61053724967
54617 1.0 1.25792053835
288864 1.0 1.04345472472
322075 1.0 1.55696365431
107052 1.0 1.38348691951
285443 1.0 1.43176142149
13011 1.0 1.66755798236
128091 1.0 1.08390834284
362332 1.0 1.61620570253
100911 1.0 1.87731821083
209194 1.0 1.56097480879
6913 1.0 1.26203648702
194251 1.0 1.04385379628
248426 1.0 1.10633586419
304387 1.0 1.83341353159
106575 1.0 1.91981915884
315782 1.0 1.73607637181
274644 1.0 1.99985770053
363421 1.0 1.38560202131
359433 1.0 1.85308467097
181754 1.0 1.42992583023
12269 1.0 1.12112496455
354364 1.0 1.9788691237
222836 1.0 1.53681804783
253044 1.0 1.3663158088
13133 1.0 1.71696019952
197454 1.0 1.51476222872
112350 1.0 1.22946653175
184525 1.0 1.81211145243
313618 1.0 1.06112493252
222358 1.0 1.3711308844
144496 1.0 1.20547261469
333247 1.0 1.0934999231
166366 1.0 1.77104034042
125665 1.0 1.94468507417
54192 1.0 1.60979736674
341387 1.0 1.14270087737
257718 1.0 1.64399600974
203586 1.0 1.92771309157
240834 1.0 1.12885377076
41645 1.0 1.6962934272
251977 1.0 1.15337070733
279009 1.0 1.96245118585
53021 1.0 1.01166621716
248604 1.0 1.88416496137
102858 1.0 1.59000843757
355672 1.0 1.84677580595
47072 1.0 1.33749281253
61440 1.0 1.85160176591
274969 1.0 1.17356131989
246418 1.0 1.66566162457
229685 1.0 1.22891714885
316851 1.0 1.48467840336
268799 1.0 1.85235776383
179822 1.0 1.68354868718
323540 1.0 1.04366758037
323773 1.0 1.28441919455
233086 1.0 1.1347138913
204635 1.0 1.40063527752
189000 1.0 1.29047449318
364863 1.0 1.32494845994
206984 1.0 1.85940761636
210481 1.0 1.56864200813
106617 1.0 1.05157078727
350043 1.0 1.61100263911
348281 1.0 1.83888160361
94666 1.0 1.44501706542
42288 1.0 1.26232578987
107943 1.0 1.97373657861
345500 1.0 1.30606696535
202800 1.0 1.07555857801
355787 1.0 1.91869850573
25986 1.0 1.0679796673
346754 1.0 1.75410016494
284552 1.0 1.47823552648
36392 1.0 1.06415042899
134111 1.0 1.33080569279
286883 1.0 1.54327750959
46435 1.0 1.66486030431
81160 1.0 1.10266074349
203238 1.0 1.94277035377
62381 1.0 1.95813849778
142599 1.0 1.29486012395
366781 1.0 1.67737180597
351254 1.0 1.75141906276
337914 1.0 1.40481528035
78239 1.0 1.53679189656
203556 1.0 1.72329275488
125093 1.0 1.82147414407
319382 1.0 1.30290593569
336929 1.0 1.37884092802
125625 1.0 1.83991507531
331056 1.0 1.6565365823
86920 1.0 1.42981032502
131911 1.0 1.13879243549
29967 1.0 1.92902395411
267584 1.0 1.86823686186
308709 1.0 1.04924237876
18156 1.0 1.45684249339
151300 1.0 1.6119376
56046 1.0 1.36691120155
140190 1.0 1.43989311002
47630 1.0 1.45840110574
321961 1.0 1.24060498042
181163 1.0 1.58258311065
2061 1.0 1.33003026456
306413 1.0 1.26812908157
170215 1.0 1.59768711663
31396 1.0 1.29331912025
283120 1.0 1.60920512585
107728 1.0 1.30203194913
356067 1.0 1.66437540439
330401 1.0 1.60391926221
199622 1.0 1.78362498439
283912 1.0 1.58193696913
213828 1.0 1.65552886527
244931 1.0 1.15080460968
219228 1.0 1.80618364708
352929 1.0 1.84540802653
304286 1.0 1.48009227603
237132 1.0 1.08948926831
617 1.0 1.91137322245
43956 1.0 1.60300595371
137491 1.0 1.89024499621
327051 1.0 1.49766522739
134968 1.0 1.44161244957
281024 1.0 1.88558281294
303925 1.0 1.82162896017
141579 1.0 1.1600313763
251963 1.0 1.17741478041
121442 1.0 1.81949513558
153083 1.0 1.64493391507
60058 1.0 1.16978674433
11727 1.0 1.40158762189
122132 1.0 1.65725307058
16832 1.0 1.41686707923
298331 1.0 1.28476861597
150353 1.0 1.14751752707
27667 1.0 1.57059809712
82763 1.0 1.21882880175
296647 1.0 1.59157069682
356943 1.0 1.3419141928
88880 1.0 1.07888248012
308595 1.0 1.36323035242
44260 1.0 1.27194794484
87076 1.0 1.10552439801
265939 1.0 1.48339749273
116968 1.0 1.23090971201
353133 1.0 1.77994343017
355848 1.0 1.49849098009
362677 1.0 1.20099685728
250158 1.0 1.96677758937
294510 1.0 1.26782856546
221383 1.0 1.0184030426
31329 1.0 1.53243228083
129588 1.0 1.16302448176
210534 1.0 1.49346745147
296302 1.0 1.42926802574
136696 1.0 1.40598022001
193620 1.0 1.96365848822
268100 1.0 1.87514177751
66161 1.0 1.03625529878
174123 1.0 1.10664752716
167604 1.0 1.1354771107
67259 1.0 1.88043504504
154290 1.0 1.7706399108
48961 1.0 1.94457344881
357455 1.0 1.05539436547
289793 1.0 1.14147464712
227627 1.0 1.95099484858
148060 1.0 1.49470602351
355699 1.0 1.69218472636
319420 1.0 1.086173672
196398 1.0 1.15884876847
249507 1.0 1.98596221673
294356 1.0 1.60659014915
199174 1.0 1.24529604277
18404 1.0 1.50223262551
329104 1.0 1.21369604493
130241 1.0 1.01846776194
106625 1.0 1.47437161565
118799 1.0 1.64910003967
80745 1.0 1.48725249477
204268 1.0 1.94212079882
304396 1.0 1.36988449725
188595 1.0 1.27752375595
76546 1.0 1.21093582323
259037 1.0 1.79876141082
280490 1.0 1.11450868492
226801 1.0 1.00122712193
66082 1.0 1.48278611763
60201 1.0 1.76472025978
94062 1.0 1.55624819153
71554 1.0 1.43582903789
212339 1.0 1.86780155347
61040 1.0 1.20562109125
289733 1.0 1.14132928197
362841 1.0 1.77556832636
40123 1.0 1.37960000532
170919 1.0 1.58175279654
208679 1.0 1.80243402864
55181 1.0 1.53066624182
241654 1.0 1.33623549445
253020 1.0 1.82808174457
354877 1.0 1.34212962678
217977 1.0 1.00542500339
243651 1.0 1.52392765647
214090 1.0 1.04880325566
311345 1.0 1.48917230413
260529 1.0 1.29343027825
37816 1.0 1.79122682431
58505 1.0 1.86665967007
29822 1.0 1.71069699967
69963 1.0 1.86131251122
101279 1.0 1.19839209375
107344 1.0 1.67229479179
264433 1.0 1.11177970302
244675 1.0 1.92355985472
221417 1.0 1.13594613015
91919 1.0 1.65332811969
109430 1.0 1.46589350899
195762 1.0 1.07923596496
255122 1.0 1.29405310351
241671 1.0 1.3371167848
263894 1.0 1.6154492726
61001 1.0 1.58203468593
193891 1.0 1.44170360896
354779 1.0 1.93479659149
618 1.0 1.41155748477
286683 1.0 1.26870079685
229675 1.0 1.98365641724
49522 1.0 1.21076128716
10085 1.0 1.1637987085
207987 1.0 1.66928805361
200699 1.0 1.11918963416
111525 1.0 1.92148268361
26862 1.0 1.79468111771
236549 1.0 1.29893993788
101796 1.0 1.45899435777
354578 1.0 1.69562630233
18325 1.0 1.95128066651
8980 1.0 1.84341343637
275233 1.0 1.73420274663
211173 1.0 1.60920648132
267856 1.0 1.57672816522
91561 1.0 1.70267158552
282984 1.0 1.47508977003
219853 1.0 1.36885963169
307289 1.0 1.28450743731
339953 1.0 1.82755825471
207680 1.0 1.05011866274
218894 1.0 1.00139104682
4655 1.0 1.15965013414
133233 1.0 1.88339693317
238759 1.0 1.05670643009
226808 1.0 1.27426802169
78934 1.0 1.63518684265
239284 1.0 1.77732960282
266751 1.0 1.68522813485
157014 1.0 1.74664945777
292222 1.0 1.53596647379
345490 1.0 1.98638532964
173758 1.0 1.09501170214
351100 1.0 1.17262803011
201590 1.0 1.37488750092
333243 1.0 1.88767063816
203768 1.0 1.1330192698
95146 1.0 1.95481892128
27867 1.0 1.60761922564
184188 1.0 1.25207805366
351128 1.0 1.71788744281
69809 1.0 1.40507993385
132345 1.0 1.90746330322
99218 1.0 1.18739227774
129020 1.0 1.931875011
178013 1.0 1.21577221792
194378 1.0 1.03470836449
138820 1.0 1.34298241379
247281 1.0 1.5007489854
320379 1.0 1.22272385036
244193 1.0 1.90365661463
300071 1.0 1.80808220862
60248 1.0 1.00322027964
100798 1.0 1.89071712507
66235 1.0 1.31752684319
172131 1.0 1.40912603125
205610 1.0 1.00194922736
153496 1.0 1.86073367664
234080 1.0 1.55640058381
220104 1.0 1.47056606758
118601 1.0 1.55600701099
245512 1.0 1.54439683863
275208 1.0 1.87310852681
123911 1.0 1.56271982891
24277 1.0 1.41578463137
322515 1.0 1.00205633873
24475 1.0 1.13075657201
244656 1.0 1.46297100695
213634 1.0 1.58519621751
351423 1.0 1.69460011459
324187 1.0 1.35612868114
27597 1.0 1.01833792347
266873 1.0 1.34625061547
24077 1.0 1.78117106604
354878 1.0 1.04017058408
118626 1.0 1.31916356347
260100 1.0 1.71419789305
5618 1.0 1.34547995654
326044 1.0 1.04481052468
317010 1.0 1.46274644847
51330 1.0 1.24218455477
258537 1.0 1.65056825928
39016 1.0 1.82242567939
138797 1.0 1.40288481319
201759 1.0 1.03278691804
160551 1.0 1.3375135161
36303 1.0 1.14709452495
211796 1.0 1.8951729579
144431 1.0 1.44718558859
349275 1.0 1.00414008077
283968 1.0 1.53467304379
124204 1.0 1.35014665468
195257 1.0 1.31299523669
213472 1.0 1.29431641302
10966 1.0 1.26945767322
34944 1.0 1.88551463869
126048 1.0 1.2720470556
76135 1.0 1.92777308938
72376 1.0 1.01487508461
61320 1.0 1.93044969429
195328 1.0 1.85515843959
355504 1.0 1.60225918768
97525 1.0 1.76316190069
322984 1.0 1.8455027072
290576 1.0 1.00143742921
113497 1.0 1.2578896916
225804 1.0 1.76027083935
265890 1.0 1.86374992698
80496 1.0 1.71206802247
134570 1.0 1.65322365047
291918 1.0 1.9354569476
14248 1.0 1.73130532939
359642 1.0 1.40146301268
161668 1.0 1.52443416621
302602 1.0 1.60036656084
49275 1.0 1.52673623155
14488 1.0 1.74700327351
188168 1.0 1.74158900615
285226 1.0 1.81311348403
242482 1.0 1.53903139611
110497 1.0 1.36246234039
216924 1.0 1.88308550345
222096 1.0 1.51380205431
121424 1.0 1.00632440816
86806 1.0 1.34580891595
180487 1.0 1.47777141282
45123 1.0 1.19753052589
212754 1.0 1.85019187552
230446 1.0 1.61271560253
221963 1.0 1.83012723895
267259 1.0 1.14780649994
227971 1.0 1.82835342647
309745 1.0 1.46513551293
112578 1.0 1.11130258562
82237 1.0 1.12289057662
147050 1.0 1.67296199657
57055 1.0 1.09202819735
259413 1.0 1.63892680435
42062 1.0 1.6890722292
95179 1.0 1.88955311493
72331 1.0 1.53437866586
161028 1.0 1.80336645019
17628 1.0 1.71721616703
163583 1.0 1.43077599136
57132 1.0 1.57075483049
146460 1.0 1.2766027071
158669 1.0 1.50424382328
7679 1.0 1.5308774191
214039 1.0 1.81491581995
27005 1.0 1.90168554007
256559 1.0 1.08833390049
7842 1.0 1.68184430399
78947 1.0 1.95878768436
81823 1.0 1.14191045922
149781 1.0 1.64726924071
299262 1.0 1.70078252019
90056 1.0 1.16647491119
174699 1.0 1.78062676699
143451 1.0 1.50085736498
130930 1.0 1.88744314399
258258 1.0 1.30220952484
21439 1.0 1.58274373546
328103 1.0 1.3200996301
91864 1.0 1.2178054342
32956 1.0 1.6221798718
26462 1.0 1.36031031206
117496 1.0 1.23024728146
326254 1.0 1.00540448061
276896 1.0 1.08339753089
182929 1.0 1.40534817212
152099 1.0 1.45178325898
315683 1.0 1.88348399255
216853 1.0 1.94394088111
79872 1.0 1.3679330121
136757 1.0 1.52699578233
110644 1.0 1.24358207538
78784 1.0 1.95910729519
19342 1.0 1.43519394726
329490 1.0 1.10868789197
33015 1.0 1.6824506405
198270 1.0 1.36879569384
274565 1.0 1.13172162578
63774 1.0 1.55586392557
105625 1.0 1.73780591601
205054 1.0 1.44267987822
276217 1.0 1.18993036452
65631 1.0 1.36104798923
147414 1.0 1.73671175122
77320 1.0 1.36350896946
229642 1.0 1.54492397999
138399 1.0 1.05277201037
234730 1.0 1.22257263819
177676 1.0 1.75083460423
41875 1.0 1.28211433978
305122 1.0 1.64656372307
118330 1.0 1.74148875484
78978 1.0 1.58025973106
339296 1.0 1.04506591391
231537 1.0 1.62058118491
230240 1.0 1.21020226738
355237 1.0 1.87645995883
113608 1.0 1.72838746382
263524 1.0 1.9545116434
14004 1.0 1.31049138954
189104 1.0 1.24045764631
313076 1.0 1.011934744
19171 1.0 1.93674494382
73112 1.0 1.9224729303
81359 1.0 1.3489541587
338312 1.0 1.20547437044
47709 1.0 1.92214909622
96766 1.0 1.71735897171
14242 1.0 1.71481052065
222339 1.0 1.05410986409
362565 1.0 1.96299147563
361280 1.0 1.46755617589
329976 1.0 1.18740683825
119269 1.0 1.11964218781
36373 1.0 1.58404844102
322193 1.0 1.28160861049
339187 1.0 1.64588461082
345997 1.0 1.57861859885
296766 1.0 1.78618983103
171891 1.0 1.36369588828
123289 1.0 1.2835910521
364718 1.0 1.57486717289
98026 1.0 1.43361901327
209905 1.0 1.34724881435
28340 1.0 1.26189907987
257648 1.0 1.20190268078
318433 1.0 1.84493765458
216017 1.0 1.36540302617
64045 1.0 1.68617386378
352895 1.0 1.63200312184
36253 1.0 1.90196354944
363645 1.0 1.76505689798
183717 1.0 1.82543390945
189972 1.0 1.21757397106
330203 1.0 1.75246413626
355122 1.0 1.78067487222
147477 1.0 1.03596044558
72842 1.0 1.61658992026
110871 1.0 1.52126684386
292056 1.0 1.95696574205
238925 1.0 1.23352020451
198970 1.0 1.91978866875
319357 1.0 1.11052982023
147396 1.0 1.43195893841
265423 1.0 1.21356786604
207403 1.0 1.09848333518
139570 1.0 1.62816447922
143438 1.0 1.3222090217
274212 1.0 1.27585588621
249622 1.0 1.40135121418
348916 1.0 1.81224100618
181804 1.0 1.43231568868
69435 1.0 1.20133704926
319978 1.0 1.17280202514
143334 1.0 1.56523533661
129097 1.0 1.12138751407
40657 1.0 1.74707519801
290217 1.0 1.16507123074
351718 1.0 1.08928966993
322906 1.0 1.9957144733
42984 1.0 1.42582104935
55862 1.0 1.57859512008
359761 1.0 1.14975065243
259099 1.0 1.00887630708
193508 1.0 1.81142270314
182515 1.0 1.68721397167
305436 1.0 1.80947965404
50934 1.0 1.29006417874
90231 1.0 1.51866379665
783 1.0 1.87837878664
51520 1.0 1.96242853696
186309 1.0 1.8106400953
140045 1.0 1.63880935372
43998 1.0 1.24552720072
54373 1.0 1.28055977272
165641 1.0 1.61257613453
238868 1.0 1.60318611902
112601 1.0 1.03957096344
337281 1.0 1.10068537825
157755 1.0 1.64460210322
135231 1.0 1.7422549395
217165 1.0 1.31200675001
51245 1.0 1.65723731188
214317 1.0 1.36584539819
341933 1.0 1.3126959659
163689 1.0 1.82864867854
187728 1.0 1.62839949297
168604 1.0 1.5810328845
163411 1.0 1.74897236894
26921 1.0 1.39059885676
318013 1.0 1.96491830074
119727 1.0 1.34440858457
317434 1.0 1.21691697661
186285 1.0 1.01292747486
266204 1.0 1.20051612055
234069 1.0 1.09951378149
147427 1.0 1.09640966272
45934 1.0 1.69760550093
259742 1.0 1.83044216688
190609 1.0 1.80442524474
294716 1.0 1.36142230416
64152 1.0 1.18515395163
189278 1.0 1.8763594964
105183 1.0 1.67540615297
332138 1.0 1.07343350258
35139 1.0 1.11643202283
25957 1.0 1.7911880028
95274 1.0 1.34090219933
343649 1.0 1.46656881326
219390 1.0 1.89635782279
308317 1.0 1.6631105171
359231 1.0 1.40275711884
319272 1.0 1.26357805602
359409 1.0 1.40162052595
79274 1.0 1.01535094349
110632 1.0 1.20716798414
28180 1.0 1.68980610828
13679 1.0 1.33237598401
273237 1.0 1.63456117581
85290 1.0 1.99384412106
327391 1.0 1.90356103652
222919 1.0 1.70268348913
100835 1.0 1.98381823105
178166 1.0 1.41069224288
238997 1.0 1.68143870858
251819 1.0 1.38396316067
198706 1.0 1.04115200914
304231 1.0 1.21096043808
139582 1.0 1.06386756762
34047 1.0 1.54760821501
212757 1.0 1.10305994489
86542 1.0 1.42722816913
153465 1.0 1.4831977461
187880 1.0 1.91640453922
261120 1.0 1.66217048697
290153 1.0 1.05475327945
38258 1.0 1.40458083696
26223 1.0 1.99254939047
7484 1.0 1.31148284008
217906 1.0 1.78323588122
48757 1.0 1.05362067597
102774 1.0 1.71094323104
33673 1.0 1.43572142352
188266 1.0 1.49537626915
257276 1.0 1.25571902194
152604 1.0 1.82731032379
344698 1.0 1.99950614716
267687 1.0 1.60777345788
293933 1.0 1.94706445293
202151 1.0 1.60465274402
150872 1.0 1.0424772173
347597 1.0 1.13753972877
315988 1.0 1.36254929992
195109 1.0 1.25791477775
113934 1.0 1.20987861558
270380 1.0 1.61399176193
272553 1.0 1.84319626857
8919 1.0 1.26547306941
199583 1.0 1.0608597554
254060 1.0 1.4563851336
309922 1.0 1.42542265452
275333 1.0 1.72671746206
339430 1.0 1.38274995164
102577 1.0 1.09764368969
66528 1.0 1.9783958185
30877 1.0 1.02677602383
113420 1.0 1.55658101836
143128 1.0 1.54716735533
181297 1.0 1.80758382761
359054 1.0 1.57518490753
106490 1.0 1.34554816747
170748 1.0 1.43745523638
271133 1.0 1.00509115882
135975 1.0 1.15161848427
339267 1.0 1.44098986526
143635 1.0 1.13780004798
245149 1.0 1.95499013338
303351 1.0 1.79309679855
287790 1.0 1.77038981535
301563 1.0 1.60829521894
67205 1.0 1.61228432434
85604 1.0 1.1510204746
11876 1.0 1.2033854913
171395 1.0 1.09894044019
306508 1.0 1.43727120104
167047 1.0 1.84013458353
259745 1.0 1.37796914955
139965 1.0 1.09457534138
242307 1.0 1.52906905859
10549 1.0 1.07782996877
210195 1.0 1.19336631058
154816 1.0 1.53150691439
120584 1.0 1.52692238069
117006 1.0 1.81483499499
285041 1.0 1.75356715086
13771 1.0 1.51125524041
341019 1.0 1.38174164815
54352 1.0 1.43282633988
64791 1.0 1.12189285208
51578 1.0 1.91618437217
359460 1.0 1.4418820977
40816 1.0 1.96106299851
190638 1.0 1.90159600952
243248 1.0 1.47341737582
108340 1.0 1.91027698599
191782 1.0 1.70196445426
172971 1.0 1.23932065357
56357 1.0 1.44306338807
101765 1.0 1.84146594739
83162 1.0 1.66369903809
266097 1.0 1.16215245669
322666 1.0 1.314774471
2810 1.0 1.63962132379
250902 1.0 1.19424501749
335782 1.0 1.47113734648
59643 1.0 1.49984659375
20951 1.0 1.17481052359
246433 1.0 1.42586361604
188322 1.0 1.13460862058
336433 1.0 1.72764048734
109766 1.0 1.02449343911
55684 1.0 1.17381351047
85866 1.0 1.42502970868
173961 1.0 1.49027169726
189950 1.0 1.16961854553
2800 1.0 1.1026792274
306103 1.0 1.24375217334
163072 1.0 1.59459298007
79714 1.0 1.84236778294
41403 1.0 1.7520599637
