282476 1.0 0.52928599312
311239 1.0 0.770345891736
358471 1.0 0.612920947431
24513 1.0 0.798553403694
332205 1.0 0.91360082394
285839 1.0 0.877389730467
176118 1.0 0.855582912783
276553 1.0 0.644363698454
72752 1.0 0.736714821217
190503 1.0 0.580965294181
65184 1.0 0.685863941242
171242 1.0 0.678623763246
73635 1.0 0.901242946883
323892 1.0 0.79288089445
46937 1.0 0.52014757198
188456 1.0 0.998524245199
25040 1.0 0.840016534658
19431 1.0 0.732177290766
356013 1.0 0.584328572514
217687 1.0 0.600270577645
58823 1.0 0.884135167494
274093 1.0 0.539994257177
71757 1.0 0.527735452659
209704 1.0 0.782527795616
65357 1.0 0.989531407334
321704 1.0 0.867454551542
99783 1.0 0.584824597068
357633 1.0 0.611915652202
267203 1.0 0.755524217428
362807 1.0 0.548053776753
104862 1.0 0.527279134866
273927 1.0 0.995116204029
28897 1.0 0.773458648065
4986 1.0 0.787490678988
339593 1.0 0.51579032848
359323 1.0 0.988618207207
311384 1.0 0.718534681158
166252 1.0 0.763110852174
38564 1.0 0.613312103073
289777 1.0 0.8996925617
97338 1.0 0.876222593804
356293 1.0 0.725094096635
243029 1.0 0.844553309111
159615 1.0 0.984748371584
150326 1.0 0.743841746644
214740 1.0 0.588996628052
12012 1.0 0.792729173237
168013 1.0 0.941737150684
71391 1.0 0.619353569151
218404 1.0 0.825741906908
306990 1.0 0.871397015898
252457 1.0 0.516508835046
43635 1.0 0.520934705193
43218 1.0 0.669322500127
187339 1.0 0.557328727896
322358 1.0 0.973503718702
269420 1.0 0.784254820066
36681 1.0 0.518771176933
155551 1.0 0.870359580327
155579 1.0 0.711582695505
248118 1.0 0.714038922221
244826 1.0 0.7834858611
33993 1.0 0.846416899639
238675 1.0 0.740435063333
252369 1.0 0.667512637363
225461 1.0 0.733583693411
165409 1.0 0.905746944504
41001 1.0 0.776509082749
188892 1.0 0.721299438649
264563 1.0 0.520116962811
12820 1.0 0.931035575482
185982 1.0 0.857721402844
4761 1.0 0.90884300981
72063 1.0 0.903677921909
277204 1.0 0.98495204781
162921 1.0 0.753726329473
157456 1.0 0.96642517159
310168 1.0 0.728408261925
324094 1.0 0.791854595406
243279 1.0 0.643290041048
136895 1.0 0.974172542496
80493 1.0 0.994803799152
100251 1.0 0.658276096678
135425 1.0 0.858388996414
323896 1.0 0.800110772258
245071 1.0 0.956632786794
359952 1.0 0.659570261863
3273 1.0 0.644408184915
40466 1.0 0.701795894177
246105 1.0 0.561659074465
297696 1.0 0.609721362509
74622 1.0 0.628607085725
148887 1.0 0.725772127579
183500 1.0 0.916858822678
101379 1.0 0.812378596921
152299 1.0 0.907380212907
70401 1.0 0.791005147276
143323 1.0 0.844306419943
176404 1.0 0.941029870159
31139 1.0 0.653824699237
104702 1.0 0.698772247248
194146 1.0 0.995079365987
138488 1.0 0.953778171901
333070 1.0 0.707641357886
51420 1.0 0.982449084672
30793 1.0 0.686074258335
246526 1.0 0.694299017061
224493 1.0 0.837174278899
95638 1.0 0.761000005857
13251 1.0 0.93413009533
167690 1.0 0.550470309425
7522 1.0 0.919642055303
230418 1.0 0.847653641824
48787 1.0 0.897664655999
45885 1.0 0.981852414784
63335 1.0 0.791491361056
311904 1.0 0.570681759499
285467 1.0 0.710652634963
141811 1.0 0.58789331739
356692 1.0 0.602474847813
316032 1.0 0.62434450177
275866 1.0 0.839684828455
43188 1.0 0.818576619237
49600 1.0 0.868887130041
94381 1.0 0.744362147432
241312 1.0 0.828562079297
20793 1.0 0.660197832038
253678 1.0 0.54937693892
157452 1.0 0.617414838923
71750 1.0 0.88293449058
29258 1.0 0.751038183692
75176 1.0 0.929849680213
34691 1.0 0.668029445508
71281 1.0 0.652895403273
204757 1.0 0.570664767369
78307 1.0 0.50004321946
190272 1.0 0.74312543514
325241 1.0 0.678627373017
214544 1.0 0.550436520005
324053 1.0 0.999804824356
153324 1.0 0.835583698682
277896 1.0 0.687235507781
24385 1.0 0.67486462705
357982 1.0 0.956778348717
214120 1.0 0.663336658835
19791 1.0 0.732382571487
124011 1.0 0.500574659317
106562 1.0 0.894023314456
119463 1.0 0.528600148038
106293 1.0 0.813394172717
332670 1.0 0.631392871225
14294 1.0 0.839477150134
337186 1.0 0.559250477271
188399 1.0 0.990805534444
48769 1.0 0.614282713667
157953 1.0 0.539906511228
329367 1.0 0.902789970762
315441 1.0 0.974567666121
199709 1.0 0.608253989826
97499 1.0 0.534354806799
266089 1.0 0.598994604961
131053 1.0 0.598439224046
212686 1.0 0.569876692796
104982 1.0 0.809934038193
251710 1.0 0.506081313786
255537 1.0 0.964033578993
198551 1.0 0.543199580895
129964 1.0 0.960164081075
229533 1.0 0.552783812014
29336 1.0 0.863540027415
124484 1.0 0.69797160218
181037 1.0 0.817461144287
66794 1.0 0.790213571402
168582 1.0 0.6482219202
277215 1.0 0.595261193839
40050 1.0 0.626556127952
134318 1.0 0.906301559829
176275 1.0 0.544183332472
322854 1.0 0.769184563986
153353 1.0 0.962122681649
40292 1.0 0.706122348302
331995 1.0 0.783277942578
263084 1.0 0.606232244488
41051 1.0 0.837665796872
35494 1.0 0.715049565027
171088 1.0 0.633856398884
113595 1.0 0.509835288375
34031 1.0 0.547737650735
363310 1.0 0.622230505798
128371 1.0 0.767027327512
115994 1.0 0.526909580659
249105 1.0 0.917716629541
191685 1.0 0.839401686121
12890 1.0 0.786815885207
210653 1.0 0.701818092039
273496 1.0 0.971441708988
136840 1.0 0.540826064137
356523 1.0 0.834171018542
279980 1.0 0.954398590856
211446 1.0 0.989886402456
88099 1.0 0.739012725446
261662 1.0 0.525148602626
21373 1.0 0.552296842139
33749 1.0 0.971681534949
189780 1.0 0.622486816307
231693 1.0 0.677955778277
136939 1.0 0.598792448059
249662 1.0 0.78997808519
142451 1.0 0.827565811026
14003 1.0 0.911018867459
204739 1.0 0.5432607315
22196 1.0 0.514093580747
61774 1.0 0.735804354622
132265 1.0 0.747555162271
113083 1.0 0.998924290818
331212 1.0 0.524717216609
124136 1.0 0.923772888589
346472 1.0 0.991277038077
166122 1.0 0.774108258579
295102 1.0 0.674155579596
293513 1.0 0.976169697144
263815 1.0 0.866230933841
292151 1.0 0.875262438074
166969 1.0 0.501778672914
242220 1.0 0.630275059364
21925 1.0 0.721421002107
266911 1.0 0.757060277735
58906 1.0 0.855840346385
275027 1.0 0.585270925916
40225 1.0 0.998370127712
67348 1.0 0.619335380985
172937 1.0 0.577426887606
364556 1.0 0.711658117082
135446 1.0 0.674806200548
315694 1.0 0.555824343202
259985 1.0 0.776885942879
138320 1.0 0.678243113209
132720 1.0 0.983703507196
360039 1.0 0.653963737519
329143 1.0 0.680889751387
174283 1.0 0.937681327239
294022 1.0 0.529668576915
131228 1.0 0.528211286448
328371 1.0 0.549717678866
30545 1.0 0.801516140637
169605 1.0 0.947991498984
157569 1.0 0.791173378182
302118 1.0 0.837758588522
179490 1.0 0.602558570642
296808 1.0 0.926879553739
190669 1.0 0.549131839414
296801 1.0 0.973310066991
200053 1.0 0.54229273395
279545 1.0 0.944343473343
206718 1.0 0.973144278232
247365 1.0 0.649092857691
47808 1.0 0.837266367288
119645 1.0 0.509398711828
262034 1.0 0.573871850635
88486 1.0 0.701587110525
70826 1.0 0.503262116056
358923 1.0 0.753674432886
212170 1.0 0.928708561864
271637 1.0 0.557525499929
16362 1.0 0.63971985673
209747 1.0 0.863611100625
328853 1.0 0.758297761195
254458 1.0 0.862479946125
265818 1.0 0.990245837166
182337 1.0 0.675542974831
14051 1.0 0.73289862321
342265 1.0 0.840991607812
228667 1.0 0.859604996125
6993 1.0 0.915901222111
240097 1.0 0.628335859272
217752 1.0 0.892933169349
5296 1.0 0.521392081168
356306 1.0 0.873191778521
254917 1.0 0.884194562954
134553 1.0 0.511355618304
146466 1.0 0.648326477692
200452 1.0 0.966494750164
4716 1.0 0.866515902135
91922 1.0 0.972108471427
255776 1.0 0.563907692773
133614 1.0 0.779762362127
285972 1.0 0.651780735936
280373 1.0 0.694014634792
191794 1.0 0.795063494674
73314 1.0 0.846648894023
183520 1.0 0.695840778024
251965 1.0 0.781440497196
272607 1.0 0.666406152201
166484 1.0 0.882806247681
178696 1.0 0.710132084644
153235 1.0 0.639059762635
130598 1.0 0.97603313986
252961 1.0 0.841972479738
263494 1.0 0.531716822705
177731 1.0 0.764490112648
228274 1.0 0.588647765959
333939 1.0 0.551156016093
342620 1.0 0.749657560755
93418 1.0 0.778859760376
117416 1.0 0.530053194646
350290 1.0 0.792534347216
242112 1.0 0.953936659788
230996 1.0 0.732524443468
147491 1.0 0.513373737939
164471 1.0 0.79893233349
299612 1.0 0.774462629166
151935 1.0 0.608510303425
43100 1.0 0.955116938177
229474 1.0 0.956951085781
238027 1.0 0.737908184713
150714 1.0 0.960650281838
55569 1.0 0.612429511973
202489 1.0 0.669981965284
109280 1.0 0.752095854559
20172 1.0 0.592697939243
305682 1.0 0.723716312376
162849 1.0 0.964974189199
323891 1.0 0.968281894257
232968 1.0 0.573830541587
293681 1.0 0.826320776103
333416 1.0 0.560085597946
117671 1.0 0.515136053473
225096 1.0 0.901666329515
261581 1.0 0.930029072383
74817 1.0 0.531389458634
231523 1.0 0.861946679073
164329 1.0 0.867476507219
352330 1.0 0.547627803932
229398 1.0 0.702413795201
149115 1.0 0.600940989683
294235 1.0 0.843250875215
123977 1.0 0.56584105057
3989 1.0 0.745277756965
201120 1.0 0.986266617044
111683 1.0 0.748508525296
330707 1.0 0.804043522822
199602 1.0 0.749298026017
366690 1.0 0.633961993336
325979 1.0 0.833068138821
363990 1.0 0.549211721017
230832 1.0 0.790679375341
22999 1.0 0.687933325629
331429 1.0 0.545220482743
58993 1.0 0.629827341195
303151 1.0 0.583524430205
232773 1.0 0.968003820754
6647 1.0 0.812765237659
120327 1.0 0.997232340519
202915 1.0 0.771114102709
179247 1.0 0.575663561857
91088 1.0 0.905443848063
341546 1.0 0.539387753116
19776 1.0 0.808437820103
320438 1.0 0.644189929993
163967 1.0 0.893761824632
147136 1.0 0.513768692783
292089 1.0 0.623664483355
61455 1.0 0.805560210484
351858 1.0 0.97672622719
26105 1.0 0.813283994374
130362 1.0 0.551406583651
318551 1.0 0.748690934442
179232 1.0 0.664939631578
324894 1.0 0.580015326899
144852 1.0 0.645426363963
327838 1.0 0.887806148272
63365 1.0 0.942147625381
12808 1.0 0.973184529274
149985 1.0 0.637932541846
212042 1.0 0.954275394437
256963 1.0 0.901051015321
336684 1.0 0.623888997797
136491 1.0 0.86259013926
327083 1.0 0.537375901092
192632 1.0 0.698454446706
138921 1.0 0.505033946097
240760 1.0 0.781493442695
74372 1.0 0.64349227278
61523 1.0 0.888044207468
115103 1.0 0.836925252396
79707 1.0 0.907029649681
134772 1.0 0.6945171856
356834 1.0 0.789951686114
272463 1.0 0.929762720191
353902 1.0 0.541132641016
268362 1.0 0.777331095317
141434 1.0 0.586007868885
69520 1.0 0.696765773824
224843 1.0 0.954555794724
77319 1.0 0.599984950178
43942 1.0 0.85819633722
183878 1.0 0.59159233063
135152 1.0 0.880252955295
128240 1.0 0.892954460125
7325 1.0 0.670730033756
76482 1.0 0.753906334613
47693 1.0 0.674004620855
338315 1.0 0.77376680427
143495 1.0 0.854671542482
278202 1.0 0.933674941909
249605 1.0 0.866761341895
332449 1.0 0.760524767182
300855 1.0 0.978015110013
33760 1.0 0.574281116228
152436 1.0 0.937434237681
192316 1.0 0.5155570497
311484 1.0 0.556721624775
20962 1.0 0.781063760995
190689 1.0 0.966799086486
288316 1.0 0.858221944927
222229 1.0 0.908921715007
257738 1.0 0.67915115651
83405 1.0 0.517491573378
207580 1.0 0.662348865563
259182 1.0 0.904018330911
174059 1.0 0.648016677209
149125 1.0 0.823332378131
81199 1.0 0.970854120983
15027 1.0 0.703338702122
215413 1.0 0.711681025031
322534 1.0 0.69665191051
120833 1.0 0.828881749331
179698 1.0 0.544678574669
204667 1.0 0.724776416008
264162 1.0 0.829638047092
48520 1.0 0.571433312054
302788 1.0 0.616362538351
4817 1.0 0.966019132454
13841 1.0 0.552482862089
321713 1.0 0.979850471721
73637 1.0 0.536151423215
199824 1.0 0.895070242074
259768 1.0 0.512363854436
16850 1.0 0.656642091163
290059 1.0 0.792915737344
262966 1.0 0.795026994688
116992 1.0 0.849911850695
332904 1.0 0.530200455057
261588 1.0 0.72520188313
227204 1.0 0.553946694983
37444 1.0 0.585778441035
216504 1.0 0.609936170749
181562 1.0 0.721867441228
229753 1.0 0.673913590665
326914 1.0 0.54371411861
252351 1.0 0.599838451126
213901 1.0 0.940858863743
38325 1.0 0.884244838579
280165 1.0 0.986903147628
167704 1.0 0.979135806022
153195 1.0 0.771125751618
206950 1.0 0.78066469759
336797 1.0 0.694910091797
266274 1.0 0.844753949477
309958 1.0 0.939481427795
140049 1.0 0.855484203522
247796 1.0 0.973569910635
163076 1.0 0.642303761647
37947 1.0 0.6759525783
362289 1.0 0.736677255235
255070 1.0 0.619811899339
309843 1.0 0.862191732863
82991 1.0 0.569312880125
167120 1.0 0.89001078205
280536 1.0 0.797858112823
131362 1.0 0.947964161397
191800 1.0 0.746348086905
213724 1.0 0.511392892042
310311 1.0 0.778507729014
125997 1.0 0.544548451787
142866 1.0 0.796796078315
105090 1.0 0.840520493222
161079 1.0 0.935761410212
207270 1.0 0.647743354983
81116 1.0 0.607466013616
169157 1.0 0.919769780757
247783 1.0 0.850497333992
53205 1.0 0.694617990819
19142 1.0 0.961498964356
205627 1.0 0.90873447836
26297 1.0 0.788277204998
12038 1.0 0.855898192263
149156 1.0 0.862389378205
254230 1.0 0.74200614334
362146 1.0 0.764113901929
137400 1.0 0.888547344336
287562 1.0 0.821273150101
154308 1.0 0.919572455738
78374 1.0 0.601061052597
265806 1.0 0.603465378212
40857 1.0 0.552335953085
294659 1.0 0.833681723242
267733 1.0 0.718672676958
273351 1.0 0.570828895454
309916 1.0 0.725825872328
117134 1.0 0.780179517087
112205 1.0 0.894743716567
273864 1.0 0.787397661465
362874 1.0 0.560859340898
61276 1.0 0.890438622724
206574 1.0 0.946650206657
176022 1.0 0.939987372353
299509 1.0 0.656470135419
47246 1.0 0.709492956697
362225 1.0 0.60674242504
103677 1.0 0.884881010527
230524 1.0 0.674118550558
171163 1.0 0.660389618606
63750 1.0 0.87623687802
293489 1.0 0.719659370447
329181 1.0 0.699010388475
362521 1.0 0.595903853466
88849 1.0 0.655954770935
127051 1.0 0.52791801907
359793 1.0 0.896875883438
106649 1.0 0.611225855136
122567 1.0 0.96521751245
98421 1.0 0.825558240161
227490 1.0 0.892069691127
250757 1.0 0.67214695937
257640 1.0 0.613983624199
133860 1.0 0.833288774654
362240 1.0 0.710040242329
274982 1.0 0.508999567299
320975 1.0 0.852066283696
255198 1.0 0.841039519087
26026 1.0 0.751999238124
52303 1.0 0.503057266947
361378 1.0 0.725101250708
133469 1.0 0.706027964809
34663 1.0 0.947077657745
325664 1.0 0.66629960984
29378 1.0 0.554435748924
106811 1.0 0.522820156577
175849 1.0 0.813858194287
310316 1.0 0.57610265685
171837 1.0 0.571049925355
240113 1.0 0.791598385085
57158 1.0 0.854756396383
342496 1.0 0.669750571924
28904 1.0 0.512815550587
335181 1.0 0.896495367563
346884 1.0 0.550464318835
19023 1.0 0.701433724549
82478 1.0 0.766319230804
214583 1.0 0.577975293848
20 1.0 0.537372069523
142590 1.0 0.876031221518
335863 1.0 0.574268517282
106543 1.0 0.799891998129
92309 1.0 0.999390103468
122296 1.0 0.538047000827
26742 1.0 0.718948385049
283496 1.0 0.892077947994
217703 1.0 0.835171525986
2989 1.0 0.539787810675
50843 1.0 0.835737111985
271117 1.0 0.602058168872
365189 1.0 0.577077714297
312430 1.0 0.536839022781
235256 1.0 0.972109904055
84283 1.0 0.680592860359
246444 1.0 0.721027241066
80123 1.0 0.636421734447
138818 1.0 0.670348676248
64882 1.0 0.970374480851
298926 1.0 0.619691120325
154403 1.0 0.672007523732
347807 1.0 0.729015330411
113622 1.0 0.844950948462
76004 1.0 0.932586329138
364990 1.0 0.864010074498
334336 1.0 0.572104987965
142605 1.0 0.725687032163
302893 1.0 0.704026768963
20290 1.0 0.619829395134
204330 1.0 0.566964149027
97536 1.0 0.75091971681
316333 1.0 0.961824316498
298796 1.0 0.862874974938
68460 1.0 0.727465559822
173004 1.0 0.656340170146
3421 1.0 0.602992350215
302066 1.0 0.847204297922
134102 1.0 0.573676323816
360398 1.0 0.93458095307
238816 1.0 0.943900745137
168920 1.0 0.856267119162
269725 1.0 0.579526972631
236568 1.0 0.627009247383
261018 1.0 0.722116153202
328035 1.0 0.616586740221
38157 1.0 0.563493072498
207870 1.0 0.931375553302
223131 1.0 0.618674128939
180046 1.0 0.617679041407
84326 1.0 0.719457461068
71294 1.0 0.608259824253
238552 1.0 0.925033372335
265723 1.0 0.687302557591
321146 1.0 0.807331451228
309629 1.0 0.881944543725
276126 1.0 0.882257397955
346365 1.0 0.910446436117
252825 1.0 0.729005334861
342198 1.0 0.664431093095
233961 1.0 0.682107522642
298776 1.0 0.709858631507
342605 1.0 0.819518498093
198998 1.0 0.952973668859
81967 1.0 0.785799389447
107183 1.0 0.875989276448
219141 1.0 0.61881560443
42365 1.0 0.543488694143
257900 1.0 0.53391276338
251083 1.0 0.572334319834
203766 1.0 0.943196046736
176740 1.0 0.82264508357
319090 1.0 0.794334307974
193908 1.0 0.526099437919
295892 1.0 0.884301677776
266976 1.0 0.877642531457
169927 1.0 0.534662937242
271346 1.0 0.583907278713
196203 1.0 0.920218860192
145103 1.0 0.716425145471
174654 1.0 0.557322788534
278767 1.0 0.712268604091
223059 1.0 0.578501402234
104095 1.0 0.755461709236
230725 1.0 0.561540353865
277053 1.0 0.988205956412
365220 1.0 0.763652774115
21421 1.0 0.839497189605
210254 1.0 0.788851731323
356747 1.0 0.556609790131
349785 1.0 0.882793251891
253433 1.0 0.741769773465
292875 1.0 0.56781532582
271629 1.0 0.735423790791
218170 1.0 0.525414910745
127262 1.0 0.601918253103
195840 1.0 0.872641889218
479 1.0 0.896179300705
320045 1.0 0.869446868153
337087 1.0 0.752874087507
326389 1.0 0.524771082196
228899 1.0 0.954997188679
288289 1.0 0.615419562582
41992 1.0 0.797601032985
94248 1.0 0.82055034609
37382 1.0 0.991304902468
319316 1.0 0.890915984595
179323 1.0 0.577162764682
92400 1.0 0.82567198512
84831 1.0 0.723783777007
73786 1.0 0.86907866892
211503 1.0 0.577499231149
328917 1.0 0.794560697503
3107 1.0 0.597826894507
135303 1.0 0.708916686933
53247 1.0 0.628668159313
191325 1.0 0.52813946011
83081 1.0 0.744663441892
300221 1.0 0.883555409479
31461 1.0 0.826300451677
201707 1.0 0.871682437512
77678 1.0 0.661849418086
187021 1.0 0.829256555564
48947 1.0 0.50667570962
2130 1.0 0.967216455101
52819 1.0 0.694023092077
21232 1.0 0.500663732707
155160 1.0 0.946814788112
74689 1.0 0.534309707218
106213 1.0 0.510370307706
95771 1.0 0.861100574156
212522 1.0 0.817816692037
215973 1.0 0.930300031062
11256 1.0 0.968565647549
195176 1.0 0.885250951473
173015 1.0 0.735996557253
361670 1.0 0.601256356921
178302 1.0 0.869762391205
261291 1.0 0.693383494153
250896 1.0 0.988405453012
17302 1.0 0.913532681636
77402 1.0 0.660241365662
243618 1.0 0.855568624819
194275 1.0 0.656558498706
275234 1.0 0.563071723199
219461 1.0 0.885815991871
18597 1.0 0.601769939354
189286 1.0 0.846899382202
38503 1.0 0.992353214935
276057 1.0 0.78655080873
341097 1.0 0.78111534047
344358 1.0 0.665418176519
284912 1.0 0.532956755701
173667 1.0 0.981091372955
290455 1.0 0.54172398056
12781 1.0 0.948572537438
177766 1.0 0.755303137231
125694 1.0 0.70506777752
123491 1.0 0.743213219044
47166 1.0 0.883772445622
271357 1.0 0.817914139212
263362 1.0 0.893120078323
169453 1.0 0.516075721681
15038 1.0 0.536100911872
12141 1.0 0.673456748417
335605 1.0 0.829688456925
321867 1.0 0.7172954882
314626 1.0 0.811419152594
281943 1.0 0.659501894519
280342 1.0 0.853490345941
169918 1.0 0.705098924308
305114 1.0 0.608239551608
68625 1.0 0.651849471929
231753 1.0 0.727588754605
236814 1.0 0.654791289244
227610 1.0 0.500433988163
197941 1.0 0.502857600468
218091 1.0 0.583502895555
81303 1.0 0.78110837805
299961 1.0 0.70957230337
285837 1.0 0.77952875593
111039 1.0 0.565508222075
41223 1.0 0.748323449514
11510 1.0 0.697353087113
345110 1.0 0.671764129526
23552 1.0 0.556691777888
161886 1.0 0.625803141838
130349 1.0 0.709200830303
76931 1.0 0.801319346174
32491 1.0 0.774727824418
343340 1.0 0.850234880681
175974 1.0 0.678055352104
115233 1.0 0.528389623339
189377 1.0 0.742960567195
318479 1.0 0.656745906696
296275 1.0 0.735967196617
82950 1.0 0.88040606345
234809 1.0 0.871847964645
152630 1.0 0.557302839762
10378 1.0 0.856306792508
106892 1.0 0.861880406098
347127 1.0 0.512836647892
240461 1.0 0.876119704753
360792 1.0 0.967004694246
230509 1.0 0.568291523547
350621 1.0 0.702517981687
293229 1.0 0.792297142091
76894 1.0 0.792904065635
268126 1.0 0.732591428157
323661 1.0 0.669453502832
227022 1.0 0.710581209756
135227 1.0 0.891519818717
33117 1.0 0.822180568345
105331 1.0 0.917233033465
340794 1.0 0.54075941935
28181 1.0 0.933352173476
178197 1.0 0.889203455648
147669 1.0 0.956615209143
6538 1.0 0.969457594245
280637 1.0 0.77248805683
89793 1.0 0.69823698461
357238 1.0 0.791652631043
49215 1.0 0.598015209021
287911 1.0 0.867816701793
145438 1.0 0.933880247489
288937 1.0 0.94338444524
208080 1.0 0.838059839585
206518 1.0 0.742156591692
3419 1.0 0.869513593276
15840 1.0 0.976931704832
270474 1.0 0.919187309245
128134 1.0 0.874453223322
340436 1.0 0.708051171206
29724 1.0 0.952789267819
205203 1.0 0.975213368634
172530 1.0 0.508980375151
354666 1.0 0.767078092732
336998 1.0 0.621072914398
77567 1.0 0.853633529062
350285 1.0 0.555030947858
192272 1.0 0.914537224722
58928 1.0 0.746262603248
300761 1.0 0.931782659216
73146 1.0 0.755031994195
364835 1.0 0.87014029818
321601 1.0 0.540820944926
235856 1.0 0.894496600387
311191 1.0 0.571525255571
1174 1.0 0.948245178001
272935 1.0 0.591374227275
32109 1.0 0.518834454505
177199 1.0 0.734677165949
233670 1.0 0.66433594109
92711 1.0 0.642741239235
31631 1.0 0.595896582815
189770 1.0 0.760676381406
1016 1.0 0.887488112777
315396 1.0 0.877959022779
71660 1.0 0.989825890228
364194 1.0 0.685367654835
284242 1.0 0.538100662842
7256 1.0 0.579894766874
89078 1.0 0.777062566522
197692 1.0 0.643299824452
122100 1.0 0.619949905098
116684 1.0 0.828114626605
225157 1.0 0.568655491898
223299 1.0 0.649547369211
94534 1.0 0.834741348805
140885 1.0 0.707731741373
252269 1.0 0.620543817138
138249 1.0 0.800356068416
234657 1.0 0.720345720855
290717 1.0 0.594871828777
154572 1.0 0.637085769238
130097 1.0 0.606147837388
170219 1.0 0.531341488727
70929 1.0 0.82983407524
114349 1.0 0.624526196612
364452 1.0 0.777848211222
366594 1.0 0.978112329458
209036 1.0 0.656692809193
332374 1.0 0.926817668297
245139 1.0 0.673830117119
229107 1.0 0.51925729744
54804 1.0 0.842604564362
77012 1.0 0.617621437627
330776 1.0 0.583309508941
173791 1.0 0.871989378037
336263 1.0 0.82033363002
21096 1.0 0.622714805442
185202 1.0 0.55588905656
1703 1.0 0.788578064765
315179 1.0 0.507555727099
314443 1.0 0.98488694666
133073 1.0 0.759585606842
292845 1.0 0.762432700836
158249 1.0 0.952679881342
217859 1.0 0.856940993673
28813 1.0 0.537141827279
136955 1.0 0.908043076854
361289 1.0 0.656229862203
166728 1.0 0.961767604215
90648 1.0 0.621383233319
181319 1.0 0.924538556438
314613 1.0 0.772913667963
115846 1.0 0.526982936784
205078 1.0 0.862807832892
36252 1.0 0.659845692101
294642 1.0 0.940531628337
360434 1.0 0.505768755643
41171 1.0 0.633922439198
247702 1.0 0.718154169492
39902 1.0 0.87499528525
59842 1.0 0.800647049526
45127 1.0 0.867785145499
359857 1.0 0.526853037918
206198 1.0 0.974134993917
204870 1.0 0.859425392043
116916 1.0 0.59748448286
364490 1.0 0.92043469367
219234 1.0 0.766790899518
24814 1.0 0.813471128007
73260 1.0 0.558230861428
29618 1.0 0.539405457465
217541 1.0 0.799798153341
364137 1.0 0.8479178207
67532 1.0 0.67193951007
135648 1.0 0.691465498524
243226 1.0 0.643640533793
215059 1.0 0.731372837228
92460 1.0 0.810648518107
110798 1.0 0.75957613193
161821 1.0 0.755353041758
236707 1.0 0.52168729962
178072 1.0 0.531251152305
199968 1.0 0.689465364833
301797 1.0 0.803003849947
101682 1.0 0.947119162502
188599 1.0 0.556257285002
90187 1.0 0.895994839316
19544 1.0 0.908816505953
179604 1.0 0.697826734697
275114 1.0 0.603916352217
267694 1.0 0.692708561157
68001 1.0 0.927980166604
93127 1.0 0.717705123072
322437 1.0 0.572835003777
245262 1.0 0.79662950307
356742 1.0 0.689055253743
157465 1.0 0.555931367963
12214 1.0 0.610452584253
102663 1.0 0.505485968666
330427 1.0 0.988283904942
321007 1.0 0.929211619213
141471 1.0 0.613820047066
254464 1.0 0.584714086498
42095 1.0 0.676133521364
21475 1.0 0.714661266294
123958 1.0 0.726565351425
87006 1.0 0.886258022413
11208 1.0 0.54739311001
167177 1.0 0.904940883101
124128 1.0 0.715778512224
55346 1.0 0.968112914615
87521 1.0 0.970972526044
38313 1.0 0.592638326548
5481 1.0 0.654918765382
335060 1.0 0.633436226399
44791 1.0 0.614298395696
280933 1.0 0.571838350671
136604 1.0 0.923783040643
192617 1.0 0.78693902462
14164 1.0 0.693122483748
252245 1.0 0.50516998403
163297 1.0 0.704283042067
338168 1.0 0.847034317344
41526 1.0 0.744161100835
119610 1.0 0.819747951565
244672 1.0 0.511064546806
43795 1.0 0.622186241919
24441 1.0 0.822521663155
263134 1.0 0.536750077154
22669 1.0 0.639092933672
255799 1.0 0.594980410516
220962 1.0 0.510985035581
278771 1.0 0.711950659927
94408 1.0 0.655539851467
351551 1.0 0.502075791852
269932 1.0 0.852377571042
232068 1.0 0.515819256506
221148 1.0 0.821081301251
23534 1.0 0.798958015453
269117 1.0 0.648446146549
42484 1.0 0.664285346526
303657 1.0 0.84436237388
45457 1.0 0.687672598124
44049 1.0 0.752811851335
352103 1.0 0.561836150503
206373 1.0 0.633489120648
361436 1.0 0.883932951609
270327 1.0 0.814129496683
7157 1.0 0.874257486877
160696 1.0 0.731827955861
25777 1.0 0.574955052337
288951 1.0 0.996460376906
175140 1.0 0.502837731394
112458 1.0 0.714607570623
295967 1.0 0.670127033233
52903 1.0 0.637006212984
48777 1.0 0.847269781473
55010 1.0 0.884346059038
340461 1.0 0.963102630756
289367 1.0 0.984678859317
131835 1.0 0.673943722782
89184 1.0 0.939049946716
249887 1.0 0.969427819791
150294 1.0 0.933486319354
289233 1.0 0.934904459829
167974 1.0 0.673989030187
58344 1.0 0.636388610881
296466 1.0 0.67700413184
265777 1.0 0.588103325564
87263 1.0 0.504491505124
312749 1.0 0.56778581186
152884 1.0 0.653474350438
26211 1.0 0.867639364082
286743 1.0 0.877593069184
270675 1.0 0.919672647374
87231 1.0 0.693021268428
351446 1.0 0.993545338583
293089 1.0 0.864688436335
257894 1.0 0.895534061293
57108 1.0 0.634770741931
276326 1.0 0.669649554544
132184 1.0 0.821445737407
329034 1.0 0.524279173961
91659 1.0 0.659990237553
240240 1.0 0.938767550888
262716 1.0 0.95082747359
219359 1.0 0.546239931618
233069 1.0 0.55921204249
315648 1.0 0.889543279497
160387 1.0 0.88970344982
258942 1.0 0.930062644169
52926 1.0 0.903985600984
287689 1.0 0.659907744146
86427 1.0 0.68701951012
297661 1.0 0.519864934573
